-1.550667152071873445e-01,4.790569493985667726e-02,1.299266468953953757e-01
-4.836968997731956321e-01,1.289097029502793701e-01,5.198792737117189366e-01
-5.647691417584769225e-01,6.128132485240680438e-01,6.708736005234866573e-01
-6.710276662717217233e-01,7.728947379512530746e-01,1.878455770503799915e-01
-1.668504599966161295e-01,7.522950910372617761e-01,1.005661748141500611e-01
3.388728000955120168e-01,7.214607582846354061e-01,-4.808029969657734437e-03
9.043956067173286595e-01,7.096780623081999639e-01,-4.675956773178589765e-02
1.435531376932123404e+00,6.784140457975827987e-01,-8.650770039736162265e-02
1.947556815932502072e+00,6.407794993252097226e-01,-1.098491085382303223e-01
2.451709779618083118e+00,5.759555858294673758e-01,-1.120887320623445010e-01
2.993458955485532424e+00,4.534450005807812989e-01,-1.019773685931855689e-01
3.494496065444803623e+00,2.900774131405603473e-01,-8.824957745482028826e-02
3.997145830508508801e+00,2.194845013407894507e-01,-7.061451921703787438e-02
4.562483869989780949e+00,1.393816822051109905e-01,-7.285710321354256502e-02
5.111407314779175870e+00,1.043128223855427361e-01,-7.374585114691301069e-02
5.632398532831864202e+00,8.360876183784671234e-02,-8.443512917134959883e-02
6.134768015155022347e+00,1.215998022886492502e-01,-8.850047147180363505e-02
6.678101197014242985e+00,1.965723898724332785e-01,-1.145836798269491974e-01
7.185178786795161976e+00,2.293557216908108654e-01,-1.150824889918276583e-01
7.712963306561827714e+00,2.292470812358880783e-01,-6.479701212783725572e-02
8.209740515804838878e+00,7.190223578724290465e-02,-1.571301214943907065e-02
8.747451438711165039e+00,-6.917925032036374711e-02,-3.287786227293704872e-02
9.270238965312431745e+00,-1.720186444430071848e-01,-4.805184304664712747e-02
9.823723336471925194e+00,-2.741823257602017394e-01,-2.692522032238135049e-02
1.036754762006860986e+01,-3.879482903899821311e-01,-2.590540153161152367e-02
1.090902434320386050e+01,-5.348868832294865205e-01,-3.731052300549200784e-02
1.143847009178864660e+01,-6.481662044278793111e-01,1.324847732257210531e-01
1.192942004013519508e+01,-7.893853190025942324e-01,3.414602370725280944e-01
1.244306598397225549e+01,-7.657664982258154396e-01,5.570022833564017839e-01
1.292311774205307806e+01,-7.031952209365956996e-01,7.039339426591912918e-01
1.337520491004967838e+01,-5.824070089893356172e-01,9.408723426397733736e-01
1.378007889578685585e+01,-4.126301328087425002e-01,1.182433624875874223e+00
1.419360768675652551e+01,-1.232764121552595155e-01,1.275079918084051966e+00
1.458781865653113741e+01,1.912191678658819172e-01,1.099095324490210634e+00
1.499297010445216038e+01,4.840434826767879284e-01,9.134553828003436626e-01
1.526041394726551736e+01,8.775004263830337159e-01,7.162007545648202411e-01
1.526772791430025045e+01,1.341378099057019213e+00,3.983073515696539113e-01
1.525909658833415961e+01,1.775604889702946387e+00,1.020747565232707765e-01
1.531414808375335568e+01,1.949294733091285314e+00,-3.985813192489153778e-01
1.534086233126594401e+01,1.931871185338177144e+00,5.761083858074157460e-01
1.540675445066401217e+01,1.994749070317318518e+00,1.079412394638548767e+00
1.557514829705831261e+01,2.271286041213246065e+00,1.466779867417702388e+00
1.553812042743503419e+01,2.401930501713127608e+00,7.737886011984522749e-01
1.569849339112093389e+01,2.411723944331597647e+00,2.475744307611185691e-01
1.586907847593884213e+01,2.510362329241900614e+00,-2.560352379853647609e-01
1.542221806613259361e+01,2.769288444933818205e+00,-3.914891787828378988e-01
1.496706924645149428e+01,2.941489351611655589e+00,-2.636555294973934593e-01
1.506659323085270330e+01,2.914038412224306374e+00,2.362756795430270007e-01
1.548981054026360482e+01,2.926035371923925155e+00,5.434541003524084868e-01
1.581044526711330178e+01,3.278325146405756119e+00,8.165378583182772987e-01
1.605533783158585592e+01,3.701180964731085599e+00,9.424845661361475058e-01
1.624016009968690355e+01,4.274962638072620891e+00,9.108591591673664833e-01
1.635436532471019433e+01,4.737473002176766812e+00,7.578177657306506276e-01
1.651033935993391566e+01,5.207633281802357850e+00,5.415906018107378150e-01
1.651865310494600081e+01,5.715003980369897540e+00,4.406224787417211686e-01
1.657418215394278604e+01,6.275302031917933121e+00,4.087821586919058725e-01
1.653025079176291712e+01,6.776958117600623943e+00,4.312537088575247868e-01
1.634624299376561751e+01,7.256297049866129889e+00,4.759828614218348797e-01
1.601669975067373386e+01,7.741118382927591135e+00,4.835690511233835531e-01
1.563862262503500311e+01,8.107394336055451234e+00,5.155220303252863179e-01
1.540521380945490471e+01,8.563138068430239613e+00,4.378462117985584268e-01
1.532398414282301147e+01,9.125335551663342315e+00,4.182577376521282586e-01
1.522317263612005966e+01,9.635499092646853114e+00,4.056848721701451499e-01
1.484485311342159264e+01,1.003444189812105769e+01,4.054076453689630100e-01
1.431196953036699426e+01,1.019240274538636370e+01,4.179136812042638094e-01
1.385670155713606100e+01,1.043195888043515218e+01,3.888170699897988136e-01
1.340256426797511935e+01,1.057700318410637763e+01,2.309552082497114134e-01
1.292493862716067099e+01,1.058532646906988361e+01,3.815516465725802275e-01
1.246913906756812729e+01,1.044178593126435395e+01,6.099495959126796096e-01
1.196641576672379870e+01,1.044594189849044064e+01,8.208582025873760735e-01
1.146142759707479186e+01,1.053033229001716542e+01,8.055358028176797802e-01
1.102648626665481935e+01,1.077889170654871975e+01,7.461302777719733825e-01
1.050076064166515089e+01,1.087529876923883343e+01,6.086792426730881500e-01
9.963283960091869673e+00,1.097362360390742531e+01,5.503929754499239380e-01
9.438060304281872703e+00,1.098533250624405255e+01,5.880571559504161883e-01
8.956876714645826354e+00,1.112227739051846065e+01,6.129969303303042238e-01
8.466337352500850955e+00,1.123172384976426486e+01,5.825096577607716819e-01
8.683017272413735554e+00,1.066642794700744723e+01,6.126442475110942532e-01
8.797383507762081223e+00,1.010484720340500076e+01,6.630070629298404628e-01
8.801251107462750412e+00,9.579966447442654243e+00,6.911173789578453075e-01
8.552581708969851704e+00,9.142066244739202929e+00,5.974619378355565669e-01
8.210027164339384953e+00,8.767668782907815483e+00,4.795060696190683869e-01
7.620601990574061624e+00,8.574109380515491097e+00,2.895779492147314560e-01
7.113829900542830487e+00,8.436684895439595877e+00,4.438365794423931171e-02
6.633949014829307878e+00,8.396326889690454820e+00,-1.170907447304129489e-01
6.082977660532300490e+00,8.508220116054308946e+00,-1.197724408976371807e-01
5.563492428113576693e+00,8.583351517267546527e+00,-6.231466640688577280e-02
5.055605724193754646e+00,8.721545216951614776e+00,-2.893952061065975523e-02
4.547892544911318780e+00,8.782294029586628525e+00,5.902076177123738443e-03
4.015536044028860552e+00,8.805297038660887310e+00,1.869543008265412143e-01
3.505645124612696950e+00,8.808035037388394883e+00,4.194540007711229923e-01
2.976985300125702505e+00,8.778823969187090626e+00,6.263977426282967276e-01
2.518466399611927198e+00,8.581670890624325310e+00,7.808178506337801750e-01
2.099779889455843040e+00,8.336254127099248734e+00,9.365637828395619868e-01
1.659558960218099788e+00,8.131470689162057397e+00,1.085449120860803474e+00
1.123945895668945427e+00,8.120621202828413487e+00,1.132168501477053502e+00
6.262914836730738566e-01,8.277717977324028809e+00,1.113909464716557940e+00
1.187378044092068513e-01,8.430924404113886439e+00,1.048918526364867709e+00
-3.455673002903946744e-01,8.553532582864260547e+00,7.942702373904444446e-01
-8.175167325736596435e-01,8.640807052707142333e+00,4.868436401391629809e-01
-1.327015271762430171e+00,8.564369851368274666e+00,3.087491636381489712e-01
-1.682899387072023245e+00,8.334824792466665855e+00,5.806234933135273613e-01
-2.030976584640758809e+00,7.973205613813894921e+00,5.741458378337135349e-01
-2.528863718457244669e+00,7.813929641324713238e+00,5.021398091273028275e-01
-2.871220784922650537e+00,7.433849804423496188e+00,5.080702951964602976e-01
-3.185949787805709033e+00,7.036876792238269118e+00,4.470679686894458715e-01
-3.397364375490092847e+00,6.569500442050927091e+00,4.686800191206704214e-01
-3.585183939909090789e+00,6.097537797468901566e+00,5.065227533072356181e-01
-3.715583900300202469e+00,5.538379305295134891e+00,5.834385196298359499e-01
-3.819395494117793888e+00,5.018646163951490990e+00,6.797694851226375734e-01
-3.971618691983102245e+00,4.479897079123311698e+00,7.075229995336146382e-01
-4.054670515230771599e+00,3.980596015222168660e+00,7.072254194536137240e-01
-4.068460879618503334e+00,3.454330246519420555e+00,6.467186370075241886e-01
-4.104836048340137822e+00,2.949231306490648130e+00,5.242393170251782308e-01
-3.976452940883326903e+00,2.455957563158800649e+00,4.160210808797188409e-01
-3.795887289663864461e+00,1.938302542739393841e+00,4.852202753986452066e-01
-3.439807648096584458e+00,1.591335903038449517e+00,5.386769596908893565e-01
-2.955226168442954826e+00,1.423593767529962362e+00,5.890410432750515790e-01
-2.411391330289187618e+00,1.369273243713424293e+00,7.788376601292652524e-01
-1.926510282357471349e+00,1.258181984368162531e+00,8.321566223230620896e-01
-1.422549041889153543e+00,1.202319096211224236e+00,8.351200027105256662e-01
-8.961538871035724663e-01,1.186067497915989977e+00,8.739272501935164694e-01
-3.432413051133520465e-01,1.111232466033654331e+00,8.593357279300407603e-01
1.603918878652029756e-01,1.091772507119123325e+00,8.380025320988536697e-01
6.890900640497092944e-01,1.008546517439811829e+00,8.185834887438986351e-01
1.214492721098169969e+00,9.145567244093412151e-01,7.779572885980230446e-01
1.734930142043004997e+00,9.071751504446669001e-01,7.596456284571218021e-01
2.252699968711274536e+00,8.232259924001518181e-01,7.136549913109286880e-01
2.765176784761262940e+00,7.787794834114110110e-01,6.876327533588213470e-01
3.312445343084087668e+00,7.535758547300794863e-01,6.756157174335616356e-01
3.838042792358312028e+00,6.915397395412294923e-01,6.660612110840310462e-01
4.386181591570607274e+00,7.165908294458201988e-01,6.722042186793917296e-01
4.915640380349380223e+00,7.023685113465636398e-01,6.626027015665255648e-01
-2.730515319497808679e+00,1.370817862476021887e+00,1.175399217435612487e+00
-3.095285090948725060e+00,1.736753519318859462e+00,1.036393230948034816e+00
-2.570868803757433430e+00,1.496899663509822398e+00,2.651167129047157234e-01
-1.846494815257302413e+00,9.760507538684021211e-01,4.183776675119799671e-01
-1.420321987471743430e+00,6.776477455348154377e-01,4.808166845851721272e-01
-9.751457870163217079e-01,3.754435013352972472e-01,4.918275373652669646e-01
