-1.388508989279809425e-01,5.740722789646697521e-02,1.011141135432665900e-01
-4.352190264369160677e-01,2.456036501489421708e-01,4.912229253948162677e-01
-3.081443474689822271e-01,7.355219427695400825e-01,6.482762043114169703e-01
-8.799263312064078968e-02,1.149280847574314812e+00,4.200238716211148748e-01
2.899627305902006125e-01,1.128911651056805354e+00,8.300475992443509532e-02
7.341837119977761006e-01,1.116486423138354223e+00,-1.652035463153624928e-01
1.263364914409591089e+00,1.133017567491765742e+00,-2.064495229886942895e-01
1.807084373168295288e+00,1.139002468926503919e+00,-1.648877233607861925e-01
2.336132767690659140e+00,1.139295875676228587e+00,-2.668032825789418139e-01
2.850207763835054031e+00,1.011662393180827291e+00,-3.115149409013917015e-01
3.354191637953996441e+00,9.682903509677412979e-01,-2.652117493272037052e-01
3.880472505367209557e+00,9.492739346743825912e-01,-2.256059424294137861e-01
4.399568008885178294e+00,8.853031545558756044e-01,-2.689404732620193084e-01
4.923431907318902567e+00,8.058337307981517927e-01,-2.526810446511594255e-01
5.427937235907885238e+00,7.427938242429225069e-01,-2.221947587044930117e-01
5.970766210798596596e+00,7.284732571787502220e-01,-2.086109634924347978e-01
6.477400480744519129e+00,6.256687194476936442e-01,-1.831369477590013839e-01
7.005979351812279710e+00,6.354512503753874109e-01,-2.239952722958514497e-01
7.544263616497723923e+00,5.529838460249663079e-01,-2.123281760125233786e-01
8.066320029505803291e+00,5.126888114913269456e-01,-1.998825229100440470e-01
8.604001962366274014e+00,4.600549180785323822e-01,-1.969467837356124740e-01
9.122935386648022060e+00,4.819050025285652739e-01,-2.226958866425295946e-01
9.643349006287378344e+00,4.650538537022312346e-01,-1.476193014407888859e-01
1.005602689129261051e+01,4.129089858921327072e-01,1.983002741578152595e-01
1.039005063267680207e+01,2.845940237022179797e-01,6.077969541038269474e-01
1.078148730218355489e+01,2.513757274496302152e-01,9.408518036318505029e-01
1.127306578215555355e+01,1.554298165912630647e-01,1.104361168492109968e+00
1.180270785243034659e+01,1.102220278802413661e-01,1.072598871735566339e+00
1.232827039348631892e+01,6.325256413112428922e-02,1.101726643739560307e+00
1.281656191521823729e+01,1.758544535234500550e-01,1.075193106291827627e+00
1.334307441221796608e+01,3.332475313881345658e-01,1.144191294834713934e+00
1.380375538864648277e+01,5.497002613879963251e-01,1.126055326946962420e+00
1.428141392125801801e+01,7.076191342969625486e-01,1.097600201099426576e+00
1.469413134778741536e+01,1.062752998054302678e+00,1.024602605635207775e+00
1.503246711686830217e+01,1.431289616800822451e+00,1.034415415148009609e+00
1.520255895019777448e+01,1.916394532686355845e+00,1.039998415674148413e+00
1.540700123520401554e+01,2.409943753152627544e+00,1.060423986512192052e+00
1.554458543556176586e+01,2.928034677466195834e+00,1.081356801659812517e+00
1.568413735342052462e+01,3.470772483775462103e+00,1.067063976356966704e+00
1.567544835940271852e+01,4.037117166135691271e+00,1.081530092987853076e+00
1.570913004373831434e+01,4.571153916936385286e+00,1.065718294101579922e+00
1.576068994811925528e+01,5.097240917675695648e+00,1.007496047325998845e+00
1.586289069537152763e+01,5.612120083303392626e+00,9.570831252317567595e-01
1.587238983671447023e+01,6.117287089629530605e+00,8.947981489174816616e-01
1.598853707006447422e+01,6.670233423694686081e+00,9.990750576847752251e-01
1.598209618279959976e+01,6.654256477860386987e+00,4.942582479270768436e-01
1.588225800397293064e+01,7.161635606259141085e+00,1.031716868375878171e+00
1.551725956012712615e+01,7.480172005273750813e+00,8.483346568103805607e-01
1.517343691598680167e+01,7.727730757443829646e+00,5.735670557274784587e-01
1.463659227593821122e+01,7.729894657746321229e+00,5.112586786365573843e-01
1.414030842594853965e+01,7.794332357870226602e+00,5.452003565619472081e-01
1.361593622330650533e+01,7.727636998443915495e+00,6.716833562757539289e-01
1.315080348220721973e+01,7.634343622593054768e+00,9.110563633052098931e-01
1.266779291615603320e+01,7.594646698520473471e+00,1.035878060010768653e+00
1.218912374609375249e+01,7.561628066887303490e+00,1.179305303118447723e+00
1.165233164537166388e+01,7.638316154293908866e+00,1.326630419338933775e+00
1.108727590098247262e+01,7.639245751295494991e+00,1.383467682557248946e+00
1.056225228401865834e+01,7.749830758616318427e+00,1.399608972116063388e+00
1.001313916536396853e+01,7.870123851392127001e+00,1.353415633195567125e+00
9.481890862472491577e+00,7.929399990543470444e+00,1.277237008165126531e+00
9.028276417970172218e+00,8.094467648741801469e+00,1.104403863535453389e+00
8.600393894094445102e+00,8.217850734304956717e+00,8.460787437175727455e-01
8.289348081009768165e+00,7.848446356539171553e+00,6.534309869231409440e-01
8.655536587641083912e+00,7.488694720953786188e+00,6.576954383463062825e-01
8.237945395801224535e+00,8.618895931259006105e+00,8.977154815419514655e-01
8.274105468686590470e+00,9.161514485346625492e+00,9.581625476918533835e-01
8.316932846304691651e+00,9.681369786562775914e+00,9.868249470581313965e-01
8.516165149110356936e+00,1.017771565267526590e+01,9.054010059239574471e-01
8.729243314126318154e+00,1.063117447391306314e+01,8.771279699011357289e-01
8.309737595837209057e+00,1.096699509529314653e+01,8.461293074679284709e-01
7.892061580808718446e+00,1.125692895592864673e+01,8.142124096165493929e-01
7.441240103804475758e+00,1.152315170143158518e+01,8.007920271157469294e-01
6.998365439563531964e+00,1.176618222520388279e+01,8.087292482323806819e-01
6.572633913319267052e+00,1.204892075131277807e+01,8.257506526795168611e-01
6.097020822441700183e+00,1.223255390080229610e+01,8.332811895877860753e-01
5.579758263965098664e+00,1.227291780265428045e+01,8.722442536719670070e-01
5.088616558645132848e+00,1.245818572613268493e+01,8.634471876634307597e-01
4.563323768848355222e+00,1.258663332429310877e+01,8.174252604772500597e-01
4.046391247086424947e+00,1.265198345444553318e+01,8.605286121624737827e-01
3.520546394714671123e+00,1.266419465743917883e+01,7.949099832094870255e-01
3.081914687649103257e+00,1.248046510528298825e+01,5.628295974140399283e-01
2.598166145970983276e+00,1.229493655926611417e+01,3.354565838150879165e-01
2.165346895173690278e+00,1.210725169651763977e+01,1.430886665077204800e-01
1.677178785893560065e+00,1.209226082939799873e+01,-1.711661917380497694e-02
1.181314026998278477e+00,1.217992040245566088e+01,-4.272806715281254886e-03
5.986933161368482859e-01,1.220473979311279855e+01,-7.908514084262602273e-02
9.083949690583177639e-02,1.225116107757715866e+01,-9.708449181686074070e-02
-4.649797054276584851e-01,1.221538560498770210e+01,-1.254976227991699833e-01
-1.002670981292282271e+00,1.220168455929798768e+01,-1.503907144312140454e-01
-1.530701669524384467e+00,1.215376431170464322e+01,-1.468965651348390355e-01
-2.039631886809317063e+00,1.202878510149437652e+01,-1.070344903351902743e-01
-2.583994903958974909e+00,1.170597395558509746e+01,-5.283614648754658000e-02
-2.915131546494722503e+00,1.131507766438704010e+01,3.716468297181341890e-02
-3.143234309590763331e+00,1.084154812775170917e+01,1.044530903680611217e-01
-3.243591636385324328e+00,1.028328720966386456e+01,1.770443635715212016e-01
-3.278364154179188361e+00,9.789783949220106862e+00,3.101222133784486967e-01
-3.145435839505465569e+00,9.373968798767290167e+00,5.567917013862870856e-01
-3.081881177087795187e+00,8.863056093898494581e+00,7.784545972284219184e-01
-3.011093285225247218e+00,8.372167697807137543e+00,8.517492168790600227e-01
-3.004072306539877779e+00,7.828867226691841985e+00,8.331515587510600618e-01
-3.086290753489277172e+00,7.300036689491065545e+00,7.309710156937356818e-01
-3.280118367763671827e+00,6.803576916140677611e+00,5.879506388018393981e-01
-3.467508165745791349e+00,6.254174304019242570e+00,6.178188203065115847e-01
-3.606522373448597385e+00,5.747299344465408133e+00,7.597026650881112397e-01
-3.823876340416715536e+00,5.235872466279951176e+00,8.629727850450469306e-01
-4.017278342970286076e+00,4.763985819601577631e+00,8.637936268638028992e-01
-4.256374995670976880e+00,4.259433847926937133e+00,8.016879233591647225e-01
-4.363946603923635870e+00,3.801112773233876752e+00,6.127395083686701938e-01
-4.296273097559175191e+00,3.280518227844854362e+00,5.195145266014014052e-01
-4.284807794784663670e+00,2.776320777750243440e+00,3.869402584608560569e-01
-3.889837095531742506e+00,2.471743913158348072e+00,2.298011615930667384e-01
-3.421446204603915131e+00,2.284328064526747859e+00,1.995883287960329711e-01
-2.987867105453330563e+00,2.047368141320658808e+00,3.670532229618786446e-01
-2.591716867943516078e+00,1.851271221760712127e+00,9.712474580474947383e-02
-2.168360364413922436e+00,1.784660885783289297e+00,-2.249712343697176653e-01
-1.704843065127848778e+00,1.618654686046803626e+00,-4.317066240237905639e-01
-1.440210458847801966e+00,1.173228292120907623e+00,-4.252500826778060627e-01
-1.149687004676819946e+00,7.728994800983708391e-01,-2.318884569141366481e-01
-8.950609543672081170e-01,7.678235400423603085e-01,2.156734321704241730e-01
1.257727486401992167e-01,7.520415421974132597e-01,9.832999323861181251e-01
6.026407417068671002e-01,8.717246768629929310e-01,1.113820158103410840e+00
1.083208425808582120e+00,1.118668874791098444e+00,1.238701792342388863e+00
1.539911427229981422e+00,1.385709480925607862e+00,1.294728843440404509e+00
1.992963152532775339e+00,1.609161154247610304e+00,1.331199672794866284e+00
2.534406131074386614e+00,1.645068562951800706e+00,1.341545059259545258e+00
3.076126783083032556e+00,1.668835677595063016e+00,1.370904779773836735e+00
3.588399149874228922e+00,1.547846651627575953e+00,1.357266051133925622e+00
4.137989868486677381e+00,1.361495348604761846e+00,1.291056687559550387e+00
4.623813943903254398e+00,1.236829487158171315e+00,1.254291946235400967e+00
5.094891267814153579e+00,1.095838893017107019e+00,1.163658845987405543e+00
5.577998750585120291e+00,1.017237594873822149e+00,1.014000040891994470e+00
6.065741280884213715e+00,9.575324814317411892e-01,8.966374432457094867e-01
6.567862433009036494e+00,8.268041177943752373e-01,7.775041343207250710e-01
7.072713214533703052e+00,7.725682894614986918e-01,7.032447934659503685e-01
7.580757209265827967e+00,6.612441776396515980e-01,5.629928227055129852e-01
8.079263776572759070e+00,6.694252145465363624e-01,4.263839574892415718e-01
8.572078253421445027e+00,5.948634516989723675e-01,3.163982935256859363e-01
9.067879549562240626e+00,7.711556008781039750e-01,3.726928290446844261e-01
5.435583678033180099e+00,8.766364505966295351e-01,5.517518676498345265e-01
4.990999108110718119e+00,9.223067169901740803e-01,3.220664688467434478e-01
2.914743671313368090e+00,8.044622044630650448e-01,1.467277136627458956e-01
2.431784104270203528e+00,7.684051050253205561e-01,3.463833623193798283e-01
1.904719977682552301e+00,8.093806414244627545e-01,4.389978917077913545e-01
1.384050389967660166e+00,9.143685460057601189e-01,4.288503276985289325e-01
8.665962994875819891e-01,1.008305594757465951e+00,4.006414656752705916e-01
