-9.479900609614230755e-02,4.597049087665908140e-03,1.215261614280617880e-01
-5.359938304719806812e-01,1.233577531149881584e-01,3.936556354903077981e-01
-8.864306686253959899e-01,3.653954503753830130e-01,6.776830949987716624e-01
-7.489240916010471150e-01,8.082227177462774081e-01,8.948479016922820106e-01
-1.844662862015498672e-01,9.512074431211942072e-01,8.684882455170781501e-01
3.602005631426231091e-01,9.239320500050641760e-01,7.551659367800773737e-01
8.635075953820207095e-01,8.799305598458070365e-01,6.184905782327284607e-01
1.353023827912088750e+00,8.003332364081510164e-01,4.389627630326683461e-01
1.785398613768755860e+00,7.486404851171069019e-01,1.832058281352623441e-01
2.267439836331358372e+00,7.925234368556752784e-01,-1.378522415586419525e-01
2.716761257905898841e+00,1.036350071306995968e+00,-3.426401410300582429e-01
3.058985830554393548e+00,1.401466193445471964e+00,-2.731240645753145180e-01
3.347263808332671342e+00,1.645902319712702733e+00,6.124322976150455011e-02
3.616612497944894145e+00,1.783309753829867894e+00,4.876150091889368543e-01
3.882049843890440943e+00,2.077737126731697526e+00,8.250244233593545529e-01
3.885790491826895732e+00,2.498086279589692982e+00,1.118708201499306609e+00
3.925314073773396473e+00,2.958737835933899607e+00,1.355873595945777277e+00
3.846638735827550448e+00,3.454323580323550580e+00,1.275383102481631115e+00
3.747105999716736413e+00,3.787417136497572390e+00,9.127203293455030675e-01
3.337606635538911348e+00,3.445389735622168548e+00,9.075328561679311123e-01
3.059030063148648004e+00,3.016721285113005635e+00,7.863827844344117857e-01
3.158624386592496336e+00,2.521875299549858784e+00,5.198889917311205755e-01
3.739655439608604137e+00,1.326502591503200046e+00,2.536473571859573783e-02
4.080935327788968614e+00,9.508132517946381590e-01,-2.558136233837051132e-01
4.517002564200754300e+00,7.635419006734849301e-01,-4.344900976924376823e-01
5.069263662615400179e+00,6.992839856263414200e-01,-3.569671161037712426e-01
5.569570887549532223e+00,6.992949372183411283e-01,-1.373343227348864104e-01
6.031855892105157047e+00,6.013718068357498669e-01,9.923810606975526361e-02
6.492095317942537136e+00,5.599862801310120375e-01,3.766787076481599161e-01
6.973931127923442830e+00,5.878663916645289200e-01,5.313926226526412000e-01
7.489308618906329151e+00,5.744132999242806958e-01,5.998375735554103416e-01
8.012370863748852656e+00,5.207613720523759371e-01,6.630912085399360834e-01
8.567248003388938216e+00,3.979478722138291014e-01,6.435206250265396166e-01
9.096414519215457517e+00,4.477661818833710838e-01,5.909663226034634897e-01
9.622361883143861760e+00,4.680480590322498857e-01,5.395491450542803102e-01
1.015545380084895122e+01,4.992585369731819545e-01,4.870469519296555805e-01
1.069387377582382115e+01,4.259058538354977275e-01,5.144986303521450477e-01
1.117481799605192805e+01,2.355941531345668305e-01,5.282833601758527564e-01
1.160459139390969341e+01,-3.143364239565166196e-02,5.980524786025219752e-01
1.213002451542213223e+01,6.593438681972266235e-02,6.508446226375407262e-01
1.266284467880259967e+01,1.518091464251535294e-01,5.328821757214584620e-01
1.315539103532048415e+01,7.647545749123541015e-02,3.720924926203633132e-01
1.363519397125014443e+01,2.437788637080961773e-01,2.098538030254618325e-01
1.410476581235854709e+01,5.500033457805991732e-01,1.565948685278723829e-01
1.459687875951673419e+01,7.968564293446565028e-01,1.253131949649567700e-01
1.486247245555597019e+01,1.233071586239009587e+00,5.171811352080227242e-02
1.512810650448583161e+01,1.680431973793766298e+00,5.481649305275435036e-03
1.548127526996271186e+01,2.034729967201242662e+00,7.909991784265607562e-02
1.568665858054162499e+01,2.510247879063308929e+00,1.991327100142297191e-01
1.575807454179377842e+01,2.842355544168235326e+00,5.712396532689618667e-01
1.597178265403321618e+01,3.298836080557061123e+00,5.834224613899094969e-01
1.590395843900485318e+01,3.816362657113126833e+00,5.116073576008876023e-01
1.597518487727927017e+01,4.385711818797455308e+00,4.978158494691299341e-01
1.623949105967641771e+01,4.899548930961231008e+00,6.967494073594858728e-01
1.643675507275363401e+01,5.433986924098064719e+00,7.420153887856669739e-01
1.649508097635647275e+01,6.038717416002744365e+00,4.596713089876895975e-01
1.643718418586497876e+01,6.564337885545401541e+00,1.625287201134919812e-01
1.627264539289807743e+01,7.006241143591790177e+00,-8.695537029438350773e-02
1.584864635247754983e+01,7.297924781849753906e+00,-1.807454870275080339e-01
1.538215962108652235e+01,7.524107477864747651e+00,-1.910825743229737916e-01
1.486264007786286889e+01,7.567698109107873883e+00,-1.868334169267956701e-01
1.430150165700574405e+01,7.553697672690908860e+00,-1.823193330131528123e-01
1.376336008400641475e+01,7.458241926055047877e+00,-1.747588184038606773e-01
1.327136577285306984e+01,7.364437159935179444e+00,-1.570000377373382827e-01
1.275374205302740549e+01,7.316451983293203121e+00,-1.490076800694961900e-01
1.224895766150373611e+01,7.230333300593436263e+00,-1.166105156069470461e-01
1.174763114560168908e+01,7.165753449123414498e+00,-1.046703130088536271e-01
1.124625499991374866e+01,7.274328707125572890e+00,-1.198259196269425425e-01
1.076145883952691307e+01,7.504732061938639731e+00,-1.268679895689624471e-01
1.033353602609128608e+01,7.805057333621027382e+00,-1.237735663210567105e-01
9.725502066508269650e+00,8.093364871890793566e+00,-1.528034425329725110e-01
9.185653052186529166e+00,8.195739398189916258e+00,-1.521270325965933812e-01
8.633728683437212226e+00,8.142199808627891500e+00,-1.601480806457519224e-01
8.096538046668237953e+00,8.136175647584810378e+00,-1.216277840131690102e-01
7.575330490513941584e+00,8.146420304867627138e+00,-1.744094490680269394e-01
7.041147621385910327e+00,8.198768076109443470e+00,-2.041149096570061272e-01
6.533580061339444356e+00,8.273689818463642709e+00,-1.675087047441887744e-01
5.994911004774724717e+00,8.290200530739600282e+00,-1.624492340509868793e-01
5.432027872236980137e+00,8.407932208242167249e+00,-1.705348607133399530e-01
4.903091405383260160e+00,8.473779968593666112e+00,-1.595297938399748428e-01
4.351774594219794956e+00,8.619320623301959472e+00,-1.460367909407266351e-01
3.814803581907805885e+00,8.738283710275606353e+00,-1.442275454954903280e-01
3.280938004570330691e+00,8.798658796689327488e+00,-1.439126331618722499e-01
2.724905285436942659e+00,8.690155639854264535e+00,-1.546427162175055547e-01
2.236406855379657443e+00,8.564512527089489069e+00,-1.438919121093125975e-01
1.654062551518360680e+00,8.406151205359458700e+00,-1.612099667848853612e-01
1.134246479002623431e+00,8.285442270258821296e+00,-1.903241353373184286e-01
6.327669153308993488e-01,8.259279038875472878e+00,-1.931869272879680188e-01
1.197677280231161240e-01,8.298898756579839997e+00,-1.846328529162362952e-01
-4.030242876932307872e-01,8.418216729674689702e+00,-1.437730207629834833e-01
-9.270062991009304643e-01,8.523202532143764998e+00,-1.258771428734438702e-01
-1.465104772171839764e+00,8.579775097336924006e+00,-6.748355207696855873e-02
-1.896705097076651025e+00,8.584779559286063844e+00,1.887602191563964305e-01
-2.327782886740963786e+00,8.559680713452168632e+00,4.812821211987430292e-01
-2.738543241288577068e+00,8.279818112042002909e+00,6.023163218279601328e-01
-2.857547186376740989e+00,7.741504174552872541e+00,4.975744990397755196e-01
-3.071216078918678427e+00,7.248187795607721640e+00,4.977747705046124405e-01
-3.239939462794835467e+00,6.762630139204357071e+00,5.518005647372735689e-01
-3.472530115316029509e+00,6.232775267232471883e+00,6.046183827065985117e-01
-3.596999117529052992e+00,5.745343762414707456e+00,6.559677375623232942e-01
-3.709640601920300096e+00,5.211027657371637645e+00,7.449757213151397828e-01
-3.854055512648330684e+00,4.679032154175803981e+00,7.479047474504686432e-01
-3.939425007917767285e+00,4.129669976257336117e+00,6.831886230897643575e-01
-3.968378049667555807e+00,3.534744039789247783e+00,5.989918446594953982e-01
-4.008733861581047719e+00,3.010782228711412767e+00,5.588352215225667052e-01
-3.875790761402617690e+00,2.524554126018563327e+00,5.680861462146137297e-01
-3.665526120212363459e+00,2.055148386070153155e+00,4.838276469535849333e-01
-3.184867570474062326e+00,1.842544474839324264e+00,3.698190564920749157e-01
-2.677253644336775373e+00,1.614662973855077732e+00,3.945708484839295926e-01
-2.213566977320604590e+00,1.448081933075330729e+00,4.804871983250190715e-01
-1.755036779199718788e+00,1.245989941963041803e+00,5.290102073611694378e-01
-1.257086459178436755e+00,1.185686781640414633e+00,5.867435557827359593e-01
-5.164043506572018466e-02,1.362146586806111115e+00,5.884766132257619464e-01
