-7.489977370057840367e-02,-1.869069186779598324e-02,3.707660093785901390e-02
-8.355586634880286800e-02,-1.011083919618795124e-02,6.780198541913262655e-02
-9.399544444742879978e-02,-3.882444687770608346e-03,9.197104107424496078e-02
-9.461413398818266374e-02,-2.997550248524064043e-03,9.955791406995392889e-02
-9.090900493661083215e-02,-6.637295224041238340e-03,9.451715246609451726e-02
-8.900632897582361203e-02,-1.129350340940744359e-02,8.789018129530742907e-02
-8.714986690563011895e-02,-1.262802767066254807e-02,8.627654326569102194e-02
-8.637570764645113863e-02,-1.369794028044625349e-02,1.017946570974365139e-01
-8.802896017793523931e-02,-1.937831335375575503e-02,1.098008882911823553e-01
-9.130396821191383294e-02,-1.848666657775920041e-02,1.136800507757909084e-01
-9.073041817784754937e-02,-1.396446214863419216e-02,1.125488313664707585e-01
-8.896648815921108511e-02,-1.574868601294291195e-02,1.113942208881737034e-01
-9.170597224624672805e-02,-1.585104209596804176e-02,1.093473315694999393e-01
-9.236678468332146230e-02,-1.443723517026881779e-02,1.218049109736223379e-01
-9.293142865550244047e-02,-1.254190143237095961e-02,1.292112572870749154e-01
-8.961570604973781440e-02,-1.940956051988083214e-02,1.328872588401172339e-01
-9.380877198552638185e-02,-1.868400761767189180e-02,1.287206822706948028e-01
-8.953350791074805859e-02,-1.542506726254133306e-02,1.275647997018237723e-01
-8.784142240102195409e-02,-1.706338960197723714e-02,1.273035456085509776e-01
-9.159652845247515107e-02,-1.571856009556075323e-02,1.421360085460037226e-01
-9.741494365880087880e-02,-1.595732008382893738e-02,1.510308589702551441e-01
-1.020297789654492082e-01,-1.409701670535594940e-02,1.400299155652533212e-01
-9.289571266110735470e-02,-2.099549348604328597e-02,1.391520354166904949e-01
-9.091593154948818256e-02,-1.501263809146737710e-02,1.449814581019200632e-01
-9.076895689851924298e-02,-1.238013406174734432e-02,1.585306181148145588e-01
-8.847475488555101020e-02,-1.006650871077082940e-02,1.599098350083146269e-01
-9.884499204374268266e-02,-1.624528533220098020e-02,1.558167224832382458e-01
-9.979880748391400935e-02,-1.606099049836291759e-02,1.583809048630448191e-01
-9.689267411292148968e-02,-1.908610855766247616e-02,1.592179038059829965e-01
-9.523392815910311504e-02,-1.903861779219856443e-02,1.560872838175275112e-01
-9.779046838459749813e-02,-1.702551228069258682e-02,1.635367077618067877e-01
-9.754248102545495791e-02,-1.554808269075676729e-02,1.651908294998091498e-01
-9.708914691463739477e-02,-1.602415546204654512e-02,1.678496480622866938e-01
-9.806647234575158190e-02,-1.387165872334677509e-02,1.692019642963034920e-01
-9.722414849791993774e-02,-1.723175879400079893e-02,1.683027378151160103e-01
-9.981408395418826796e-02,-1.884390405128078330e-02,1.754382240727077324e-01
-1.010993062274247317e-01,-1.838910870026236669e-02,1.778992901250179559e-01
-1.005287670439252573e-01,-1.905458786096591098e-02,1.771614637617082710e-01
-9.991282404829185393e-02,-1.495181128944349930e-02,1.889690318420264858e-01
-1.027060317784693477e-01,-1.517912464658550953e-02,1.868776295556722478e-01
-1.072082531656707582e-01,-2.302024355313353129e-02,1.829813106627769526e-01
-1.085411441592635390e-01,-2.204448410925330393e-02,1.900211795014268845e-01
-1.059705630553730848e-01,-1.889776826375614768e-02,1.937470245324961204e-01
-1.024714779000740067e-01,-1.747845463738742847e-02,1.976468866866639973e-01
-1.031408664128271591e-01,-2.166773865250025063e-02,1.988290653238700689e-01
-1.088534940896031811e-01,-2.061007749263419828e-02,1.935185874777730908e-01
-1.118366583357722488e-01,-3.011686800722886831e-02,1.924827681239956179e-01
-1.134042486162939456e-01,-3.563800780301988602e-02,1.961651217167600936e-01
-1.086642161931772321e-01,-3.519280583671410834e-02,2.033264194063385544e-01
-1.151016004914488938e-01,-3.596810650922716013e-02,2.036512080219020360e-01
-1.077040947516095526e-01,-3.886378546820788704e-02,2.082123059204023519e-01
-1.075151581176416182e-01,-4.271922198087914346e-02,2.128230209490851454e-01
-1.110464075873749956e-01,-4.775450043375516207e-02,2.083055772130138206e-01
-1.149220667421920750e-01,-5.175041476298050669e-02,2.056777939639424790e-01
-1.106639593627358475e-01,-4.466463932120215419e-02,2.052364232149641032e-01
-1.057483348466534273e-01,-4.002308674933292842e-02,2.081354905485295892e-01
-1.070295416440696368e-01,-4.420434213953651492e-02,2.127023095566867306e-01
-1.136010248471027856e-01,-5.351218701772555986e-02,2.152188651820908238e-01
-1.161413956691659255e-01,-4.991595426323088003e-02,2.105235970780197641e-01
-1.176505530644484654e-01,-5.086782472738922423e-02,2.160739715664381499e-01
-1.368444482146628505e-01,-7.534509629864916125e-02,2.224656985182238700e-01
-1.164576000342422979e-01,-5.531900943657405006e-02,2.198825327178759448e-01
-1.046193963513037811e-01,-5.242811110083985676e-02,2.326348921646984591e-01
-1.000538390304213654e-01,-4.213502764253407307e-02,2.255296814880756728e-01
-1.055401670057693059e-01,-4.066055362679024676e-02,2.198028301925464556e-01
-1.151501872171559748e-01,-4.375084042280082131e-02,2.184368475261624920e-01
-1.134266528379649086e-01,-4.662324835582759563e-02,2.217560975582312799e-01
-1.119784623259783285e-01,-4.207124585893805974e-02,2.270766162905366037e-01
-1.140127409572754685e-01,-3.549714721384533700e-02,2.215318800548834732e-01
-1.147995838480736219e-01,-3.577950931852409006e-02,2.173086039127782865e-01
-1.142115187311272539e-01,-3.994485266552077335e-02,2.186421791585694829e-01
-1.166139587828608215e-01,-3.973703154983718178e-02,2.163423570088887915e-01
-1.183099323044838058e-01,-3.944503759785894514e-02,2.105093001925229523e-01
-1.116656635436315548e-01,-4.656411226530718372e-02,2.200803862306209557e-01
-1.120819109468677022e-01,-5.138622183894628326e-02,2.235831542446053977e-01
-1.129748355168446045e-01,-5.365814921133745669e-02,2.215430055524726938e-01
-1.139213121301384940e-01,-5.318996256150394786e-02,2.313419862340405364e-01
-1.119308512622761431e-01,-4.823749297549477510e-02,2.316571148810860348e-01
-1.105918637046589825e-01,-3.994266721147025911e-02,2.303347643609926776e-01
-1.133839511363219366e-01,-4.259249858974178959e-02,2.258809688808253724e-01
-1.137995735419850829e-01,-4.333199796242968860e-02,2.278931143838580642e-01
-1.076045096115078176e-01,-4.247784170672368187e-02,2.290149518580137933e-01
-1.036514379991002599e-01,-3.026952722884330982e-02,2.267556527872704730e-01
-1.013453636707546124e-01,-3.075778623062063594e-02,2.272244235863087325e-01
-1.061845697651483122e-01,-4.305389213694192641e-02,2.298557425566570278e-01
-1.112148986211399238e-01,-5.591794875970979017e-02,2.295464906946948491e-01
-1.184721437674915445e-01,-6.231278927068369111e-02,2.296848553414956862e-01
-1.202561458645090842e-01,-6.369718246170924525e-02,2.276436722572753313e-01
-1.169559047663271262e-01,-5.884808131517437618e-02,2.284455496277216779e-01
-1.164927610725235152e-01,-5.418030853989323770e-02,2.296039571388930889e-01
-1.142425419166651912e-01,-4.768813988140201132e-02,2.261647076705214643e-01
-1.151667001876559571e-01,-4.798601585723430429e-02,2.251798074569516528e-01
-1.201709272453740651e-01,-5.047952702161039029e-02,2.247303333018450533e-01
-1.239163745890312363e-01,-4.700289677568407487e-02,2.242558079738184995e-01
-1.256547422234671474e-01,-4.703105931065304501e-02,2.226897454188467296e-01
-1.219133818771075128e-01,-4.800008783253551653e-02,2.237753719076014114e-01
-1.210173034546714321e-01,-4.878233864439975032e-02,2.232306913540142712e-01
-1.171688094952117176e-01,-4.632448739903285290e-02,2.215953353869170306e-01
-1.124519411603287916e-01,-4.938009638091695602e-02,2.219790054396803547e-01
-1.140068838879872148e-01,-5.215729962849328244e-02,2.207546205610651513e-01
-1.249405300455284917e-01,-5.590075951329695481e-02,2.292341485043749849e-01
-1.299161124596127648e-01,-5.358039197382831464e-02,2.312924609775359741e-01
-1.214251315781332274e-01,-5.227314718218709771e-02,2.378113519680853660e-01
-1.163589360698352587e-01,-5.817124410996890593e-02,2.341081712654131952e-01
-1.153781258763268702e-01,-5.606176513168763947e-02,2.326127180364333524e-01
-1.227077703652820900e-01,-5.494829515386964042e-02,2.324373249063373947e-01
-1.227817712025277147e-01,-5.287960659193304686e-02,2.293494707223796558e-01
-1.114625577159323311e-01,-4.456535194195425376e-02,2.242078637220679682e-01
-1.119741527782972396e-01,-3.478850681756989749e-02,2.109949883069840437e-01
-1.056761894797202672e-01,-2.504530044313495879e-02,2.249668473089352361e-01
-7.455614906270605080e-02,-1.538308360013828160e-02,2.571485977180939519e-01
-7.933383034049358573e-02,2.690777102874811200e-03,2.095962280159575641e-01
-9.398081512636698165e-02,1.116341559523981869e-02,1.970214057528736074e-01
-7.841257869090387245e-02,1.501684024047117427e-02,1.938342839974916409e-01
-5.122051987737728102e-02,6.662928476265442268e-04,2.701916010385814193e-01
-1.576317045167899278e-02,-5.559629978057296223e-02,4.047840137201203503e-01
1.713148738673039850e-02,-9.342241509939266941e-02,4.922875923706718782e-01
3.874765295781047725e-02,-9.439859720428664391e-02,5.264777225003786087e-01
9.565618865445167651e-02,-8.099176319858482354e-02,5.736235863061115436e-01
1.244583691722905006e-01,-7.437335930835355102e-02,5.926463833516948387e-01
1.306709068704444143e-01,-8.880760764549489039e-02,6.173687296004309877e-01
1.543483972903603174e-01,-8.372855054192741842e-02,6.344742045688115395e-01
2.027644740041457116e-01,-7.240253998472945263e-02,6.384505819602751542e-01
2.665111204732705796e-01,-5.565301129135324931e-02,6.453003050251032713e-01
3.373850817953962800e-01,-3.001112671189340789e-02,6.382890067212102503e-01
4.124141803870156053e-01,2.308241914676463502e-02,5.988184535741692960e-01
4.626382675224564034e-01,5.587861770537917716e-02,5.736177960672471654e-01
4.804406380084059736e-01,2.494214281720093934e-02,6.281191000747533559e-01
4.918961192937830740e-01,-2.300487062228805460e-02,6.720521980825083785e-01
5.374470111227219737e-01,-2.973387256010190383e-02,6.921985896338993527e-01
6.140221810354168364e-01,2.996262257821434918e-02,6.842432530214400677e-01
6.573703035573065234e-01,1.187544247703497535e-01,6.669835899078794261e-01
6.822247032388430998e-01,2.209292689126895470e-01,6.547328495895186062e-01
6.885384101379482535e-01,3.077456128813080283e-01,6.531823143682288224e-01
6.887719851561058260e-01,3.749842704162097973e-01,6.432666542822477185e-01
7.140265776075481741e-01,4.445055816735696830e-01,6.634911101000275924e-01
7.230865174733775991e-01,5.191033782941718577e-01,7.002371201851750326e-01
7.434026438389331748e-01,5.883467630442043017e-01,7.514183453346520158e-01
7.801355234909601588e-01,6.456042012667914110e-01,8.119756963992988963e-01
8.141012797762111619e-01,6.963532761882568201e-01,8.684737608190938873e-01
8.324367621190639221e-01,7.387738545325425177e-01,8.900482647070975251e-01
8.840803941959884948e-01,7.721079582892401705e-01,9.018626330046878303e-01
9.486787347876641796e-01,8.132380288434810645e-01,9.109870477971290237e-01
9.959647154433938221e-01,8.752026473111755855e-01,9.110012176694813890e-01
1.039417057362629793e+00,9.373699369973378381e-01,9.083015008478724228e-01
1.077500119224618302e+00,9.775456442883360131e-01,8.628537425368864033e-01
1.117052073514249955e+00,1.029141483842180849e+00,7.802309683777086668e-01
1.164642164321140871e+00,1.101007046656985899e+00,7.387487642001895338e-01
1.205767923920857854e+00,1.187186291063183630e+00,7.412050907556214652e-01
1.248892478174901344e+00,1.247372872075409811e+00,7.500725955718309246e-01
1.287175534974938973e+00,1.299765054969974187e+00,7.720805763298680402e-01
1.322998109667694155e+00,1.348776095421640564e+00,7.950839646489306078e-01
1.358606662088453154e+00,1.417387478612375684e+00,7.625217625961343559e-01
1.387495942560377449e+00,1.510897566898906863e+00,6.914074120222587494e-01
1.434921139539509172e+00,1.596305703478392513e+00,6.365122267498184438e-01
1.482986906047724984e+00,1.679847258291658374e+00,6.208555271189077907e-01
1.533011397996997260e+00,1.764302560951033438e+00,6.225268287800661549e-01
1.578193592876467655e+00,1.838907352644240767e+00,6.021364457764197820e-01
1.630414699006903945e+00,1.848431429578166751e+00,5.750360655119726161e-01
1.715596641186716731e+00,1.869067339261362592e+00,5.807284052748593606e-01
1.765388100916069014e+00,1.908088184407422450e+00,6.040787504947534581e-01
1.798799475888019916e+00,1.967130858986182895e+00,6.052644710907109094e-01
1.810534006853860234e+00,2.043210121298983495e+00,5.825990522790606141e-01
1.851766767493609578e+00,2.109992078965006179e+00,5.454712234845597862e-01
1.890535868000906339e+00,2.188792202380569041e+00,5.249057294657415440e-01
1.928811776704629777e+00,2.256864009617658873e+00,5.057567789969784622e-01
1.962319469967299446e+00,2.321916014258195382e+00,4.911147785592111514e-01
1.983764950634474111e+00,2.400912084828299431e+00,4.588357109290017166e-01
2.012316662525425848e+00,2.517583300275469949e+00,4.255312851661275930e-01
2.060761700659820228e+00,2.627160689643551983e+00,4.380463697244785237e-01
2.106991798292680240e+00,2.727063500192688839e+00,4.936264580039674277e-01
2.127330350061415132e+00,2.819266160526577192e+00,5.187245311579155027e-01
2.149599997094091108e+00,2.878663085126362819e+00,5.135738741338852220e-01
2.194444382510256641e+00,2.914758228140995833e+00,5.010006488578669925e-01
2.211925142640163156e+00,2.987260671776633458e+00,4.928484909111952028e-01
2.193020868136439816e+00,3.089667221691418497e+00,4.677291001524837011e-01
2.191745907261637427e+00,3.175222082132648449e+00,5.084458638012492315e-01
2.201599428610477194e+00,3.232048364702927667e+00,5.298614336156756144e-01
2.213802495724990216e+00,3.272220306867845707e+00,5.032983578398485536e-01
2.231590325451397572e+00,3.319522580329168360e+00,4.578459121256865383e-01
2.234172838665762217e+00,3.407273319156675306e+00,3.984579168342202715e-01
2.247711375177687376e+00,3.521929638169142063e+00,3.731441651521652525e-01
2.261095393983004520e+00,3.664852624576922846e+00,4.465586182911736035e-01
2.277286802341051075e+00,3.808914631170291720e+00,5.400799875601719480e-01
2.294577839227936344e+00,3.935687341836791475e+00,6.013375958657024567e-01
2.306316259266614654e+00,4.019511517323622662e+00,5.991445355149821461e-01
2.348262945459692386e+00,4.065518695601031851e+00,5.579283641074229694e-01
2.369516693009483532e+00,4.126110786326465885e+00,4.821874220446486503e-01
2.364829000858638786e+00,4.196124651495003910e+00,4.030154631189259984e-01
2.342193223484511755e+00,4.272755022277245018e+00,3.287937383787702950e-01
2.313761296835917580e+00,4.354647733573990820e+00,3.018641895713194967e-01
2.301416795799081427e+00,4.440138799093681143e+00,3.645448469677152747e-01
2.301745308964067149e+00,4.521700836059057593e+00,4.444493838758318272e-01
2.305375687500231141e+00,4.599742247160860664e+00,4.807168973025615077e-01
2.259970944525657277e+00,4.701494813876458068e+00,4.587674530970495823e-01
2.227872996051837973e+00,4.785985283414144753e+00,4.285620336504925021e-01
2.204729057013709248e+00,4.856588401487988094e+00,4.508487444713130676e-01
2.222443537210817777e+00,4.946600158025168170e+00,6.137171720178292711e-01
2.246183100351525130e+00,5.012537594924697082e+00,7.115436323381479911e-01
2.252688615067681255e+00,5.082187270693330206e+00,7.035241949943873419e-01
2.280591975249211423e+00,5.130792202238120048e+00,6.457288867977376556e-01
2.304292700508305813e+00,5.167395033352215172e+00,5.607320828843763705e-01
2.300646654812825709e+00,5.228693003104240233e+00,4.741356837709190253e-01
2.267894959756337592e+00,5.305544878552279187e+00,4.050576372816712678e-01
2.270066920804102217e+00,5.362296824031596465e+00,4.489350492024088979e-01
2.254444941658893420e+00,5.442823868001110732e+00,5.384678535142514155e-01
2.231452919312973293e+00,5.521393949843917959e+00,6.224566876431026907e-01
2.216158576132105651e+00,5.585552653483954799e+00,6.368409525319833620e-01
2.183031863317303589e+00,5.657414206443610816e+00,6.053722393334077800e-01
2.117711784622364757e+00,5.746267424815640901e+00,6.061847641773697726e-01
2.030857714697315242e+00,5.847414797298045919e+00,5.864771709357869955e-01
1.987148027979542597e+00,5.936818745110678641e+00,5.863413717424246219e-01
2.003434376047768417e+00,5.991011683022424705e+00,6.353898621611407949e-01
2.028972729675247777e+00,6.029924011118841243e+00,6.457002910820193176e-01
2.040029882377686121e+00,6.058450177290728433e+00,6.302451740123843349e-01
2.037535017355204037e+00,6.098413863136094903e+00,5.883885036054092854e-01
2.003655463779478563e+00,6.152840762989411516e+00,5.264402793741032038e-01
1.971063515156810109e+00,6.202380971574057433e+00,4.644890699013476398e-01
1.919425330373998762e+00,6.253808070049007739e+00,4.141633933234871168e-01
1.880285873606337255e+00,6.291983949474083460e+00,3.801951329757573550e-01
1.824618562354961782e+00,6.355441288954290613e+00,4.163292855897087197e-01
1.815678299804640572e+00,6.393079482877157993e+00,4.537503008761291090e-01
1.762052407635345874e+00,6.441064566930339019e+00,4.981084926853562855e-01
1.704119628469382253e+00,6.490378174658121502e+00,4.660259271034757345e-01
1.633885054442411500e+00,6.565785262260841471e+00,4.500030047708757364e-01
1.574934895927706080e+00,6.658125217197510715e+00,5.568167966518339229e-01
1.519533362543417976e+00,6.729187408883581689e+00,6.130616547925190618e-01
1.482187011949052780e+00,6.783529818023399827e+00,6.181083014658326213e-01
1.450370527922012487e+00,6.832148311399985907e+00,5.866709894421442417e-01
1.482820111122523654e+00,6.847719775308043211e+00,5.081233295294043106e-01
1.483583720733901989e+00,6.868500506604455325e+00,4.292769690236529767e-01
1.444170366792719484e+00,6.895999225462683846e+00,3.743277488186377289e-01
1.351669405218712372e+00,6.938844771260576749e+00,4.103964505754426062e-01
1.277123177383029162e+00,6.990808254625812346e+00,4.232759101487038600e-01
1.261763615113090209e+00,7.033298821169577053e+00,5.322639268182285388e-01
1.213458826239079968e+00,7.068680448072139910e+00,5.394899768883050228e-01
1.170856208218223227e+00,7.085562677323549607e+00,4.506140126227449194e-01
1.097950002778645517e+00,7.115019844031091445e+00,4.083748642699662756e-01
1.008202371016899246e+00,7.154690162886947924e+00,3.966485758176559462e-01
9.471668072498309332e-01,7.197317855656225838e+00,3.864164224323283769e-01
8.844991680769539455e-01,7.260296497526995019e+00,4.953327044448045391e-01
8.377394517070425595e-01,7.316564552728939574e+00,5.878260949371962862e-01
7.612993710773573452e-01,7.373151647531523523e+00,6.244002201911302841e-01
6.942737066329460749e-01,7.422893676123406337e+00,5.818759989911814756e-01
6.606068589017418669e-01,7.450139976726114277e+00,5.196610039406122095e-01
6.246315807135427445e-01,7.469545660087500316e+00,4.408224389690025280e-01
5.686869665532077178e-01,7.492369168365074827e+00,3.806262744692881506e-01
4.955752853803091496e-01,7.519578789242379102e+00,4.111962107625052876e-01
4.327782021385890854e-01,7.547678898368412881e+00,4.543953938244555957e-01
3.905374115613637898e-01,7.561304241503838064e+00,4.661873470997831559e-01
3.408884344143544021e-01,7.569633843195518352e+00,5.029213725633600029e-01
2.951910878902592739e-01,7.588219619031938201e+00,5.425804844053898623e-01
2.187875089954336161e-01,7.615869027346552578e+00,5.247901432137368483e-01
1.167403420119462187e-01,7.644686630958544171e+00,5.226664018782072318e-01
1.370278059055322212e-02,7.676878694347690768e+00,5.211295886018514345e-01
-5.962072551269052140e-02,7.695373734070460436e+00,4.636962599400211160e-01
-1.224611457909659806e-01,7.720633392572264775e+00,4.043851597168208190e-01
-1.847846725361505793e-01,7.752829340667189761e+00,4.166259198213125847e-01
-2.230683956470687346e-01,7.784609505423970788e+00,4.071029535698099111e-01
-2.591125053687202695e-01,7.811607565552325383e+00,3.524816672280675633e-01
-3.272329136555683915e-01,7.826230710110186450e+00,3.750705505056131095e-01
-3.859580079429554833e-01,7.824356882271423785e+00,3.548501772842782009e-01
-4.428978562951301212e-01,7.800675869888599401e+00,3.483266473033856392e-01
-5.264709880207674164e-01,7.776860503243827161e+00,4.161564289211391876e-01
-5.880936750808604119e-01,7.754428525913339421e+00,4.538819718881192400e-01
-6.300145149339601014e-01,7.751959476697651397e+00,4.937251147633305304e-01
-7.046192929952953543e-01,7.742881221099828792e+00,5.200038689541643944e-01
-8.422500596102705517e-01,7.725311404489213274e+00,4.932180551100383559e-01
-9.766472443245337587e-01,7.687027011517213460e+00,4.526934938114537399e-01
-1.047942987206443410e+00,7.641678824907442547e+00,4.109458714578596017e-01
-1.097164650187997470e+00,7.610223973229665262e+00,4.160260001232659044e-01
-1.162696439751957245e+00,7.592193200620275029e+00,4.428919017345836484e-01
-1.183057388478767846e+00,7.587847343792473609e+00,4.496790520985745609e-01
-1.205771974647744216e+00,7.581468634263893946e+00,4.940783175130761262e-01
-1.256133040941847190e+00,7.550401227650531233e+00,4.679374280036593947e-01
-1.328577615264102674e+00,7.508727570805696416e+00,4.317287926526625630e-01
-1.384220797007652326e+00,7.458025349714894503e+00,3.914579210198754211e-01
-1.458597884851563053e+00,7.398266433451490265e+00,3.837230818975652658e-01
-1.513933089349326799e+00,7.329600565543845647e+00,3.816972320970116184e-01
-1.542709395110192894e+00,7.270057980887198568e+00,4.077491875822355505e-01
-1.572301363693731524e+00,7.217139207724410532e+00,4.481749498988817915e-01
-1.616641667872062982e+00,7.156356078061190118e+00,4.364503232478366135e-01
-1.678813033586556092e+00,7.092794289275135000e+00,4.230646663828762644e-01
-1.760264763394234988e+00,7.042383649870321172e+00,3.799651484924636002e-01
-1.845272404244547637e+00,6.997149466069419788e+00,3.694403592609959985e-01
-1.902550435365648607e+00,6.954784016440035188e+00,3.926458496882133109e-01
-1.950256613019072160e+00,6.910631826766104879e+00,4.109304606555389539e-01
-1.955447038839700280e+00,6.866804766838883189e+00,4.514706922099673836e-01
-1.980628199550239277e+00,6.814781217972613270e+00,4.326449213136955296e-01
-2.023528647991132967e+00,6.750522738701748793e+00,3.965697844025180552e-01
-2.072317401823044136e+00,6.686121137644842172e+00,3.968953555314861381e-01
-2.101624350858936729e+00,6.606593190701495644e+00,3.816903584931464199e-01
-2.125667579295414278e+00,6.522082047029171825e+00,3.850268577744439535e-01
-2.157156016538637200e+00,6.432896776766183322e+00,4.133031387472522744e-01
-2.181711874510071869e+00,6.364320774248773738e+00,4.765878415284223735e-01
-2.204928729323394787e+00,6.293162635463586341e+00,4.957208233375701156e-01
-2.248342565518005376e+00,6.228442733957805011e+00,4.800802299101557535e-01
-2.299781808159035990e+00,6.166268434222788919e+00,4.593555783559162276e-01
-2.343971617269724472e+00,6.099475597436171626e+00,4.225634254827149161e-01
-2.390198240673637731e+00,6.021345273539392196e+00,4.203138408461604136e-01
-2.439533326097881538e+00,5.932798107424883227e+00,4.178524007049869704e-01
-2.454191571095774016e+00,5.844470011995742453e+00,4.335221123269430987e-01
-2.468030893913187640e+00,5.772316967944532529e+00,4.576736037886474651e-01
-2.490326902136076548e+00,5.703637057753847550e+00,4.550966471337405950e-01
-2.528914113647529049e+00,5.653192077855944575e+00,4.504689646394448577e-01
-2.560366869201811113e+00,5.588616018866417789e+00,4.464229815847745031e-01
-2.551865470212708153e+00,5.516667537233272078e+00,4.445888877521252391e-01
-2.543351021456474292e+00,5.436543900767558668e+00,4.293512376030655386e-01
-2.538772600979370075e+00,5.361083220688032114e+00,4.321044300126912208e-01
-2.540607370938728238e+00,5.291433196696169183e+00,4.575135886682908937e-01
-2.549032987434784125e+00,5.217373762006795701e+00,4.774659947567054252e-01
-2.578534171740568759e+00,5.136870829795300075e+00,4.731389603117820419e-01
-2.603222923681339118e+00,5.052711856829432691e+00,4.529101518497387624e-01
-2.614296148851158463e+00,4.972031601341557305e+00,4.295388286246609733e-01
-2.622557121940759295e+00,4.892577871770708242e+00,4.256142858764991321e-01
-2.613870837476474307e+00,4.823254189730449504e+00,4.162586749516867246e-01
-2.598417387270034240e+00,4.753096429421503899e+00,4.184216963029758207e-01
-2.584140040696090601e+00,4.679531119179351606e+00,4.257833046681553379e-01
-2.580836758596609215e+00,4.610888900369207732e+00,4.167515621871508702e-01
-2.580440249893851679e+00,4.547234650162007341e+00,4.162239380133581079e-01
-2.562136090982172654e+00,4.488557312554645407e+00,4.179568485029029890e-01
-2.556092689696680686e+00,4.423458240293989263e+00,4.278008587584772315e-01
-2.537138883692503732e+00,4.364231691604651964e+00,4.381430891168874298e-01
-2.514426780219030100e+00,4.312934061688200593e+00,4.505905598325813388e-01
-2.499805289356918259e+00,4.251868591365149719e+00,4.550246727891018583e-01
-2.499643389773453350e+00,4.170350984386010929e+00,4.492862055239939534e-01
-2.489808356257543487e+00,4.078612241818420969e+00,4.388140403779479670e-01
-2.469025490118427868e+00,3.975630889265426404e+00,4.359611111219571788e-01
-2.446131961638577934e+00,3.878649222978339584e+00,4.327354293791871309e-01
-2.440570615375063923e+00,3.795800152730184340e+00,4.273790499118824693e-01
-2.432862438949594974e+00,3.731932951837790835e+00,4.413757443258914948e-01
-2.420393259251713225e+00,3.666549095601778330e+00,4.471134803848800243e-01
-2.398152708695264756e+00,3.595998708166147306e+00,4.511881555184351078e-01
-2.353561770578932233e+00,3.519315209358835350e+00,4.528845819491410518e-01
-2.307259091427630082e+00,3.465713065938010651e+00,4.586816466098384004e-01
-2.252386107631843437e+00,3.401823041108692713e+00,4.727361263433408345e-01
-2.208563927219576506e+00,3.339242213834419548e+00,4.805997771730362023e-01
-2.162158336632823641e+00,3.274828536629558862e+00,4.890028781262208968e-01
-2.109585401330635435e+00,3.216117718780321155e+00,5.009882167087784666e-01
-2.057709428782609429e+00,3.151529051393025416e+00,5.184369526242424975e-01
-2.015988248017497320e+00,3.085589450907077591e+00,5.141575933039692625e-01
-1.974946319880592993e+00,3.014077466957466811e+00,4.917481179386694601e-01
-1.942719080598412251e+00,2.934344665601571478e+00,4.715425328762724022e-01
-1.924248362742724261e+00,2.856220129994794021e+00,4.699707438409969074e-01
-1.900875057380308375e+00,2.782966903498570233e+00,4.744586250881251965e-01
-1.864655944959073386e+00,2.723677335378458242e+00,4.682243273603508560e-01
-1.823969491467589243e+00,2.679925020798432644e+00,4.567164820450060891e-01
-1.761913750224524344e+00,2.634771511849151704e+00,4.557602727801959297e-01
-1.708721872433910161e+00,2.587173618466831471e+00,4.633634801966803884e-01
-1.649154889603998253e+00,2.537637175064476391e+00,4.692702456810477485e-01
-1.578792217191189895e+00,2.490640374916591515e+00,4.754842795826377810e-01
-1.509295780082936966e+00,2.444472184753654354e+00,4.778958174022368000e-01
-1.434717866914205775e+00,2.398494243848090512e+00,4.807643382908372010e-01
-1.360462597309050059e+00,2.366331294282906228e+00,4.668499819229776637e-01
-1.281425185645195919e+00,2.334335244303268553e+00,4.546757862904468039e-01
-1.210547268256341402e+00,2.290752553351997012e+00,4.471198311252424507e-01
-1.123084144639332038e+00,2.247234079770155546e+00,4.515064288710933238e-01
-1.041416715221712197e+00,2.202021159649104387e+00,4.680266578047918569e-01
-9.639460194691229500e-01,2.155935295547558361e+00,4.762081736517518316e-01
-9.122780637548744131e-01,2.108359735291243986e+00,4.676830457955131193e-01
-8.409240455941541237e-01,2.074662696423209329e+00,4.594020569724221459e-01
-7.559550188700147055e-01,2.058178520382486276e+00,4.436940216885233990e-01
-6.790643833328139367e-01,2.039683954191785276e+00,4.358426074781152071e-01
-5.965420616193030101e-01,2.015653350589480475e+00,4.390386561839144663e-01
-5.166160288393650823e-01,1.984913282964826831e+00,4.385735833472568790e-01
-4.319907367214260718e-01,1.956713435597100537e+00,4.532180954187710609e-01
-3.617350032948774552e-01,1.929133601231690864e+00,4.768010746715058423e-01
-2.828963065560747836e-01,1.922529839374648164e+00,4.844238396258119805e-01
-2.064259850030863708e-01,1.932073813479689761e+00,4.745592661570341431e-01
-1.258302245701274913e-01,1.937294149535834675e+00,4.690480369203537947e-01
-5.379669316464304879e-02,1.925886651139483430e+00,4.636513942326483395e-01
2.369973827905717811e-02,1.893067749463941407e+00,4.748479842874736567e-01
9.011612827089492128e-02,1.853676052605056412e+00,4.769907589063300812e-01
1.594593028135681545e-01,1.805841039352111599e+00,4.689495195009348305e-01
2.260516111806409600e-01,1.758017234853379351e+00,5.080916448194288115e-01
2.881092485375214562e-01,1.730982420072604944e+00,5.054702611322721140e-01
3.616727371293060322e-01,1.734613004754857135e+00,4.841969474924762706e-01
4.396133407507655244e-01,1.744297331377145044e+00,4.661507893383485257e-01
5.254575624463458938e-01,1.744211823000845651e+00,4.765275532822611515e-01
6.113221015101608646e-01,1.748892462932748693e+00,4.806963828711209308e-01
6.841849740323705520e-01,1.745739011944555275e+00,4.845651633824307192e-01
7.520434577011825272e-01,1.743273851824185261e+00,4.679947677678698570e-01
8.137428718842668607e-01,1.769723320420442114e+00,4.476160687879700006e-01
8.783186153721262990e-01,1.812147260710420760e+00,4.549984498645938125e-01
9.628112682553259249e-01,1.851085950456542450e+00,4.681888349679518835e-01
1.058035471398212746e+00,1.878517447323590162e+00,5.064532250760922505e-01
1.146122291613645316e+00,1.879248700220325308e+00,5.242095298176652207e-01
1.213494046954416428e+00,1.882028300375416352e+00,4.985984914859623585e-01
1.267629518119509191e+00,1.884486905706367121e+00,4.622606921779478517e-01
1.312470428294301827e+00,1.906610231670336608e+00,4.388575509742430603e-01
1.344877269657492214e+00,1.950438838692705179e+00,4.719715685242267811e-01
1.385294879617281927e+00,1.992240512608325798e+00,4.871861072380566093e-01
1.447406345689782770e+00,2.018803098929367046e+00,4.719574002329023910e-01
1.511204849445411780e+00,2.065934904340459788e+00,4.334113699023628974e-01
1.579874154870602343e+00,2.131303921255547795e+00,3.663891125388364922e-01
1.619024018662761133e+00,2.163385084673114189e+00,3.112146738543304925e-01
1.659179948633059176e+00,2.210469204334897686e+00,3.220113730052974743e-01
1.694660989549097829e+00,2.249422830338235979e+00,3.594331759803586768e-01
1.753507162992618662e+00,2.309344016202888650e+00,3.958234162582572324e-01
1.823304901051436833e+00,2.392360454216483134e+00,4.546561288292096936e-01
1.887952249679839989e+00,2.473081942382425069e+00,4.843139311673803626e-01
1.946500462351610006e+00,2.553487981080769131e+00,4.604024707527515914e-01
1.992991072098091454e+00,2.616543995198439720e+00,3.825981513538873613e-01
2.040680116149187207e+00,2.652679141597737988e+00,3.202341094941979494e-01
2.076937260270628194e+00,2.684451633944899829e+00,3.538690856233219773e-01
2.093774380524633827e+00,2.732810725070417224e+00,3.747075389262621847e-01
2.111546795765027795e+00,2.793130476620381941e+00,3.640550075470322389e-01
2.080069981575674021e+00,2.899309989538150667e+00,3.594158465711714268e-01
2.063645205669778271e+00,3.006126706630143808e+00,3.630551899798055149e-01
2.073990853958417979e+00,3.097527131163172687e+00,3.448690816820391136e-01
2.060590862477008400e+00,3.197214103564505638e+00,3.232550953650351611e-01
2.014583969404595720e+00,3.323569304724405704e+00,3.650231071410098838e-01
1.963995731251735100e+00,3.449090087141697847e+00,4.030868872451928708e-01
1.924304153249402516e+00,3.544007022992780254e+00,3.711365376904816049e-01
1.908235854864844150e+00,3.608944811667161190e+00,3.162934612732890005e-01
1.883317076250095257e+00,3.667610982016697108e+00,3.296017868262905437e-01
1.879723313778818516e+00,3.694021533553133896e+00,3.911630578874776831e-01
1.865449403841593634e+00,3.714024947366265206e+00,3.515855232458752200e-01
1.817145044177568947e+00,3.744369558515691754e+00,2.622817209808034900e-01
1.742993180349078131e+00,3.774315841968995056e+00,1.965725466756647055e-01
1.650793085229282475e+00,3.810126213426623831e+00,1.751321115153045282e-01
1.557259903855514382e+00,3.851968262399875442e+00,1.630719449930733145e-01
1.491947634248024457e+00,3.865967885468198251e+00,1.703011597469934468e-01
1.437063612433814530e+00,3.849686014875360662e+00,1.629647737349140812e-01
1.391669286339779266e+00,3.833296277254450768e+00,1.532294952621675310e-01
1.335096172434403039e+00,3.832204534337119384e+00,1.423272557580728959e-01
1.293294370908654622e+00,3.833485456928133139e+00,1.073599887561020039e-01
1.215619176172224591e+00,3.837601187225057053e+00,5.094835321390564498e-02
1.118118338163160974e+00,3.860019246211585209e+00,7.711332437253980154e-02
9.948369180372667042e-01,3.896579975861173661e+00,1.271805297472658192e-01
8.795506522245000181e-01,3.925775441436227808e+00,1.702341058443500310e-01
8.047595328772231271e-01,3.931252088539984424e+00,1.906931874629666512e-01
7.538891441695544371e-01,3.912425379425534810e+00,1.754603830645947993e-01
6.876966789640578392e-01,3.876340576896612156e+00,1.361427327853249047e-01
6.257913027286600149e-01,3.835637536206497167e+00,1.082951123096258517e-01
5.320419306704364804e-01,3.817243140932240930e+00,1.230421903177119913e-01
4.360799385721070287e-01,3.811785195810025062e+00,1.593245548406238277e-01
3.535640192583689445e-01,3.817628153883331876e+00,1.822753212925954380e-01
2.871131817958774146e-01,3.819957881270303890e+00,2.256231260895342206e-01
1.891983654089292588e-01,3.816071366309707447e+00,3.544997838782794619e-01
1.102875510385950553e-01,3.814697426219756604e+00,3.808604307344657935e-01
7.244629520705033604e-03,3.809343962482646617e+00,3.381666366961506021e-01
-1.411721884500992397e-01,3.822170178308610389e+00,3.066037685258790058e-01
-2.712143708049153945e-01,3.823849916993802278e+00,3.066246034676663457e-01
-3.818826832226493995e-01,3.823326632856898222e+00,3.255990199186293288e-01
-4.247091662730708705e-01,3.809765624426238340e+00,3.624441422410145108e-01
-4.561620197828866186e-01,3.770054953852271851e+00,3.768224340794694704e-01
-5.084056231017236582e-01,3.729358653314928329e+00,3.462514933696093644e-01
-5.274902953480090639e-01,3.692942796598701172e+00,3.046080816127071378e-01
-5.772983012085518562e-01,3.694519322363991609e+00,2.835311386157083891e-01
-6.551735364963990893e-01,3.704923675914164161e+00,2.913844448452189151e-01
-7.462948205690883574e-01,3.706849856237596885e+00,2.959862254847066554e-01
-8.664611495478614644e-01,3.707124300997500566e+00,3.252001846322791767e-01
-9.844412202893324526e-01,3.701801012080072173e+00,3.623919617544235638e-01
-1.093818444007730983e+00,3.703399523534685045e+00,3.597233618395329069e-01
-1.216861545479673845e+00,3.724555613398670140e+00,3.372861299879281183e-01
-1.324551035976806679e+00,3.783150433083357189e+00,3.431228164680901749e-01
-1.432985177718377523e+00,3.847874027147043297e+00,3.673204456468749934e-01
-1.545037435310767204e+00,3.880082441488617917e+00,3.592192062078347625e-01
-1.607721180852044407e+00,3.906936937962405931e+00,3.646279399167791091e-01
-1.668936842133243337e+00,3.921296479086868736e+00,3.846795035206110880e-01
-1.718757271545669374e+00,3.912581872272351990e+00,3.567563197565620792e-01
-1.790283184879117195e+00,3.917257022838990910e+00,3.078128497164299704e-01
-1.874179779195563222e+00,3.931260858693258253e+00,2.983065287783958075e-01
-1.983531476934760507e+00,3.956597101100797431e+00,3.110569025014433553e-01
-2.053538229738280041e+00,3.978898973746608281e+00,3.384124585158195253e-01
-2.128897230221336034e+00,4.028916041474053245e+00,3.765337664591502653e-01
-2.198302165353716919e+00,4.099390589611635605e+00,4.094123248650718416e-01
-2.399356936921619443e+00,4.241366579603578657e+00,3.812043133861344191e-01
-2.487566124266052281e+00,4.310375612297356440e+00,3.623497815646122278e-01
-2.547046222288221973e+00,4.369410503184932182e+00,3.459044970398233998e-01
-2.560231572568351321e+00,4.423549870640933079e+00,3.400778513404573156e-01
-2.535729689875426907e+00,4.479453395648018699e+00,3.538125256917621364e-01
-2.524133303145954077e+00,4.549685147680969877e+00,3.741656273589389903e-01
-2.525584744395723558e+00,4.624129728075272894e+00,3.802395393639085297e-01
-2.514761080189403586e+00,4.693285510651090675e+00,3.692364268323219956e-01
-2.518237235190335710e+00,4.756161722503881251e+00,3.417683072163135161e-01
-2.566652631299835008e+00,4.837959907105856772e+00,3.251038037736270758e-01
-2.613145618799137537e+00,4.932416962639864622e+00,3.214627491137626580e-01
-2.642282562233433385e+00,5.044311629671497599e+00,3.168953631237453328e-01
-2.644321265088430017e+00,5.158457508947723369e+00,3.113808854054553876e-01
-2.627185548113717850e+00,5.262757156175389639e+00,2.944069864658748203e-01
-2.604753355456286279e+00,5.354380849653470165e+00,3.141850003305929340e-01
-2.576236897947249194e+00,5.430149340138434866e+00,3.316925488906761754e-01
-2.589332787280698156e+00,5.472183614967113030e+00,3.275443123131364098e-01
-2.542642159196719653e+00,5.551567965674459870e+00,3.343334028622608201e-01
-2.497854197769024509e+00,5.625915581155984668e+00,3.508950295690863586e-01
-2.462272352368755080e+00,5.693490373775068392e+00,3.582249752833186474e-01
-2.430309858883897611e+00,5.771818965089314801e+00,3.802318516982166052e-01
-2.389219590329174636e+00,5.846398492518558143e+00,3.831364665815141235e-01
-2.346722455853802458e+00,5.940010381297479825e+00,3.635118498824108646e-01
-2.303602375424794957e+00,6.037329004810505495e+00,3.598474560736191208e-01
-2.252779706094151457e+00,6.136874945603421949e+00,3.697912714994853745e-01
-2.176842237259276835e+00,6.212423166184494860e+00,3.848320324471547482e-01
-2.107344783452762549e+00,6.246472507704757149e+00,3.958558593576043116e-01
-2.030541848780031522e+00,6.269293109707239964e+00,4.076525584971616989e-01
-1.955243347270396725e+00,6.293002086696109387e+00,4.406182948367337593e-01
-1.876745877801976770e+00,6.313893687542281086e+00,4.485710766036125063e-01
-1.792360734511498022e+00,6.334128708910558458e+00,4.581456977790178686e-01
-1.704830668350354683e+00,6.351263493242882419e+00,4.696013378366152291e-01
-1.622964756268302722e+00,6.369127836991562930e+00,4.806771939342469602e-01
-1.536064130425282226e+00,6.404074101670781616e+00,4.715857663585211745e-01
-1.440252330379424128e+00,6.445185446856161349e+00,4.726641895642373914e-01
-1.364952159286900280e+00,6.489904402165196373e+00,4.814342666460487696e-01
-1.303874539736363358e+00,6.516601867828622829e+00,4.703918975383658552e-01
-1.236489908846368335e+00,6.502274085650283197e+00,4.512697488530819090e-01
-1.177787132753829624e+00,6.476768182399254670e+00,4.336645686474515093e-01
-1.116246045555940869e+00,6.439576243866520500e+00,4.022168804233131612e-01
-1.065067982447024608e+00,6.396538576281635358e+00,4.063955108988567266e-01
-1.010694410049800540e+00,6.351505198420545284e+00,4.057701321851087672e-01
-9.441957865619763357e-01,6.299974054119875433e+00,3.951424576827630153e-01
-8.779646736010434660e-01,6.236239382031751433e+00,3.369211745817359827e-01
-8.024380655027456566e-01,6.162492218996289850e+00,3.049724322336529458e-01
-7.328835309142288645e-01,6.089155663447161970e+00,2.966258164024688226e-01
-6.731356654443422238e-01,6.031967510883042394e+00,2.938352455165298416e-01
-6.291651294467833777e-01,5.978657706372127123e+00,2.796519569301502695e-01
-6.093805126655266191e-01,5.916006332194243100e+00,2.573561633634693369e-01
-5.804083578399057419e-01,5.838017212860647120e+00,2.352237955326703656e-01
-5.400693663245298426e-01,5.763606076889246310e+00,2.552755480543349442e-01
-4.961305955336874352e-01,5.692602899916479942e+00,2.566796836367787327e-01
-4.518614641352747263e-01,5.616693158239938199e+00,2.089549266888839907e-01
-4.119808641695631990e-01,5.531366433510344294e+00,1.473418389786610161e-01
-3.928570056991573245e-01,5.452253449820258169e+00,9.682290540199001150e-02
-3.675205080481807607e-01,5.367193262558988209e+00,1.151400919907009934e-01
-3.253306704847425679e-01,5.274855673342218054e+00,1.613607139313812944e-01
-2.581056488037780094e-01,5.177888874623421955e+00,2.400221747808851669e-01
-9.603106194941295193e-02,4.994562842325828811e+00,2.346486657337078230e-01
-4.720469318354160448e-02,4.938518959036208855e+00,2.224558661148996475e-01
-6.242536736349686005e-03,4.888938225491628486e+00,2.035959633960297555e-01
2.940115585274563972e-02,4.852573785162123343e+00,2.109098705542750696e-01
8.869584961911441967e-02,4.814723121034518272e+00,2.360838664905111628e-01
1.504240088402918896e-01,4.771858488833354173e+00,2.672267416512159599e-01
2.055944381815138777e-01,4.728053673062451168e+00,2.778874107706916230e-01
2.610679616103042111e-01,4.656640316001812607e+00,2.726314158632541784e-01
3.286851953777293334e-01,4.559678412212679888e+00,2.527170773538865434e-01
4.014368176915186215e-01,4.449797161645397736e+00,2.412180910583154869e-01
4.669422906057485445e-01,4.346186551950234289e+00,2.675692240894023133e-01
5.634782680686344358e-01,4.268318599489294485e+00,3.218376874973718493e-01
6.686788140670439917e-01,4.242874772290191387e+00,3.569169387174671026e-01
7.536818877271802553e-01,4.282898879805452808e+00,4.036953634654956158e-01
8.274251310347630062e-01,4.334459002174169129e+00,4.110209829177711160e-01
9.061526657163196941e-01,4.389986747568228154e+00,4.138475838041597021e-01
9.918836901827736696e-01,4.428916864406009068e+00,4.170377815440195479e-01
1.078755134186226927e+00,4.452485713437910775e+00,4.321646968791846843e-01
1.162078712332993202e+00,4.457139777008634951e+00,4.432478724136473258e-01
1.253281204991035125e+00,4.456736160906828559e+00,4.595093747793079220e-01
1.346296981944728577e+00,4.451934001204993052e+00,5.048575686005114527e-01
1.429365427045889980e+00,4.453531987970094974e+00,5.182779714523803039e-01
1.511218674766366066e+00,4.468971555781216409e+00,5.261307395802297115e-01
1.591602201448345966e+00,4.502571858105298475e+00,5.345724212057153535e-01
1.658324381180706464e+00,4.530333163009645503e+00,5.538780789409906147e-01
1.701751214216832286e+00,4.575093344188397637e+00,5.871059202280496381e-01
1.726122031270365786e+00,4.627593245681293155e+00,6.054112277570712353e-01
1.746126244007801143e+00,4.682738990221023911e+00,6.017803122413009076e-01
1.769170602146292515e+00,4.759488950528815820e+00,5.985966387591855620e-01
1.798563503714997180e+00,4.863121275064798965e+00,5.950145352093374473e-01
1.848435588002980801e+00,4.951782845558177826e+00,6.053113273586037124e-01
1.908473973767920828e+00,5.005889450848531652e+00,5.866232061391450925e-01
1.961130272326947699e+00,5.023797558996676571e+00,5.193965374170020910e-01
1.984706665814093496e+00,5.026197941475507136e+00,5.036017901917460016e-01
1.995505035341702538e+00,5.036094840641803572e+00,5.222818976572262128e-01
2.020400340104033354e+00,5.072952931797479081e+00,5.222715032014582093e-01
2.048416905278688027e+00,5.116862939234220420e+00,5.556417728456406468e-01
2.084646482256863553e+00,5.166855696771438744e+00,5.881255919155435885e-01
2.100181273536946502e+00,5.218974397402556420e+00,5.761039791987641046e-01
2.074972193911790885e+00,5.268580354959198075e+00,5.282798136918922527e-01
2.073875915936284731e+00,5.319476689598184649e+00,4.840045350335661634e-01
2.092806380077351758e+00,5.363929413053018180e+00,4.602449685888739817e-01
2.121079320316994643e+00,5.396547303373326443e+00,4.420384654600981178e-01
2.164249548018076563e+00,5.438797569058760217e+00,4.319940955104961677e-01
2.211461713703177789e+00,5.489229879965661141e+00,4.544094737243516979e-01
2.249929977851287788e+00,5.534577850023431722e+00,4.643140692979603745e-01
2.268159600751499472e+00,5.592936256835576714e+00,4.501171684401730766e-01
2.262007300668992471e+00,5.642007243560199115e+00,4.157401719323690625e-01
2.237039972139697852e+00,5.708383002682749563e+00,3.965234242824060007e-01
2.206438746576438348e+00,5.766169202914346315e+00,4.114293149091805546e-01
2.135125041267451174e+00,5.883991133440316545e+00,4.629214110086020129e-01
2.096061344190991882e+00,5.990685210868742061e+00,5.050235569500756139e-01
2.058697125334490785e+00,6.091427171792717310e+00,5.134983840968313507e-01
2.054260691254670590e+00,6.159774107370182605e+00,4.534098194882437705e-01
2.062150803481888950e+00,6.199117792490766554e+00,3.570469800557882212e-01
2.067136136602647944e+00,6.217629041181882421e+00,2.939688622459772360e-01
2.046917881685333285e+00,6.241344796507135584e+00,2.782606511543020966e-01
2.017071019260822773e+00,6.269323511991294673e+00,2.834327203781890070e-01
1.965056653216993521e+00,6.319255815686630307e+00,3.168565678779801109e-01
1.900097490769779851e+00,6.376794726839614569e+00,3.533874475449511610e-01
1.826926492761366427e+00,6.439747413889530314e+00,3.083592308960485529e-01
1.773249686655153479e+00,6.493924962213560192e+00,2.979491482615267417e-01
1.728926851316818780e+00,6.548468050635317006e+00,2.856828776664122049e-01
1.666766354897497360e+00,6.613254878174816831e+00,2.407065051589014626e-01
1.626544942867784282e+00,6.674155954235456711e+00,2.152116392110966503e-01
1.585075866560224478e+00,6.750881624467418796e+00,2.511640413859281273e-01
1.514453460122728412e+00,6.835811780423386885e+00,3.026431273643399589e-01
1.504375946413978316e+00,6.875764958744737143e+00,3.332715007312060385e-01
1.483069365292830177e+00,6.889834753994307448e+00,3.369239665181530397e-01
1.432163250310275249e+00,6.889999719207556161e+00,2.884513260433147486e-01
1.404726152465520128e+00,6.867148334837670731e+00,2.299609135590395537e-01
1.351166474798259243e+00,6.848261145568696584e+00,1.701252552863213030e-01
1.277456893670943172e+00,6.837752848402300465e+00,1.372345039686767021e-01
1.216359032768895787e+00,6.828738886669393438e+00,1.391466622236307848e-01
1.140038459493373235e+00,6.821083637479957495e+00,1.476548141839660322e-01
1.057336993497818733e+00,6.814116632187002587e+00,1.578391287680989963e-01
9.673546586458384722e-01,6.799234517984924508e+00,1.407890447857212679e-01
8.802728386313536380e-01,6.782537889798144093e+00,1.322215670672379495e-01
8.167536410154010440e-01,6.759009378625640885e+00,1.442559144071691168e-01
7.450136296701725946e-01,6.734530099265110259e+00,1.554834580423368751e-01
7.235431769744506969e-01,6.685891001154516289e+00,1.901393023493379020e-01
7.166617007145661411e-01,6.620935409666884652e+00,2.341608211518325100e-01
7.048990025613567356e-01,6.552218000814872489e+00,2.391192518732093153e-01
7.077976147640501203e-01,6.468604433210015436e+00,2.472132560452779682e-01
6.906295936433174409e-01,6.383975464355497564e+00,2.656027202647475716e-01
6.807846944945699086e-01,6.279247299894036516e+00,2.726502933126494499e-01
6.715592659060946046e-01,6.184176625755272383e+00,2.898793662291496709e-01
6.443795248813427579e-01,6.093689922861188712e+00,3.155258800450002621e-01
6.141893214033994353e-01,6.008119916293721552e+00,3.324967529873978367e-01
5.805167665328919702e-01,5.933472328704037402e+00,3.457606999687609095e-01
5.365859602593849864e-01,5.864139505171673150e+00,3.545325270679239860e-01
4.626870854926977139e-01,5.794929644145033976e+00,3.437660270198791279e-01
3.815169019869060207e-01,5.724177558766246676e+00,3.488159471903106712e-01
2.932815782583969577e-01,5.651690543661843869e+00,3.681582549133631810e-01
2.668922905610696117e-01,5.572456458902992793e+00,3.976841557494250612e-01
2.506746622029158988e-01,5.485719460977252382e+00,4.713947416697664705e-01
2.722617324881494993e-01,5.384028000662644864e+00,4.592602789142139486e-01
2.975641420858465835e-01,5.273395417729574319e+00,4.254445123853621280e-01
3.387412866617839913e-01,5.156016073122021481e+00,4.123131692006389293e-01
3.589268481866917382e-01,5.044807175464133486e+00,4.044851190659872198e-01
3.485339671383269611e-01,4.937645744751702814e+00,4.389176283311662097e-01
3.120510428231898503e-01,4.837760873737522616e+00,4.708384316126690838e-01
2.637258506850574946e-01,4.745678201851136535e+00,4.823688965717687904e-01
1.879338804294749532e-01,4.658623316475110521e+00,4.755098330788846139e-01
2.748860197433381988e-02,4.507902917381633401e+00,4.947721023767314152e-01
-8.579354296938210278e-02,4.361050531267443020e+00,5.683210264925302457e-01
-8.839014386962505687e-02,4.269234053592070310e+00,5.821647829133922425e-01
-7.297121005407755656e-02,4.169071113882542257e+00,5.720607009929764564e-01
-5.205603619050578473e-02,4.061473296595927707e+00,5.492187558622270149e-01
-6.352167023040521110e-02,3.942682370508752587e+00,5.067004627797827565e-01
-7.621146831081013207e-02,3.805999421413937434e+00,4.880135812056488054e-01
-1.222236102255740142e-01,3.676559925133883411e+00,4.837329191547616314e-01
-1.707678613927993139e-01,3.589236851792450445e+00,4.989406171822761693e-01
-2.083993863095656152e-01,3.523298502540144206e+00,5.152026613518226883e-01
-2.419624714995308734e-01,3.464323291595186038e+00,5.301705676150580970e-01
-3.046444912484250200e-01,3.411346660139540354e+00,5.193237055772170763e-01
-3.815080405044631862e-01,3.356045587752186421e+00,5.174901372632634278e-01
-4.808366274220983727e-01,3.307039779951638447e+00,5.211719891455992570e-01
-5.487868035552733170e-01,3.253125848809216070e+00,5.350724290688511076e-01
-5.963101668259015442e-01,3.176571685364996789e+00,5.324942477426006793e-01
-6.240204151583114145e-01,3.091324509175658708e+00,5.160540311447966433e-01
-6.448424117213215068e-01,3.015872515358696049e+00,4.890363230393493521e-01
-6.935304872509872043e-01,2.929088667885619390e+00,4.421242651406506741e-01
-7.861065353975150716e-01,2.867458551908935949e+00,4.193998417696292447e-01
-8.422949744484059531e-01,2.802420898049449161e+00,4.407041893794306775e-01
-9.137972713890790688e-01,2.770646877265207753e+00,4.943782179348744643e-01
-9.938062291089888589e-01,2.769095017809205306e+00,5.291451851805393236e-01
-1.062980966865178623e+00,2.752576365725721619e+00,5.247251074068040033e-01
-1.130322618432142656e+00,2.722883893736432359e+00,4.742625056996553345e-01
-1.220345544867499132e+00,2.697882695101963435e+00,4.207632100286038401e-01
-1.312000133905156352e+00,2.665796173332553032e+00,3.947856262853582932e-01
-1.401765769394580641e+00,2.648046765697625204e+00,4.010260686567460042e-01
-1.455451795593698305e+00,2.637167822763962555e+00,4.438775744144560775e-01
-1.528745282516443149e+00,2.637035653475669594e+00,4.719219847495129683e-01
-1.603052893756124142e+00,2.640822831753348421e+00,4.933493509822244327e-01
-1.672456378162255453e+00,2.639298161148021737e+00,4.956718327182275119e-01
-1.729448537584940215e+00,2.617208618159122757e+00,4.792659028671557575e-01
-1.747504386526620435e+00,2.615161980527443308e+00,4.588487600229852470e-01
-1.804663307156611829e+00,2.628049170768449017e+00,4.415621173904047958e-01
-1.898744986252393296e+00,2.632514067253294954e+00,4.069416338347926487e-01
-2.020857649912633391e+00,2.668916117839823521e+00,3.976620542713029116e-01
-2.120965733714593959e+00,2.712215057686927278e+00,4.160150119486085152e-01
-2.222222650706117353e+00,2.777177112486694188e+00,4.288604724873147367e-01
-2.305194675061639664e+00,2.851906822921057127e+00,4.508040879466523876e-01
-2.390422774651431492e+00,2.936556842826353986e+00,4.687088476295007688e-01
-2.477260003899164786e+00,3.019950877089733421e+00,4.609313967307686610e-01
-2.540807226827590082e+00,3.094726103687277519e+00,4.398224002402157384e-01
-2.588204524644573290e+00,3.154539548710495023e+00,4.118976236767634691e-01
-2.614747457480582682e+00,3.212764495771943452e+00,4.014872777623915701e-01
-2.640304997298649869e+00,3.279238036698763903e+00,3.946660909922106164e-01
-2.654619956042123086e+00,3.341881915040811890e+00,4.033545049879563305e-01
-2.669069935717446551e+00,3.413152066575820154e+00,4.089438734514406759e-01
-2.678945136946748296e+00,3.479730283809351121e+00,4.052596440908782238e-01
-2.712432176990139610e+00,3.535361065747269382e+00,3.918215177793116233e-01
-2.759386036955683519e+00,3.604757020708365900e+00,3.832638658302112145e-01
-2.815423637147258962e+00,3.686561778050293281e+00,3.857781476954982858e-01
-2.882332917447806064e+00,3.769335813813718516e+00,3.764402610052260401e-01
-2.936285404601396198e+00,3.866731997058202808e+00,3.644978981824397724e-01
-2.971387185146766363e+00,3.960775141643089192e+00,3.476086875543486499e-01
-2.998067973714224621e+00,4.050899340827927020e+00,3.349471749594419845e-01
-3.009833245795597190e+00,4.141354872755728778e+00,3.284678273945351168e-01
-2.986148463488303761e+00,4.248552976461319908e+00,3.199023891722505564e-01
-2.953063445135404308e+00,4.345490392866699914e+00,3.258356920268571377e-01
-2.931070627647621496e+00,4.430571624774875872e+00,3.279726063418254012e-01
-2.914827319961019292e+00,4.508820044092880508e+00,3.343191389616658737e-01
-2.901555451008799746e+00,4.588454897807347166e+00,3.423176285141797948e-01
-2.899212278416102961e+00,4.652148903262534496e+00,3.424974776589995162e-01
-2.888519897230106714e+00,4.709162908840432316e+00,3.454776865483999426e-01
-2.865258824803653237e+00,4.765801891103804699e+00,3.462361941822773570e-01
-2.838812483108291929e+00,4.829809240569608697e+00,3.432649847315131231e-01
-2.806538960499258550e+00,4.898034389943021871e+00,3.360890573536666759e-01
-2.770801525167818635e+00,4.962211705299709230e+00,3.260988190734345205e-01
-2.734006337787628027e+00,5.035285137563885627e+00,3.105376974702891424e-01
-2.693728035983558033e+00,5.120131844332576954e+00,2.836772403634863493e-01
-2.656228082746912467e+00,5.206900211389359434e+00,2.684718463388384713e-01
-2.615476220861266299e+00,5.278102645768868229e+00,2.685876480720187365e-01
-2.576684053497936944e+00,5.347807293923426464e+00,2.795552025236732741e-01
-2.543682047957417147e+00,5.420139239279627930e+00,2.948783281075527674e-01
-2.509113329970323214e+00,5.491456611849832470e+00,3.139814708863710724e-01
-2.473246900774679791e+00,5.571969761511678776e+00,3.349952831562366118e-01
-2.446803567757704911e+00,5.645399887344714429e+00,3.385869805209535399e-01
-2.418414518303987570e+00,5.717008429586923235e+00,3.345407138341206510e-01
-2.381161348586852355e+00,5.786812563023336686e+00,3.113195562329794663e-01
-2.332929237645527287e+00,5.848535517835318664e+00,3.004393012967727095e-01
-2.280669159855989836e+00,5.904826399632678857e+00,2.920372230589699525e-01
-2.211020596040631947e+00,5.957696473234776136e+00,2.957126064099132590e-01
-2.131056616048756513e+00,6.012977555116436612e+00,2.940213046311934697e-01
-2.188350045620797601e+00,6.050041688714445698e+00,2.998472026081304143e-01
-2.128356555336949896e+00,6.091166211835455258e+00,2.813362961230037040e-01
-2.074541044009541313e+00,6.138856570400854196e+00,2.864833417750997091e-01
-2.012264237702473757e+00,6.197816791348692789e+00,3.103709439904223100e-01
-1.975642258628747427e+00,6.269949245793982939e+00,3.496311630709386664e-01
-1.948096489363936090e+00,6.344632026047155371e+00,3.997479301585060707e-01
-1.914297163682778802e+00,6.420646178106338198e+00,3.596425279964853838e-01
-1.882505509778339636e+00,6.490534451465183707e+00,3.231398616068583696e-01
-1.829710206411681916e+00,6.535321161783063104e+00,2.955384963854182923e-01
-1.766045884248064191e+00,6.569401199817217929e+00,2.870847618573725279e-01
-1.703431168865122691e+00,6.607260041584436472e+00,3.063719024206115193e-01
-1.658129979695108336e+00,6.641079980385775627e+00,3.375026254183550734e-01
-1.607357617088274848e+00,6.666656156226482111e+00,3.745521479592701097e-01
-1.587701603638063563e+00,6.696169077332594810e+00,4.047955855812488402e-01
-1.575957829836594826e+00,6.730553726489968192e+00,3.914397192664607616e-01
-1.547143299735983524e+00,6.774634290305851181e+00,3.730523332377139178e-01
-1.483662919440854822e+00,6.815767713597579380e+00,3.563471979391345523e-01
-1.408491626083451687e+00,6.867917355960805104e+00,3.560001353645357858e-01
-1.343424466601233158e+00,6.925529403625526825e+00,3.644315970843723940e-01
-1.284278853761500638e+00,6.995356067115978682e+00,3.750103994316905109e-01
-1.246833344393218690e+00,7.065776447853624020e+00,3.711962945109878453e-01
-1.226093755368522276e+00,7.134790327766545204e+00,3.515448284665350642e-01
-1.199211348330158966e+00,7.192313630579779016e+00,3.330871003211555159e-01
-1.156527840606871749e+00,7.241645698709517909e+00,3.106847920597501367e-01
-1.101779720608728974e+00,7.281230611796711827e+00,3.164656924716964803e-01
-1.052773881153760138e+00,7.316136000730150357e+00,3.132794551941495698e-01
-1.031373569770314580e+00,7.351572679277655453e+00,3.385610193131785572e-01
-1.016264945577124434e+00,7.393332118150470755e+00,3.672631870061000003e-01
-9.942231701875730021e-01,7.445977449602193765e+00,3.636436104956440318e-01
-9.552390611496964778e-01,7.498055574666857126e+00,3.383573233711020256e-01
-9.028782562883044260e-01,7.549867695847196636e+00,3.421934773924014683e-01
-8.169467523198116199e-01,7.598051105551228979e+00,3.584494423214198422e-01
-7.440639722979015547e-01,7.641697111741899917e+00,3.874522721706868400e-01
-6.694997218636840053e-01,7.674442153497767372e+00,4.274995698289926760e-01
-6.120903038831528864e-01,7.699399948064272081e+00,4.582512817468392119e-01
-5.719866580795016642e-01,7.714106479207925027e+00,4.892292037112479508e-01
-5.215238975914927577e-01,7.717472457198301328e+00,5.001795871081972100e-01
-4.995550014937817362e-01,7.704669854827895570e+00,4.986229994147864941e-01
-4.871087923202001013e-01,7.680349509396679153e+00,4.909607189663197091e-01
-4.850550910461319809e-01,7.651792565104205579e+00,4.805754869875753510e-01
-4.700817458690728090e-01,7.613993064559175572e+00,4.797847839938754744e-01
-4.539937708049891496e-01,7.567910575903493253e+00,4.890384104001103682e-01
-4.148030740604097821e-01,7.507125036946686869e+00,4.428886076411997497e-01
-3.633281362923210800e-01,7.432303509570048483e+00,4.333657574498300247e-01
-3.238118966284975753e-01,7.351563280801720168e+00,4.923655408605167039e-01
-2.756251509883393958e-01,7.265554448310357571e+00,5.339943214776255997e-01
-2.354388701653986060e-01,7.182981791893162438e+00,5.749520187338669208e-01
-1.993910056050915147e-01,7.119366966802505026e+00,5.964897861100211252e-01
-1.721585923679973817e-01,7.059499674132944769e+00,6.203899803810879465e-01
-7.544265637454357354e-02,6.885283505311088348e+00,6.362136014521562188e-01
-6.154607454492989904e-02,6.789177748841734861e+00,6.498517617503896115e-01
-4.968428180724050736e-02,6.688815666332336818e+00,6.630160295872049581e-01
-6.731159464415283067e-02,6.587019746614542370e+00,6.816760046499951153e-01
-6.894753818773544096e-02,6.490563578674858114e+00,6.921343937310083794e-01
-8.320756637306819803e-02,6.389631646400454557e+00,6.781424731136307393e-01
-8.375124757024959843e-02,6.293413727849398676e+00,6.562648266461981184e-01
-1.083238247247856056e-01,6.193858227422460061e+00,6.432566775836860984e-01
-1.473541077568552293e-01,6.094857228797867954e+00,6.371049102567987177e-01
-1.613260265348297751e-01,5.988304131298475497e+00,6.572198896198246931e-01
-1.697027894215812072e-01,5.887114191025140109e+00,6.623167159212428601e-01
-1.555418809162781024e-01,5.788672595734889903e+00,6.425679288699067682e-01
-1.628424239238445981e-01,5.692384153051655460e+00,6.090917134883855333e-01
-1.843708379578025414e-01,5.598391183311092867e+00,5.358865082450707806e-01
-2.125366969251669957e-01,5.486575976576870239e+00,4.667782838455774574e-01
-2.421240789993372444e-01,5.375231062085904732e+00,4.518373654554520003e-01
-2.637392982676532438e-01,5.271090706510242363e+00,4.718270360523865170e-01
-2.929419386344720988e-01,5.167180372316919623e+00,4.911401122765046701e-01
-3.266123824889392568e-01,5.068642537244419266e+00,4.814756629660910114e-01
-3.687878334578064132e-01,4.972210157903943717e+00,4.418671359191682635e-01
-4.129354639288136397e-01,4.872335669802366986e+00,4.176536101737488571e-01
-4.684728307623898802e-01,4.770452042341824850e+00,3.920230298243483347e-01
-5.197722375497914049e-01,4.675382753313005679e+00,3.958808284392583143e-01
-5.589968806152479930e-01,4.575554245750961257e+00,4.076407307952638615e-01
-5.953325956448255463e-01,4.483793168527802742e+00,3.904323197250831878e-01
-6.184825214600112586e-01,4.391626330137469836e+00,3.416067680703418485e-01
-6.089885657958362675e-01,4.297299947742982518e+00,2.900097718917505341e-01
-6.046387692111819812e-01,4.198961811329722238e+00,2.704211343652127564e-01
-6.055230166844384199e-01,4.104763093774136173e+00,2.864947811623652640e-01
-6.082297456015262060e-01,3.999023270950825548e+00,3.289770414088899475e-01
-6.157947304830599933e-01,3.904747718687838098e+00,3.689047058095097920e-01
-6.124187864725719743e-01,3.816196056823037086e+00,3.781962337702473587e-01
-6.329556866762521272e-01,3.725286969221553779e+00,3.824989446610445598e-01
-6.409954525006300585e-01,3.623321984491503667e+00,3.797018141207131880e-01
-6.421403791339490574e-01,3.405521764172530386e+00,3.863596496326897611e-01
-6.092526828983948484e-01,3.313137057058693102e+00,4.002267668661468325e-01
-5.577124332009025798e-01,3.241237672537910175e+00,4.157026593470382614e-01
-5.099510528762205563e-01,3.177085941382343126e+00,4.257901607460771731e-01
-4.626672362707305308e-01,3.114556410987836976e+00,4.348843379979244750e-01
-4.290604044961523478e-01,3.035115546188470237e+00,4.612506552468200183e-01
-3.926355828553820815e-01,2.956149355555371283e+00,4.846622112903049007e-01
-3.487594921225868339e-01,2.870842338817168660e+00,5.095770568048415550e-01
-2.991763251611085916e-01,2.787620004076716285e+00,5.319683724590693608e-01
-2.587134485563397646e-01,2.700312121880051652e+00,5.427469437271463804e-01
-2.134004082155491477e-01,2.644483979050029188e+00,5.553453799447491956e-01
-1.567065243236976935e-01,2.593279493535296520e+00,5.795102414146746650e-01
-8.704304868867161760e-02,2.536216347278367866e+00,5.993569192553593883e-01
-3.071347744715249850e-02,2.489100865618710579e+00,6.203936802118984462e-01
9.234283968607689963e-03,2.452405427993419096e+00,6.239314504069151113e-01
4.365163186837419523e-02,2.411067874801797739e+00,6.086691983122124450e-01
8.025230832154994776e-02,2.364820933154030858e+00,6.086033612573671370e-01
1.285985837848664382e-01,2.327771719971935216e+00,6.046402339885066368e-01
1.898468828717465307e-01,2.301975598544088175e+00,5.977905257379312332e-01
2.633688124335950009e-01,2.284688803423395864e+00,5.899863223323971173e-01
3.380259612372454314e-01,2.263244332863581842e+00,5.957239430875396202e-01
4.005365965638912895e-01,2.243104707890920757e+00,6.055392190005537412e-01
4.443607372659199584e-01,2.220076089544812614e+00,6.246811778346837984e-01
4.980591912471508675e-01,2.186458627099399088e+00,6.648122320765909032e-01
5.420074419849081337e-01,2.140513047216976439e+00,7.080064219090514976e-01
5.979112079019859305e-01,2.102545305210163917e+00,7.469089764983720681e-01
6.420283693618944465e-01,2.064459818561882543e+00,7.942728936351810543e-01
6.916136275456477023e-01,2.034060199115465206e+00,8.425409053163300799e-01
7.291211847432184090e-01,2.015118682961227314e+00,8.815671718577334781e-01
7.709921784114259768e-01,2.009005283025139921e+00,8.997750419481547191e-01
8.334556656188081281e-01,2.047926079699796453e+00,9.143865639252191091e-01
8.948774870165664419e-01,2.098369419554035886e+00,9.516533705125054254e-01
9.378377225623268920e-01,2.160216848031966119e+00,9.400636941380220435e-01
9.850027047999631025e-01,2.206021777711465681e+00,9.174159954672739259e-01
1.070221849165167383e+00,2.225928996852565511e+00,9.077504364580535334e-01
1.152301942462117257e+00,2.223456011077910688e+00,9.108500221643640593e-01
1.219761041034649551e+00,2.214437825666061954e+00,9.302460936157814775e-01
1.245418592852252537e+00,2.230064651447290824e+00,9.202148039684737713e-01
1.273337663521702190e+00,2.236059934902665081e+00,8.815090011183100982e-01
1.306177666281105099e+00,2.245697306858902120e+00,8.172778564907893228e-01
1.339792818475630698e+00,2.250165200961152134e+00,7.295822244767989906e-01
1.404752159052537364e+00,2.215985441926888289e+00,6.093600945045483108e-01
1.454324655386281417e+00,2.143820427283691821e+00,4.623022317624109756e-01
1.543423922752968691e+00,2.074184659175658751e+00,3.452195911075795487e-01
1.610645056208606540e+00,2.057867560132945695e+00,3.039647593786172219e-01
1.623944145459362165e+00,2.079882281366718377e+00,2.867282940190918339e-01
1.625857868687903940e+00,2.163951610954133020e+00,2.902142221159065838e-01
1.617085354414553588e+00,2.287506331492711986e+00,2.830071407360238434e-01
1.613254882522293432e+00,2.433265749681502221e+00,2.463137052827064077e-01
1.652146175114850291e+00,2.567578985419145532e+00,2.551430143093735281e-01
1.710388291398536875e+00,2.684211231540046594e+00,2.915905392117017492e-01
1.771208614611027965e+00,2.776022892802425091e+00,3.681551520909055464e-01
1.830047877689622959e+00,2.834012849316865701e+00,4.078101960463509368e-01
1.880182370359006816e+00,2.911573056391805192e+00,4.492886524881025134e-01
1.911961829354284825e+00,2.995364259484484926e+00,4.702047116606597466e-01
1.917960252908986307e+00,3.094748010388217452e+00,4.627254233681092344e-01
1.942673388205739204e+00,3.171128277200293333e+00,4.249078143810209873e-01
1.971512311106213611e+00,3.246024920608796105e+00,3.784840254623313971e-01
2.004680682755370036e+00,3.320926449156529348e+00,3.845078669442349995e-01
2.036261659735727481e+00,3.388973233428238530e+00,3.769368648776375563e-01
2.065189239590277115e+00,3.452914908871589361e+00,3.327621857628589863e-01
2.089881116029314700e+00,3.548938457296606952e+00,2.995451427041077030e-01
2.117539168019356044e+00,3.658596579011092587e+00,2.878984977459856376e-01
2.165312090837782755e+00,3.761483051352887408e+00,2.569114662602125509e-01
2.222508486354833224e+00,3.843789473840138804e+00,2.457512587129400961e-01
2.263767327527485218e+00,3.929767876046520669e+00,2.933472525814142529e-01
2.274888277466423858e+00,4.056277427975016003e+00,4.014571399865863865e-01
2.260520629702486683e+00,4.213609974025082749e+00,4.945809405079524823e-01
2.238710531130559289e+00,4.378013043015438477e+00,5.871625516884255713e-01
2.211212837012040300e+00,4.540051262397824416e+00,5.975093656042892443e-01
2.225028842211071556e+00,4.682430309827647186e+00,5.332447541953551085e-01
2.269345966666831860e+00,4.797108615190663450e+00,4.616875391399258843e-01
2.306679689883166517e+00,4.895945708182125600e+00,4.550455712035678668e-01
2.347627784373259807e+00,4.962051374812578075e+00,4.359880772287212936e-01
2.378217382224676602e+00,5.009451487487750043e+00,4.581264138260561225e-01
2.395579482027895502e+00,5.056878981201197831e+00,4.092492422201877700e-01
2.408926253394328310e+00,5.129867955151230952e+00,3.519472825549569972e-01
2.413282841204841489e+00,5.232260244877399380e+00,3.206909895825613699e-01
2.419935032307826805e+00,5.344261312670002262e+00,3.297285372480987520e-01
2.398254723868918248e+00,5.470387414853542296e+00,4.705736958402525483e-01
2.363810820405999102e+00,5.609323711003591839e+00,5.223554608812581712e-01
2.350016387507728233e+00,5.757155854318161126e+00,5.634394977996892706e-01
2.327029361510509542e+00,5.920603931665572084e+00,5.577350373312257581e-01
2.301322248115904134e+00,6.044740113124772662e+00,4.457030592668939084e-01
2.264127279058341990e+00,6.149841948948942871e+00,3.938937945765171866e-01
2.243953364998038325e+00,6.233866010551732728e+00,4.187977174750326381e-01
2.209499866071356955e+00,6.312977541509317447e+00,4.581559050891202411e-01
2.193596014897221558e+00,6.368826901968828835e+00,4.845866253499757637e-01
2.163493788401190443e+00,6.425749796162400607e+00,4.317178413187303110e-01
2.123920204900560993e+00,6.478626433842419985e+00,3.671741377907395965e-01
2.072410364994908161e+00,6.534680977471376551e+00,2.895236091897973596e-01
2.004137864841374572e+00,6.613104422519526793e+00,2.760653863565541433e-01
1.892631711241875347e+00,6.709154442114459549e+00,4.019137220182482650e-01
1.732318414180556543e+00,6.803349299830657060e+00,5.094198273828860479e-01
1.561040347467009148e+00,6.910563687127374344e+00,5.689037923030972888e-01
1.425342856907735767e+00,7.005261172859591490e+00,5.569514037157943243e-01
1.316611661451919213e+00,7.082073336760145388e+00,4.087332397003490270e-01
1.377705183351666252e+00,7.105241878886539908e+00,2.195966317227095455e-01
1.433313559932603454e+00,7.116908583367190566e+00,1.350017355495191362e-01
1.484744583217314728e+00,7.105295948015626806e+00,1.492609038956898559e-01
1.493225872878392035e+00,7.104128710535070113e+00,2.105864839708579961e-01
1.460797176562330879e+00,7.111608496262867618e+00,2.920386173162056176e-01
1.371216554483854155e+00,7.131108929267154117e+00,2.512114210697720118e-01
1.279467472179877108e+00,7.152978646270385710e+00,1.650308723526738297e-01
1.210830568921100525e+00,7.178550182243091271e+00,1.303350353118826466e-01
1.166485124540123541e+00,7.203993525082572624e+00,1.221056603226520487e-01
1.135448945408448429e+00,7.241014323678368392e+00,1.393618191915118043e-01
1.118923879583726633e+00,7.287569498086317488e+00,1.813470636275511527e-01
1.082620417189243289e+00,7.340282541222857837e+00,2.140051835450273443e-01
1.036387784526434652e+00,7.395165119823202460e+00,2.767278213072343895e-01
1.006435905588286550e+00,7.450872754189445502e+00,3.294262849102368440e-01
9.713711387631487337e-01,7.517146792485962514e+00,2.748431137118237388e-01
9.834072814719675426e-01,7.565728812677547488e+00,2.215863889582022350e-01
9.837364602337137498e-01,7.596040542186019984e+00,1.414970054225333229e-01
9.656535542620462431e-01,7.607734443567299110e+00,3.010567259553437180e-02
9.121211516129125174e-01,7.622740402742369525e+00,6.415446099115873491e-03
8.471343144326620722e-01,7.641601746058857891e+00,2.119342689115885636e-02
7.586432174760160407e-01,7.647063203840617440e+00,6.232774973191368417e-02
6.712434666609086165e-01,7.648494709373339084e+00,1.096834209813016547e-01
6.012481814763541710e-01,7.651323521095751978e+00,1.311220115766789651e-01
5.331963366402832083e-01,7.652654428642730267e+00,1.377289384808279005e-01
4.684485646248015001e-01,7.641286314069961172e+00,1.143821911829899785e-01
4.124461504115198851e-01,7.628471007128753811e+00,7.854210946066703114e-02
3.626660487289101176e-01,7.624578391446163117e+00,7.250682587544104996e-02
3.141146436925151830e-01,7.619153662716585451e+00,6.535869716731490531e-02
2.793931991824235572e-01,7.612700874471051371e+00,7.100382729696796957e-02
2.487645368737093354e-01,7.612652354877369021e+00,9.397901426950205916e-02
2.433312190092056515e-01,7.592518342231882045e+00,1.365359058810406978e-01
2.074625858703724735e-01,7.561005869182242378e+00,1.156613861371016128e-01
1.453754205857882287e-01,7.537579381338939122e+00,4.902468316842564788e-02
5.571353039428616344e-02,7.514598843115506632e+00,4.922218209242867903e-02
-4.687193177647173969e-02,7.490189446652700589e+00,3.295456273400251823e-02
-1.219144172568615292e-01,7.443481137219806421e+00,3.520749855656712946e-02
-1.133930324995167382e-01,7.408742020552303131e+00,9.407734924859567638e-02
-8.650166413323362447e-02,7.373622555503590803e+00,2.343306360382333142e-01
-2.697866628346964890e-02,7.348020424837218734e+00,3.448290394373662027e-01
-2.885544208340663774e-02,7.334887396162369733e+00,3.831578531012169719e-01
-8.915160624010429191e-02,7.323877924556533081e+00,4.507968238791162929e-01
-1.968015511676932672e-01,7.308404554709438727e+00,4.984422123143990579e-01
-2.953947759303754417e-01,7.287705987347472103e+00,4.986740731793640191e-01
-3.884079614509290401e-01,7.235454118691561298e+00,4.933482002489692486e-01
-4.627861259054582010e-01,7.183005294570531163e+00,5.071738476857123867e-01
-5.178248821513794509e-01,7.121385511764285248e+00,5.658254639764128680e-01
-5.758251959537410425e-01,7.067351653098484121e+00,6.171747991330547300e-01
-6.798801440835186005e-01,7.027440522761821740e+00,6.676424456502915161e-01
-7.582754122863663016e-01,6.997118742297112171e+00,6.093054200435488177e-01
-8.487542445525062540e-01,6.953165778979988332e+00,5.474555252367552249e-01
-9.657155807866741881e-01,6.909352546717753896e+00,5.209946940386077641e-01
-1.116123503991654609e+00,6.865422840144297822e+00,5.632806695960907994e-01
-1.292679992519630616e+00,6.824156298500337670e+00,6.222222487403645808e-01
-1.482161355402069169e+00,6.776997608182258048e+00,6.881112169077040486e-01
-1.656640631601675517e+00,6.726941713900911779e+00,6.553566795658762878e-01
-1.813298629985015342e+00,6.676948091049658807e+00,5.604430059843554801e-01
-1.947855123096853491e+00,6.641391356650687250e+00,5.171629302277221951e-01
-2.092096835596925164e+00,6.597192580188904643e+00,5.180597758600300473e-01
-2.220920309680010973e+00,6.532944083598017926e+00,5.581124554992464848e-01
-2.311078762050606805e+00,6.454057457258774555e+00,5.553679805106841449e-01
-2.369162720694562019e+00,6.358408008257782740e+00,5.027933715966892425e-01
-2.397342793221415302e+00,6.255559731938110879e+00,4.315886171742437938e-01
-2.428345612706316548e+00,6.154229322990244277e+00,3.627445573963196113e-01
-2.462436520974681464e+00,6.044132643301376895e+00,2.988377932155987793e-01
-2.480976865672533727e+00,5.934651913957895708e+00,3.097075012532517491e-01
-2.523489517904315083e+00,5.841118427708302363e+00,3.392567692321708517e-01
-2.575932638590801904e+00,5.762545950083436175e+00,3.803503482610248732e-01
-2.633487556226634663e+00,5.691127089246510451e+00,3.740413168728838889e-01
-2.680230740002050638e+00,5.598536841332637515e+00,3.538332930051435454e-01
-2.729378148186594188e+00,5.490851904936944194e+00,3.205021768877088784e-01
-2.758993576670972114e+00,5.376747067149128867e+00,2.945993274071493917e-01
-2.788487092815875812e+00,5.234251850012856089e+00,2.592673717588535043e-01
-2.805413277534743344e+00,5.099678707827935753e+00,2.936763740588818061e-01
-2.806108568967031314e+00,4.972602728972357333e+00,3.337993361230301992e-01
-2.774179316838268239e+00,4.859308057247556434e+00,3.092655542556251858e-01
-2.731618222968429155e+00,4.754062016001859625e+00,2.627476089401212245e-01
-2.687965095055612874e+00,4.651276315775854542e+00,2.438329133634176693e-01
-2.630643156403105198e+00,4.564275967380258869e+00,2.442076570053045015e-01
-2.595381301230461624e+00,4.480673822005717177e+00,2.832675498435368588e-01
-2.584783277839111548e+00,4.396205440437310763e+00,3.355353729487264292e-01
-2.594791520989882194e+00,4.295294536530289697e+00,3.525759993625818822e-01
-2.609592847391288384e+00,4.181655449663522539e+00,2.819432096017230327e-01
-2.622349773104108994e+00,4.066107037443108752e+00,2.340164080763042775e-01
-2.640637193899895152e+00,3.946565525355273163e+00,2.419303801705359469e-01
-2.657160303147944713e+00,3.826441893166024233e+00,2.910414359662463202e-01
-2.647424784557428357e+00,3.707457141013914548e+00,3.369139046514299518e-01
-2.617262280326682955e+00,3.591549314769288959e+00,3.672871955962708768e-01
-2.578413443962311202e+00,3.482583073124644102e+00,3.118833100903096733e-01
-2.530449200153116696e+00,3.383151390910307477e+00,2.923184976259607937e-01
-2.502701397609682576e+00,3.288952594306801203e+00,2.914142769116143672e-01
-2.474568505205775981e+00,3.188565322034682570e+00,2.914949450641355910e-01
-2.453146161651480472e+00,3.094169589234863516e+00,3.212288835079514793e-01
-2.440063894500538400e+00,3.006754079353554765e+00,3.466434815814370962e-01
-2.442455511078200470e+00,2.910495863655058635e+00,4.033636715096481917e-01
-2.444925309109413192e+00,2.814303176332979106e+00,3.985995948936136846e-01
-2.450585488678714619e+00,2.711534504556937897e+00,3.895721614100220442e-01
-2.440612737525476916e+00,2.615790461498748609e+00,3.806087359299762940e-01
-2.426398914008965679e+00,2.515310168432596249e+00,3.961743634177330997e-01
-2.400278160304913921e+00,2.406580084316223722e+00,4.263152351823624175e-01
-2.362258893118687197e+00,2.301314887708733270e+00,4.313551689521201715e-01
-2.325069259016908862e+00,2.201207118849698663e+00,4.090888582555362030e-01
-2.292077752149233483e+00,2.112791027079796713e+00,3.957306597229093281e-01
-2.264074188786729280e+00,2.030086592619916974e+00,3.909295022682436893e-01
-2.242138748319557617e+00,1.946018362638490817e+00,4.041088943661648170e-01
-2.221265311632251382e+00,1.860429768828241626e+00,4.242907226497141249e-01
-2.198728726171861769e+00,1.775097379695640853e+00,4.226709708255059761e-01
-2.179195032558991940e+00,1.691895782644660340e+00,4.064911747107211593e-01
-2.164691068889097902e+00,1.607909321732740926e+00,3.910936580322505463e-01
-2.150293526849237136e+00,1.518871103435495806e+00,3.657040446114322441e-01
-2.142737216700103531e+00,1.428964850106511975e+00,3.617141544985189028e-01
-2.129036710921481834e+00,1.332648540505195767e+00,3.866917038393144490e-01
-2.114980644697081136e+00,1.238024108425491487e+00,4.290890256277182235e-01
-2.099141469180140440e+00,1.144799927162577946e+00,4.412867351010671957e-01
-2.078628110147270558e+00,1.058959264508098519e+00,4.192441688510251674e-01
-2.054570117818425690e+00,9.775645995520998444e-01,3.878591811652017940e-01
-2.023123868658375457e+00,9.059871369517620288e-01,3.743543075263525699e-01
-1.974034578887109870e+00,8.344561957277544240e-01,3.613197021107791840e-01
-1.925392125866949300e+00,7.611884059370078726e-01,3.812745973537813859e-01
-1.902073951884716063e+00,7.026026150599820053e-01,3.758296882422458296e-01
-1.861897667336713580e+00,6.334501977775974790e-01,3.587779865019703474e-01
-1.809010311344669164e+00,5.532232153610634473e-01,3.676928182770932141e-01
-1.738387793165421025e+00,4.577261802773672228e-01,3.747186716605954704e-01
-1.674620739768856170e+00,3.652701479326824763e-01,3.686101020752928781e-01
-1.614649425352291834e+00,2.785097863846594524e-01,3.749167954276834691e-01
-1.569068290097331619e+00,2.024475783562223186e-01,3.729494986032937387e-01
-1.545698630358291359e+00,1.309661109921032573e-01,3.364746158422950439e-01
-1.519845574093676932e+00,6.778679629835104858e-02,2.924853661712981667e-01
-1.494502666501405841e+00,8.973862790598460815e-03,2.530034979734936407e-01
-1.451658282072779249e+00,-3.964260539826625074e-02,2.443219078513655662e-01
-1.375913549136509539e+00,-8.276587915785824090e-02,2.773878868078703541e-01
-1.291518893588723182e+00,-1.148747989576222039e-01,3.145255521438383162e-01
-1.204401318404733079e+00,-1.420791846785064427e-01,3.100528161368010238e-01
-1.116053393324610177e+00,-1.557472922276041671e-01,2.739041830110107156e-01
-1.024353627567469838e+00,-1.713645811489124815e-01,2.327773379675459609e-01
-9.181609365089646868e-01,-1.798252326227758602e-01,1.956563623375471850e-01
-8.321172124825889638e-01,-1.897500833360330763e-01,1.718238465231016476e-01
-7.802362538604029618e-01,-1.979046209993803318e-01,1.400062685540423846e-01
-7.767760675629026279e-01,-2.117975236785172855e-01,1.072814441638776928e-01
-7.664429367433120976e-01,-2.384777942487724678e-01,6.153549813070557928e-02
-7.290204168638362292e-01,-2.715765904214320070e-01,3.505302668360352203e-02
-6.829115005789427872e-01,-2.978221420672120812e-01,3.223646995895326772e-02
-6.253406738029388956e-01,-3.114501256569510712e-01,4.143313958040251155e-02
-5.495660548832128622e-01,-3.106105462156000252e-01,5.033483831230167738e-02
-4.701925172851395551e-01,-2.557136932147155983e-01,1.010744406259450334e-01
-3.755454733641269693e-01,-2.062794552237057211e-01,4.618961586001146813e-02
-2.923118718095006341e-01,-1.479869601972911564e-01,-1.075522321446159557e-02
-2.428521317265934787e-01,-9.061350278059498997e-02,-6.143096965572542034e-02
-2.176151589254081697e-01,-4.452126494751962316e-02,-1.202296057772347937e-01
-2.024915363124004108e-01,-1.470759303956416242e-02,-1.794939436797278742e-01
-1.971912440154876545e-01,6.303910030160647660e-03,-2.245346364160579755e-01
-1.968253229237251489e-01,1.027107863342049954e-02,-2.532557282564816825e-01
-1.929458709124033111e-01,1.086038682068649064e-03,-2.601513719502213107e-01
-2.145445172095242770e-01,-1.463305016943486359e-02,-2.525740084485091907e-01
-2.401190283981881612e-01,-3.782017442238944094e-02,-2.404606299317313400e-01
-2.550563197574892693e-01,-6.345928888024179870e-02,-2.337510394169278749e-01
-2.661450826549482951e-01,-8.180838279921964773e-02,-2.257514053042304347e-01
-2.645938873290485382e-01,-8.156586959580924834e-02,-2.266096078178182482e-01
-2.632568661725313008e-01,-8.208191987917054511e-02,-2.300578130283473799e-01
-2.580553875515936291e-01,-6.994924620476303256e-02,-2.454453421765527832e-01
-2.584795423912873424e-01,-6.245294324297415156e-02,-2.634348351771400587e-01
-2.712519781038221778e-01,-6.536895975457424068e-02,-2.572994334703060382e-01
-2.804489346121124549e-01,-8.102312017983362424e-02,-2.530459239365685509e-01
-2.737620760608723280e-01,-1.075431907222706152e-01,-2.440201914223575352e-01
-2.546145822689614424e-01,-1.270626649934191998e-01,-2.449214106645425382e-01
-2.423157211395823851e-01,-1.313427562236497426e-01,-2.417890956708810268e-01
-2.365006683605226923e-01,-1.235663241257673461e-01,-2.424666197075542318e-01
-2.315498056313272102e-01,-1.151345489683545942e-01,-2.441830162442287788e-01
-2.347430948618235425e-01,-1.076345405185524795e-01,-2.483360947741133362e-01
-2.398025987622193766e-01,-1.071051908188556945e-01,-2.526952261979571457e-01
-2.423247139439753117e-01,-1.041073188842789043e-01,-2.546875356220017483e-01
-2.344664857958829729e-01,-1.032964006945046309e-01,-2.538221373284937910e-01
-2.343104300389686201e-01,-9.581365322373319726e-02,-2.606028687655566056e-01
-2.345697079180438793e-01,-1.000871972145429278e-01,-2.528758537501272219e-01
-2.357964316273311600e-01,-1.076949851292925420e-01,-2.471656249695507457e-01
-2.442363298231125524e-01,-1.145693109429854195e-01,-2.420448605311484869e-01
-2.508645412982870582e-01,-1.245194786704558465e-01,-2.394366329806442151e-01
-2.523146378210099905e-01,-1.320084386373781837e-01,-2.378044393022568093e-01
-2.530178943107549427e-01,-1.348772150479778942e-01,-2.276838648786717600e-01
-2.482890029557650036e-01,-1.282643626970328965e-01,-2.208940328233790495e-01
-2.465957589977278985e-01,-1.209755871607811339e-01,-2.203861633081286575e-01
-2.450601038604904303e-01,-1.165478720601895446e-01,-2.264206028081633404e-01
-2.393167419540028762e-01,-1.149722939063378413e-01,-2.336070351521341015e-01
-2.439556527040053213e-01,-1.127861153986553233e-01,-2.387808016721881810e-01
-2.484297298564460132e-01,-1.119789591954899743e-01,-2.425734835819336466e-01
-2.493456087323078774e-01,-1.147511167344671124e-01,-2.457580531017147241e-01
-2.534545959536895210e-01,-1.155358818102475982e-01,-2.595381877873701448e-01
-2.612151742714701741e-01,-1.092786059481217209e-01,-2.623868349993980775e-01
-2.602460713053931229e-01,-1.019658265496101168e-01,-2.544800646528859733e-01
-2.559682359566852194e-01,-1.015094685866812507e-01,-2.431941317845242034e-01
-2.531173825980286840e-01,-1.092999731586125067e-01,-2.467383826063689334e-01
-2.518980870902302049e-01,-1.212824787648776326e-01,-2.480724546721027046e-01
-2.525784329180383869e-01,-1.245567599809572767e-01,-2.559894365061607946e-01
-2.547974361377370878e-01,-1.281739614330355825e-01,-2.585570560297979492e-01
-2.542127927122856956e-01,-1.271895630352083972e-01,-2.530604027454637084e-01
-2.554020758413679815e-01,-1.259989231381319630e-01,-2.447465802378292477e-01
-2.595380771368083206e-01,-1.291211851242920206e-01,-2.336360542119955142e-01
-2.615238035887471058e-01,-1.293780653858471186e-01,-2.369046236446711307e-01
-2.613975614107063028e-01,-1.266641561436883667e-01,-2.438142136985878006e-01
-2.569632131743195269e-01,-1.261944269731471169e-01,-2.566475185519284663e-01
-2.539177469090171391e-01,-1.261486689176449794e-01,-2.672855657749099167e-01
-2.523048739062957457e-01,-1.274788818403564394e-01,-2.736220892392149384e-01
-2.501013974676159490e-01,-1.202979509355265597e-01,-2.722431110774183871e-01
-2.505700264723862425e-01,-1.179814432182804962e-01,-2.691444848896678010e-01
-2.565025432229473545e-01,-1.139517100089092461e-01,-2.669183112351825038e-01
-2.561362129785789699e-01,-1.178096459083171066e-01,-2.644655232690575897e-01
-2.553900063757973959e-01,-1.266047432882318191e-01,-2.630396343206206078e-01
-2.580083318133612469e-01,-1.337801855015773589e-01,-2.612815427369542531e-01
-2.571101795682538271e-01,-1.357773946121917930e-01,-2.630231453781067819e-01
-2.556041283249235740e-01,-1.334132835170569187e-01,-2.639658914122352540e-01
-2.555508380619857522e-01,-1.265562500267455870e-01,-2.642681392388517292e-01
-2.552235753939410268e-01,-1.207620287747241117e-01,-2.645058698004878472e-01
-2.571835553632511040e-01,-1.168615698306380568e-01,-2.637645670539309206e-01
-2.612963735209224980e-01,-1.134749920157773762e-01,-2.707614332588339501e-01
-2.617232842332382625e-01,-1.179707127272774103e-01,-2.868313438224723289e-01
-2.613137041276495931e-01,-1.231921309619438964e-01,-2.963198909667481562e-01
-2.613328427474017612e-01,-1.303369936530477391e-01,-3.013099249872074337e-01
-2.615335255126723935e-01,-1.379916660357223823e-01,-2.974361848431795741e-01
-2.633583130111205040e-01,-1.409575095251614230e-01,-2.888687350132120857e-01
-2.617755190693182854e-01,-1.352615377137869890e-01,-2.829049566526716797e-01
-2.623134114779205883e-01,-1.318462682650966555e-01,-2.777280053655186709e-01
-2.625175709306858951e-01,-1.300098220323064879e-01,-2.734477677422449959e-01
-2.593820129867926427e-01,-1.318920936332995120e-01,-2.684357391741348797e-01
-2.561603050945844284e-01,-1.321204498083872747e-01,-2.657852111282414942e-01
-2.536771260469652955e-01,-1.352888495544832537e-01,-2.690754976885348926e-01
-2.519230859390373944e-01,-1.359468741884656828e-01,-2.749416103051427474e-01
-2.557161693401796554e-01,-1.352783277466726164e-01,-2.734575403610974842e-01
-2.555279710139758409e-01,-1.343170410262120029e-01,-2.689910322866659875e-01
-2.547034506593723879e-01,-1.318098648998348998e-01,-2.652255004795204263e-01
-2.536143996623954622e-01,-1.325093866613063220e-01,-2.640581054351669454e-01
-2.520168385073443540e-01,-1.263583845682147155e-01,-2.588309517732750864e-01
-2.500903358588986714e-01,-1.229648934224868984e-01,-2.595442234071928533e-01
-2.490611208959208622e-01,-1.252894182802585799e-01,-2.607601773853712723e-01
-2.492117405278612141e-01,-1.308174231388461450e-01,-2.610145931386739226e-01
-2.494026182969137917e-01,-1.387160607103735399e-01,-2.607642785889209280e-01
-2.527013571829130889e-01,-1.436560144332226785e-01,-2.624594075349958588e-01
-2.544396755182484759e-01,-1.454233176656475057e-01,-2.652112605661327560e-01
-2.544955082054589646e-01,-1.437637724996207733e-01,-2.632035839935638055e-01
-2.528430163169208544e-01,-1.419589524460060093e-01,-2.625187282147667389e-01
-2.551326712877280967e-01,-1.417864754132679428e-01,-2.613152944449599335e-01
-2.532068003266651490e-01,-1.378405082160089612e-01,-2.562958953073772861e-01
-2.559892378737321228e-01,-1.292807303911039374e-01,-2.541126583104129644e-01
-2.555297567863661357e-01,-1.211673319592078968e-01,-2.559603303930685358e-01
-2.533397909534673698e-01,-1.237014700734477279e-01,-2.603960606455737459e-01
-2.522422543923500959e-01,-1.327898203265582278e-01,-2.631304601705098944e-01
-2.532349331314596719e-01,-1.397465142706193486e-01,-2.643985927908014677e-01
-2.525683651224813198e-01,-1.440142443794318050e-01,-2.653452532138230735e-01
-2.497601840907068271e-01,-1.416567154176290866e-01,-2.640745351261116758e-01
-2.514234067296772790e-01,-1.390699124036370027e-01,-2.643167534107929706e-01
-2.539278521691117341e-01,-1.335275781501695791e-01,-2.649313129180580484e-01
-2.542543970027166811e-01,-1.272128940038098899e-01,-2.665064664223766311e-01
-2.557624137317287549e-01,-1.242742961158413151e-01,-2.669512169846139926e-01
-2.548218994324387143e-01,-1.316505702725163929e-01,-2.681133665286524748e-01
-2.528535143225630333e-01,-1.416690084514665160e-01,-2.658092158831542040e-01
-2.498052452691594261e-01,-1.467833874540985517e-01,-2.626193320463303671e-01
-2.505956319155693834e-01,-1.496557574917679045e-01,-2.617950766100948234e-01
-2.499822608004694802e-01,-1.480610416747664138e-01,-2.606336114192364661e-01
-2.491037753615480965e-01,-1.389357648171868909e-01,-2.644651391616626990e-01
-2.484162538101772344e-01,-1.354511043649788138e-01,-2.634537246849383285e-01
-2.491132285842376781e-01,-1.360504888642853905e-01,-2.617131338986670164e-01
-2.479276157475377995e-01,-1.383290843572618778e-01,-2.613116517953215645e-01
-2.505530792354019876e-01,-1.322044776495979457e-01,-2.638548484470534250e-01
-2.516390614289571448e-01,-1.300891015500382775e-01,-2.665080464207565392e-01
-2.540673078050192379e-01,-1.359449049424775180e-01,-2.686705055518391339e-01
-2.544477056997443976e-01,-1.451804510482391786e-01,-2.675747591300077222e-01
-2.553510218154934619e-01,-1.477689494242825918e-01,-2.622997609186291657e-01
-2.441932388850412416e-01,-1.494007954935800686e-01,-2.663687174741156127e-01
-2.388666001366094860e-01,-1.456613867825646280e-01,-2.676372280987789898e-01
-2.364155810683694625e-01,-1.454109384254146098e-01,-2.736217349795797560e-01
-2.347363399028052355e-01,-1.464285085881911197e-01,-2.838739923277163735e-01
-2.348819226516081771e-01,-1.460470550823252667e-01,-2.880277254292579192e-01
-1.941314534134554459e-01,-9.857785939684787779e-02,-2.170023062241041023e-01
-1.971795799509551417e-01,-1.022691578989353978e-01,-2.187009380186493157e-01
-2.036587548643009060e-01,-1.088450820698605714e-01,-2.119169409359863421e-01
-2.005128751139634291e-01,-1.144382117132373700e-01,-2.117755434018484539e-01
-1.986310914734010780e-01,-1.166518750021790507e-01,-2.174386008766480138e-01
-1.886302050220238780e-01,-1.199641743140046346e-01,-2.236006867207620541e-01
-1.922223378827794815e-01,-1.155227940043574431e-01,-2.215140861928053262e-01
-1.958961175327155746e-01,-1.089308669432360321e-01,-2.189548878579705704e-01
-2.017564634066231211e-01,-1.044214079214504376e-01,-2.179534059403104296e-01
-2.101134124381222046e-01,-1.003774432709659270e-01,-2.124330008143257009e-01
-2.039394601986474487e-01,-9.535106656697722727e-02,-2.055722772748229676e-01
-1.950443207251515432e-01,-8.889290409959207939e-02,-1.956768068651227876e-01
-1.940407421906822361e-01,-9.078208140209040322e-02,-2.001926218993528295e-01
-1.917181880842041553e-01,-9.811822163949038278e-02,-2.093955883793474637e-01
-1.966447235013376038e-01,-1.086831369406628112e-01,-2.176025129877123820e-01
-2.022314438298298267e-01,-1.180878575127392582e-01,-2.208754957552561127e-01
-2.063070880333206514e-01,-1.172790607900436322e-01,-2.204844930001371717e-01
-2.083548096226379154e-01,-1.146916424363246811e-01,-2.194673087401830536e-01
-2.057577328820300311e-01,-1.103649741661973938e-01,-2.184969924943679365e-01
-2.019909190325183124e-01,-1.094228196246820606e-01,-2.174832077923348761e-01
-1.991738398749797745e-01,-1.075991929025717220e-01,-2.167657129272094751e-01
-1.988242274332292503e-01,-1.061037002217018466e-01,-2.166901558138977224e-01
-1.998283460542071843e-01,-1.045204548300951164e-01,-2.182375122502232534e-01
-1.960939190622751349e-01,-1.047514396754102017e-01,-2.150338285286337303e-01
-2.012403574184571386e-01,-1.060626238951078160e-01,-2.202905529628400583e-01
-2.041133549348825849e-01,-9.920112621071747183e-02,-2.252676414056480336e-01
-2.071283680975417041e-01,-1.014610554873558446e-01,-2.234052004960338511e-01
-2.020963485114345981e-01,-1.044431313024507813e-01,-2.209852059867869478e-01
-2.019007795984539833e-01,-1.030287023888689091e-01,-2.203773503684439694e-01
-2.012482358621276446e-01,-1.034988401728964835e-01,-2.196974898860721837e-01
-2.037502203293315439e-01,-9.876996013036301592e-02,-2.212363118807910700e-01
-2.044278521423107398e-01,-9.736538350557794042e-02,-2.218317452915700150e-01
-2.027666703342215215e-01,-9.709012788253176818e-02,-2.225855854351647123e-01
-2.040561168591153440e-01,-9.791536734904043859e-02,-2.234247325102288739e-01
-2.048284695991777205e-01,-1.001890677927451678e-01,-2.248794119719761397e-01
-1.980619226624635854e-01,-1.031128575655944346e-01,-2.206155681629963228e-01
-1.962615846094269978e-01,-1.097722220616571265e-01,-2.171959164796337660e-01
-2.015881739389053240e-01,-1.150562509946553846e-01,-2.132028388148727860e-01
-2.009446305375235386e-01,-1.163994710677584976e-01,-2.179362748756780155e-01
-1.985905219758177243e-01,-1.146814332483941379e-01,-2.226401614051559674e-01
-2.014117338789749301e-01,-1.112894470107310407e-01,-2.272502226279639048e-01
-2.008011372443331277e-01,-1.051882606397417930e-01,-2.332294303672882707e-01
-1.959727246609424545e-01,-9.686593767352902340e-02,-2.375235977513139307e-01
-1.962640505262309709e-01,-1.070003656653667201e-01,-2.363689599515969020e-01
-1.961579150115105308e-01,-1.209393497843565535e-01,-2.339978136273292986e-01
-2.026561710674730787e-01,-1.188600687071073025e-01,-2.303820794238662373e-01
-2.041023951377508028e-01,-1.072974266415983313e-01,-2.282252594535906232e-01
-2.043730248659255677e-01,-9.631023313366823824e-02,-2.303480844308244402e-01
-2.078503989678818220e-01,-8.909144073859262547e-02,-2.354825035337285710e-01
-2.084404193713133568e-01,-8.954432714599802612e-02,-2.387291018597613723e-01
-2.030986487068227042e-01,-8.754569940594483790e-02,-2.450146786990871073e-01
-1.981551689675430938e-01,-9.467022038233360859e-02,-2.451143711007739423e-01
-1.960962343652946638e-01,-1.067381968436879047e-01,-2.419410211310898395e-01
-1.969474868597290707e-01,-1.210076456368609499e-01,-2.388872726126507473e-01
-2.052133146484077519e-01,-1.246283450388665504e-01,-2.383109301938466373e-01
-2.069062443571545451e-01,-1.178208676585792980e-01,-2.398332785885003426e-01
-2.066659382632632380e-01,-1.090618991700117724e-01,-2.407096216144730683e-01
-2.132627354508375705e-01,-8.900523648036667845e-02,-2.411098446757392599e-01
-2.135320387549102250e-01,-6.764117320811668943e-02,-2.456756056819525691e-01
-2.094944486727544630e-01,-6.126991643758228356e-02,-2.458114838033098604e-01
-2.056803397725721072e-01,-6.904056297890484584e-02,-2.455563233395120504e-01
-2.016713523236086658e-01,-8.596501668228398452e-02,-2.473690781366699731e-01
-1.974056065594502751e-01,-1.033018639723729815e-01,-2.440172359676016089e-01
-1.963910581191400384e-01,-1.137590448728083015e-01,-2.447777952522701694e-01
-1.976049472068350243e-01,-1.204462279235736233e-01,-2.436029679932277814e-01
-2.008989304470641390e-01,-1.176292908791601310e-01,-2.418076873252062997e-01
-2.024093039489469059e-01,-1.135361194121409512e-01,-2.377695651358824325e-01
-2.024554829667928324e-01,-1.090231000436073239e-01,-2.336659015055178035e-01
-1.989341665590337316e-01,-1.077496188021585810e-01,-2.356784794321403753e-01
-1.970498693983845917e-01,-1.056170949874060405e-01,-2.367724344670696368e-01
-2.024556108758978068e-01,-1.066577609346595346e-01,-2.389296275109491496e-01
-1.998412260118657136e-01,-1.091277916219842159e-01,-2.411109717081707515e-01
-1.948716638700695447e-01,-1.135137417980680574e-01,-2.414536843756664997e-01
-1.926038837971390527e-01,-1.161839356701268589e-01,-2.383870745903228228e-01
-1.975566563550156807e-01,-1.164418688478989772e-01,-2.396888211066963148e-01
-2.010865270035367969e-01,-1.113855317385617216e-01,-2.447276664829456383e-01
-2.038014149546740761e-01,-1.081443188797884258e-01,-2.462058658605472683e-01
-2.035849233688631355e-01,-1.048269857382745085e-01,-2.416871312311112963e-01
-1.992723268386485391e-01,-1.065457630225280505e-01,-2.398254171667318912e-01
-2.021214025496860800e-01,-1.049577865167131974e-01,-2.392743826296481746e-01
-2.023512219935684198e-01,-1.082010077193527042e-01,-2.406668926950750187e-01
-1.995816602740028700e-01,-1.079828179501954033e-01,-2.453244491224260138e-01
-2.002464074852030596e-01,-1.105534517849781906e-01,-2.428918989222831337e-01
-2.001658745591983757e-01,-1.154863232209064616e-01,-2.402084414598475437e-01
-1.996764166678417496e-01,-1.149852610757994276e-01,-2.404133532887825497e-01
-2.009773379416383010e-01,-1.115593219129231151e-01,-2.414334451988593422e-01
-1.984017870299464859e-01,-1.119021394166088701e-01,-2.407560416284036942e-01
-1.980854307137804859e-01,-1.118758583391498973e-01,-2.436467021222682439e-01
