-7.502033770181761041e-02,-1.764885915703784738e-02,3.734245709055963175e-02
6.357205948851758770e-02,-5.326839135213583265e-04,5.211502129408943640e-01
3.914775529236110274e-01,-1.420916120116504644e-01,8.847198163566522000e-01
8.993844254958143214e-01,-2.452195498885142710e-01,8.957439791632393344e-01
1.249174807087603645e+00,1.080188032625911537e-01,1.050789770860084849e+00
1.683039628089054940e+00,3.873730735715228968e-01,1.100595385199915288e+00
1.992148882138391919e+00,7.907156261387392471e-01,1.252640706206013643e+00
2.324348691544519507e+00,1.236300176249912175e+00,1.156691273783490015e+00
2.605381477041003979e+00,1.667385404466840582e+00,8.130350893546214319e-01
2.812945726478557340e+00,2.145102140925605028e+00,6.800355072989366922e-01
2.873877948302422158e+00,2.661306501258167145e+00,7.230371584020459652e-01
2.866282693458224173e+00,3.191221891339006245e+00,6.609647336865012157e-01
2.972741085625872692e+00,3.695316378614699637e+00,6.106541410825340188e-01
3.168842240131034327e+00,4.210660503120146281e+00,5.732187579501015762e-01
3.189114403213956894e+00,4.775983514810624442e+00,5.505971647174170425e-01
3.228848531237465735e+00,5.234712632634458629e+00,7.952426153862307556e-01
3.016806264434482188e+00,5.736023278841087425e+00,9.816314276921379589e-01
2.851659057817779175e+00,6.269524810251620117e+00,8.805245346102850146e-01
2.441656019222375740e+00,6.756779525510641982e+00,9.494440808745375771e-01
2.163154363831916616e+00,7.201747744752673874e+00,7.734124133889743735e-01
1.700978433611338048e+00,7.438979363287005597e+00,8.201208241443372904e-01
1.126717840325361930e+00,7.584619876276274653e+00,7.537643859929645807e-01
5.715583308418400454e-01,7.577888272581153828e+00,8.683955894909639595e-01
6.673649134310255526e-02,7.576306868309380604e+00,8.753203061667287344e-01
-4.163169060962853552e-01,7.484026474643100002e+00,7.452766567415803900e-01
-9.451139711661356024e-01,7.077242490333266467e+00,5.732803041826476376e-01
-1.237776870990966005e+00,6.642194476930942670e+00,5.867306224320210095e-01
-1.584649117506697458e+00,6.213797324474254147e+00,6.123976087706762828e-01
-1.872662682870231077e+00,5.750745804077585177e+00,6.216095596725713657e-01
-1.891203252952727398e+00,5.274721418471343348e+00,4.439864257403822179e-01
-2.091758683741849367e+00,4.764006494458965513e+00,5.923557787180877554e-01
-2.115013142576068539e+00,4.221566880207004324e+00,4.711110075765298499e-01
-2.062404276549564486e+00,3.740776537374001620e+00,6.074280402260772149e-01
-2.028888682353481077e+00,3.188640438824611234e+00,8.159806503692869084e-01
-1.746216358439826033e+00,2.726139462393990520e+00,9.146455856797351958e-01
-1.500335830371090085e+00,2.275628911894886919e+00,1.000497515262075421e+00
-1.102889888182475353e+00,1.948936064239385146e+00,1.114839498376153593e+00
-6.591367843901900780e-01,1.685607822864723104e+00,1.056324975769642238e+00
-1.335329042916945930e-01,1.565794000875085912e+00,1.089358405238945116e+00
2.391019277148473399e-01,1.389728820008685028e+00,7.992279878323942377e-01
7.166709659142934674e-01,1.496581805874131366e+00,5.537393457424275578e-01
1.097433374794099636e+00,1.753671560732593671e+00,3.336631684730154701e-01
1.404075237738832138e+00,2.248679865012245038e+00,3.066749834509849837e-01
1.552225401811305083e+00,2.752798321147919225e+00,2.764655776334911663e-01
1.710207845597003340e+00,3.232252233585790613e+00,3.165598008841437605e-01
1.692546949350438590e+00,3.753376919768662390e+00,3.328295556984890435e-01
1.867241967619669651e+00,4.284951359684395555e+00,3.820793660295538352e-01
1.964936204080518278e+00,4.803154442857547224e+00,4.917905341041058365e-01
2.027743311630126666e+00,5.408158292055214922e+00,6.382821334766693999e-01
2.086344907504419588e+00,5.908747170954007366e+00,4.263570091111741345e-01
2.007981763199009784e+00,6.358145016137829231e+00,8.175535518199811280e-01
1.311370163044128345e+00,7.106747018813289962e+00,6.299934656922535625e-01
8.874873286185321897e-01,6.839151826586182814e+00,4.595534249406619254e-01
9.153340269484206981e-01,6.270708170722130603e+00,4.307344611589041250e-01
7.530799732759615450e-01,5.725663063664671704e+00,3.691705690921908145e-01
8.105091393765896379e-01,5.174576002758604965e+00,3.635553570985688987e-01
6.476698809987928573e-01,4.657794536118887052e+00,4.503422342422793156e-01
5.509309845698803221e-01,4.144229746604926490e+00,5.325890237166733820e-01
2.881986160262841601e-01,3.620362061935216147e+00,6.449700313283124320e-01
6.669490677794592814e-02,3.165093362417835898e+00,6.123922995046330309e-01
-1.178442266391781790e-01,2.669695887432372849e+00,8.046891744810705793e-01
-4.543897675640622413e-01,2.212599091982109911e+00,7.894115104636975078e-01
-2.527442154683418263e+00,3.256470905081225720e+00,7.629002256257186865e-01
-1.732873585079686141e+00,6.718272266933499992e+00,6.725349667646385310e-01
-1.580969700111267695e+00,7.246456048575272924e+00,6.869909854453539744e-01
-1.315388582420242480e+00,7.713100190718026106e+00,5.649850602817284573e-01
-8.928637171139534034e-01,8.068791649677137912e+00,5.562745250117711038e-01
-4.039645065238996469e-01,8.312047164813172628e+00,4.821177181048558191e-01
1.025557573828278640e-01,8.410501066657801061e+00,5.181373807179221469e-01
6.136033870732047202e-01,8.411754290532709177e+00,5.142357574842266743e-01
1.163533072020865866e+00,8.301445656496422743e+00,5.613850089038674440e-01
1.631610268419025012e+00,8.022885836258534908e+00,5.158234045447032123e-01
2.136423144566937271e+00,7.813868383053875988e+00,5.814628804886069480e-01
2.629515144396696424e+00,7.325513818266385258e+00,5.685656018097308140e-01
2.946579052123738496e+00,6.937101313486139453e+00,4.635883025637072552e-01
2.740006267991275113e+00,5.917737460821782314e+00,5.263330368456274888e-01
1.604658975647894170e+00,5.186365551471767255e+00,3.809393262602655539e-01
1.059569188334427564e-01,4.406314731700620158e+00,5.685255263680444315e-01
-3.608575102065588180e-01,4.080216246303844052e+00,5.507488360921699577e-01
-7.579914439725942144e-01,3.717370574549153872e+00,5.096726264814080976e-01
-9.587115071576015612e-01,3.222531670439437779e+00,5.784343022420854741e-01
-1.318369075030233040e+00,2.820058579944446642e+00,6.189365009292030484e-01
-1.839871478537732363e+00,1.952331138285794410e+00,7.603827542312578958e-01
-2.071794789141597981e+00,1.424688778432597003e+00,7.572424506744084294e-01
-2.329016431796401054e+00,9.165023820782538522e-01,6.682956646106753551e-01
-2.414398748699340569e+00,3.511254225655256467e-01,6.648021388410438881e-01
-2.550966911601914688e+00,-1.717848762653894634e-01,6.480887623698776689e-01
-2.358660578896076832e+00,-7.106670190491294337e-01,7.032830164449457300e-01
-2.054047604239711333e+00,-1.168362460563114436e+00,8.107775922116502443e-01
-1.677748610268422258e+00,-1.531183948263939110e+00,7.834188877166945453e-01
-1.284080673134606831e+00,-1.855107034607042849e+00,7.740411554098318714e-01
-7.974375190366626009e-01,-2.008456786659154059e+00,7.374630736384660823e-01
-2.230457074602641976e-01,-2.022436837567961554e+00,7.472745977967435449e-01
2.781496239186521668e-01,-1.814975793396281123e+00,6.071129766160595631e-01
6.787951289119118492e-01,-1.509436153471032327e+00,7.016756225026630212e-01
6.822465740426070235e-01,-1.037724642814366494e+00,5.184132733032904561e-01
4.196509791908646370e-01,-5.704815560463151192e-01,3.830699335983236420e-01
