-7.507215153101097493e-02,-1.900250169427948263e-02,3.656595949600995044e-02
-8.314316672577791445e-02,-1.761424850385033894e-02,5.002004725249607764e-02
-8.616105034056376066e-02,-2.315006479670772208e-02,5.664607820370996111e-02
-8.520976416157889644e-02,-2.061896119536825098e-02,5.918611918547700412e-02
-8.546919216991896717e-02,-2.195243025108796486e-02,5.906253574567336961e-02
-8.813779242095493016e-02,-2.061005641884178924e-02,5.909477412132928958e-02
-9.650547787535347644e-02,-1.882354107232633855e-02,6.855679766551035781e-02
-9.630445890131762721e-02,-1.796279226423221423e-02,6.887884437688759909e-02
-9.459393689032777330e-02,-1.906296085214336314e-02,7.153225258740396331e-02
-9.609585721571198280e-02,-1.895389221499218374e-02,7.240368659142210062e-02
-9.592554736339781174e-02,-2.004987022595168533e-02,7.109492981290278790e-02
-9.681335779815639087e-02,-2.092629333139993386e-02,7.049193499828179665e-02
-1.006001782662268168e-01,-1.844825287836404995e-02,7.720306590270983871e-02
-1.026978601626012261e-01,-2.130812545560792706e-02,7.721068937264480292e-02
-1.020158395794121126e-01,-2.279428354230774237e-02,7.736744098186112972e-02
-9.650714365093905622e-02,-2.158277266886585166e-02,8.322793427275175515e-02
-1.013851425803103529e-01,-2.404870106011409298e-02,8.526697235561078725e-02
-1.024104488853145867e-01,-2.045803004089446347e-02,8.502217377728658876e-02
-1.036576712881538409e-01,-2.068602471009931346e-02,8.280357759809731100e-02
-1.046420940866774341e-01,-2.424156282798923048e-02,8.357788257850358449e-02
-9.862042241680232801e-02,-1.989409547741291528e-02,8.728531247687001948e-02
-1.017558787242889007e-01,-2.076400349417190441e-02,8.900188572836718881e-02
-1.065398631426807130e-01,-2.226316978769854807e-02,9.214965941956637652e-02
-1.100777899019813738e-01,-2.666160374760961557e-02,9.455551492568892158e-02
-1.116497547271319279e-01,-2.870632178020701697e-02,9.486182439625762131e-02
-1.095604036656604441e-01,-2.545040708206790583e-02,9.569095905126573376e-02
-1.085726599504856643e-01,-1.929892120117427182e-02,9.460303177596268709e-02
-1.065874775005818675e-01,-2.000172970923281071e-02,9.842529652545417562e-02
-1.023953491847486574e-01,-2.330269871266852852e-02,9.845153029983066961e-02
-1.010455989216227368e-01,-1.894750353330374240e-02,9.870103794448932544e-02
-1.016467798883209789e-01,-2.185486075591729430e-02,1.030931547335919851e-01
-1.000403717574728790e-01,-2.428539494673417898e-02,1.070678382503728182e-01
-1.024908199291077460e-01,-1.992904356686586720e-02,1.009673622922453995e-01
-1.014918669176981952e-01,-2.018285290298651308e-02,1.016679856135230264e-01
-1.052924854358171514e-01,-1.816677412021414778e-02,1.013392673744029637e-01
-1.049776443913254115e-01,-1.636600911088315416e-02,1.055469329819016533e-01
-1.056249895421509238e-01,-1.631909588720830556e-02,1.060459905782835388e-01
-1.019670170103203211e-01,-1.848310424558008772e-02,1.064083872668747099e-01
-1.015916791995448432e-01,-2.390887731203145128e-02,1.082781684157377300e-01
-1.044510730261497683e-01,-2.886743275831128025e-02,1.106882987405571894e-01
-1.057853726516875259e-01,-3.124095436193575354e-02,1.129822304775098263e-01
-1.107530344786850640e-01,-1.770888508995493646e-02,1.091799061438961244e-01
-1.092627929389601016e-01,-9.086979350958392793e-03,1.104778116519123388e-01
-1.069707894644340573e-01,-1.330050142582982209e-02,1.064729391781135681e-01
-1.054546078645330343e-01,-2.636141259843481632e-02,1.139763338985406438e-01
-1.046088369274726787e-01,-2.639953976609663716e-02,1.200592673090785795e-01
-1.043688301479453323e-01,-2.524807263279886527e-02,1.204911854524295389e-01
-1.028788835595157991e-01,-1.581300116341069137e-02,1.117293059555160284e-01
-1.003938917808006592e-01,-1.608305674883035719e-02,1.093642395507001541e-01
-1.016989756994337718e-01,-1.442038038628015370e-02,1.115645394240565441e-01
-1.031009604853690698e-01,-1.893660924367248158e-02,1.131778571741455103e-01
-1.082760594902762996e-01,-2.137694859650693738e-02,1.158023989971416756e-01
-1.128871242000024921e-01,-2.365993697514848920e-02,1.156332104891026336e-01
-1.152689196972099400e-01,-2.445001383320872385e-02,1.172364111887614635e-01
-1.161113104187383727e-01,-2.440805010305916248e-02,1.165668906110249037e-01
-1.121787650614397003e-01,-2.244666123125823448e-02,1.204922211625104878e-01
-1.114457931471319885e-01,-1.981829657609159023e-02,1.220446207352464119e-01
-1.073665970551683363e-01,-2.916743022044163136e-02,1.186615773170185684e-01
-1.111526305287005162e-01,-3.266572803868921654e-02,1.200738343723664198e-01
-1.125930255184965367e-01,-2.882248552780049961e-02,1.158260688184440806e-01
-1.140076257459320119e-01,-1.882849842390010159e-02,1.169676336632205632e-01
-1.118478769519203331e-01,-1.665280002406610907e-02,1.194723496087115311e-01
-1.099893748516760916e-01,-2.119616105414986670e-02,1.225686847917182298e-01
-1.102343756159641086e-01,-2.425901290664138690e-02,1.229850894058164279e-01
-1.159981715010126174e-01,-2.321861126598313146e-02,1.218600804301225998e-01
-1.065557345942819145e-01,-3.381114355837946950e-02,1.310935053377795256e-01
-1.046322755272792865e-01,-2.731845362907826119e-02,1.278622720518358402e-01
-1.039418158780849033e-01,-2.926801581169434507e-02,1.268705298031621020e-01
-9.374876216624175584e-02,-4.681988144492542359e-02,1.304510445020146125e-01
-9.726040518452822026e-02,-3.896726425919915665e-02,1.272441038921411638e-01
-1.076029748430805122e-01,-2.135437730572570594e-02,1.355410362551069947e-01
-1.032054029801548756e-01,-4.718545995480698252e-02,1.403524096468262150e-01
-1.040129334639366687e-01,-3.666538396421765988e-02,1.410382776749164735e-01
-9.727125040537198952e-02,-2.303078361006693706e-02,1.425453386554424162e-01
-9.715821698638810178e-02,-1.839712191297729338e-02,1.383564731815414561e-01
-9.188472094629077103e-02,-3.387553295274983722e-02,1.446389242704748945e-01
-1.011318689818893335e-01,-3.444921597466159280e-02,1.474212214468294535e-01
-1.188993116456322635e-01,-4.170113119679005886e-02,1.533979721864245083e-01
-1.210972802322777542e-01,-3.009155780002563743e-02,1.639100601864925955e-01
-1.130592943666126338e-01,-2.348482041873970610e-02,1.578066162125730254e-01
-1.086236762454592386e-01,-2.134395386775062020e-02,1.635779790075855833e-01
-1.082287527936723476e-01,-2.758549464193757461e-02,1.591849040612747235e-01
-1.102864232097196806e-01,-2.993468630679096271e-02,1.603022138979209310e-01
-1.177243717948039253e-01,-3.082703723743954877e-02,1.661092850513261054e-01
-1.130180118116704546e-01,-3.325557008480276022e-02,1.698585127541468176e-01
-1.043952146358848448e-01,-2.780732670960170405e-02,1.724447618565364548e-01
-1.075094421018585322e-01,-2.996474865749697292e-02,1.789761710929458349e-01
-1.072880798245453571e-01,-3.750010940808855275e-02,1.800158615432324583e-01
-1.057832116000695932e-01,-3.334469042124973276e-02,1.776815625083200123e-01
-1.206427175503541754e-01,-3.876701370030217336e-02,1.775167407452226676e-01
-1.202996948519302195e-01,-4.600518554875489968e-02,1.800367765417930366e-01
-9.925724736523525160e-02,-4.244326083894728319e-02,1.849113011964964026e-01
-9.289695010951161402e-02,-3.312043525190093429e-02,1.890984470344333479e-01
-1.010436522535830967e-01,-3.186866944590069362e-02,1.877887613426131586e-01
-1.142986111869551680e-01,-3.224341088983805059e-02,1.809203347547723162e-01
-1.172946985997211367e-01,-3.500264400625911765e-02,1.818003421272373632e-01
-1.076245678954807217e-01,-4.174618514710674855e-02,1.929756610635013914e-01
-1.069670664561897799e-01,-3.460774789228873022e-02,1.903075835120909276e-01
-1.127681558777083731e-01,-3.813747795209503078e-02,1.928192757804479129e-01
-1.142850835693717954e-01,-3.539227799711680555e-02,1.883536794426591832e-01
-1.217163126187590927e-01,-3.655455977717690652e-02,1.849859484529388087e-01
-1.204987121402941175e-01,-3.895848016243279310e-02,1.826495792155612419e-01
-1.125000698112157693e-01,-3.912478330755234102e-02,1.918222603669476611e-01
-1.160589527391480691e-01,-3.343940039068236947e-02,1.925048520083743053e-01
-1.148340671802046686e-01,-3.249480553071309313e-02,1.962999440195325462e-01
-1.174839434526386145e-01,-3.670556280466957810e-02,1.947356819608185852e-01
-1.228127892626914852e-01,-4.293774207432298623e-02,1.873321381352183734e-01
-1.216807982270210892e-01,-4.529941250081672560e-02,1.885919604478726863e-01
-1.219392149326735120e-01,-4.552008706223792389e-02,1.906509749291039058e-01
-1.230582519548276688e-01,-4.095144482047827911e-02,1.934008319496529071e-01
-1.308454670037099143e-01,-3.941605206910239051e-02,1.920755079422850620e-01
-1.332562353281514234e-01,-3.873705129142489267e-02,1.906766580089707674e-01
-1.297431028005938403e-01,-4.263616542303846901e-02,1.895836930402078069e-01
-1.244729432509034950e-01,-4.234837894093670951e-02,1.892780097056754596e-01
-1.173460295466647874e-01,-3.870416319042607745e-02,1.890240795486654024e-01
-1.179400611513188590e-01,-3.407414966990258975e-02,1.817143117694210441e-01
-1.247517283480188005e-01,-3.151304441621559371e-02,1.788505287016537992e-01
-1.328423035071740199e-01,-3.940636010311575343e-02,1.818542463375957818e-01
-1.323031870501839569e-01,-3.794242046227358500e-02,1.794559056381904438e-01
-1.264749770380559912e-01,-4.063796163768723657e-02,1.863724669670986933e-01
-1.288626418385759309e-01,-4.492270057460599764e-02,1.887140511557958700e-01
-1.234941057562701783e-01,-4.273717266943419940e-02,1.887628716242536753e-01
-1.215935203573502710e-01,-3.810037074595008788e-02,1.854451928276398265e-01
-1.224897731225270125e-01,-3.767200364087650022e-02,1.829649216263724565e-01
-1.090082656962885477e-01,-4.190548424378881531e-02,1.843496879511572484e-01
-1.144497525633929869e-01,-4.320774962057414431e-02,1.820318872308599456e-01
-1.108233432125066975e-01,-4.443669092152661981e-02,1.901145514939109049e-01
-1.107679589314206625e-01,-4.488200530760083629e-02,1.959252749309386421e-01
-1.243445993560168272e-01,-4.086550079102064387e-02,1.946177499132403788e-01
-1.189830933489702952e-01,-4.294862221878986697e-02,1.964609692083361114e-01
-1.087372900401767650e-01,-4.821864942809910015e-02,1.974644382059358438e-01
-1.025027603431008655e-01,-4.726477541298489821e-02,1.961046431218326502e-01
-1.006729788252285762e-01,-4.508967604804599294e-02,1.935134336305360525e-01
-1.006185482805881659e-01,-4.526160635253034803e-02,1.939878028585173553e-01
-9.956140902263370396e-02,-4.159066213322408501e-02,1.981479020469293362e-01
-9.787792423997301872e-02,-4.439706939056860951e-02,1.966335614293410194e-01
-9.591866878835969557e-02,-4.830393319806523811e-02,1.926749374893697297e-01
-8.362202160071217916e-02,-3.894240746470800651e-02,1.861606783339170845e-01
-8.683688303639894301e-02,-1.064503477822408527e-02,1.894431205512574490e-01
-9.508685107681262572e-02,1.173682701284397244e-02,1.787076881790701233e-01
-1.174392015715217952e-01,1.134729260161048553e-02,1.700709603337402231e-01
-1.185842352055065940e-01,-1.298476220607242340e-02,1.818964337762931371e-01
-7.275648021526244513e-02,-2.729404688717490882e-02,2.025928355161286942e-01
-2.010208186437358741e-02,-1.503821960044298724e-02,2.345643288713803731e-01
-1.283680130276055112e-02,1.519875898908078357e-03,2.094068365202055859e-01
-6.216397267224410550e-02,-3.157985301993625725e-03,1.959197795781301710e-01
-1.076610485558259223e-01,-1.413219231948299737e-02,1.548654296422461718e-01
-1.193355393077994153e-01,-3.943522679786266166e-02,1.973856153671581237e-01
-1.336372497842786833e-01,-8.063904090269638503e-02,2.694757207449338665e-01
-1.332584715133729170e-01,-1.047867457087108822e-01,3.256853272377727704e-01
-9.035589218218832708e-02,-1.029606936660303479e-01,4.307476761801150023e-01
-4.464885931594671231e-02,-1.023988407788310323e-01,5.409941166371254884e-01
-1.082617400545914273e-03,-9.888864801168655017e-02,6.503208262400567152e-01
4.622787464026997112e-02,-5.698503723472911342e-02,6.774177198798374544e-01
7.837691469924588927e-02,-1.397228228151988546e-03,7.050656215759435463e-01
1.214299396420072119e-01,1.031422706393127914e-02,7.266988560126119712e-01
1.702667894558863027e-01,1.708212340459599066e-03,7.796866007371860974e-01
2.071496739217321414e-01,-1.943722540779961594e-02,9.000713946150422640e-01
2.240806274274577958e-01,-4.970151716620980348e-02,9.472117524531360466e-01
3.396518071349658996e-01,-7.917135945894536453e-02,9.411587901583365889e-01
4.005217822524793636e-01,-7.081940642250104945e-02,9.337420738246657859e-01
4.781105752388020158e-01,-6.623756544390589640e-02,9.436531141548026858e-01
5.675442053252961472e-01,-6.083353698888969985e-02,9.524835077477655787e-01
6.224068231408935725e-01,-8.040882025589028703e-02,9.634493772401906408e-01
6.734298324041385619e-01,-1.172125991278170076e-01,9.483490806298486842e-01
7.361082027064816957e-01,-1.580728922025892436e-01,9.140045476955117598e-01
7.936690867083213696e-01,-1.708677377347317672e-01,9.159084748767074569e-01
8.374126206686569596e-01,-1.709326325608573061e-01,9.209931922256606729e-01
8.715536205809525372e-01,-1.698777876862486436e-01,9.077966145109281904e-01
9.262203469427805480e-01,-1.628530684439930820e-01,8.978051083874427629e-01
9.857700658556122209e-01,-1.532346436686320978e-01,9.282254276957253580e-01
1.057527041550090585e+00,-1.414400700638325514e-01,9.380557668391363846e-01
1.119191412389988205e+00,-1.181490587935437458e-01,9.340572358674203990e-01
1.196488784201695132e+00,-5.401073858486341722e-02,9.350385786908850250e-01
1.274648681706933129e+00,1.849406587170432034e-02,9.694288526600601807e-01
1.336111117579227070e+00,8.279226187964676409e-02,9.702166395007516542e-01
1.383427186014549060e+00,1.219514695211037503e-01,9.584331606817418914e-01
1.441035370327445886e+00,1.511180240812413367e-01,9.413056534289989674e-01
1.486306161455192454e+00,2.042789814312012120e-01,9.217038717566413686e-01
1.552569343091793952e+00,2.658003921342998455e-01,8.876204122875531732e-01
1.625868276474186747e+00,3.411873298916065500e-01,8.358897934866152957e-01
1.720273454249759748e+00,4.374675408959640133e-01,8.170711359443717514e-01
1.787856740775901176e+00,5.379917399900161490e-01,8.312791702996926713e-01
1.834745375899537567e+00,6.204498345481130883e-01,8.458425640189548567e-01
1.855407586942301679e+00,6.939168632427030747e-01,8.330985756502530259e-01
1.864239285010345526e+00,7.596074382448557705e-01,7.951966140360744451e-01
1.877247214459755176e+00,8.215633278206889711e-01,7.639984029947540778e-01
1.901340995174416904e+00,8.911257759106612220e-01,7.585658842439372274e-01
1.930433065905425849e+00,9.783930547946608769e-01,7.663383408775912287e-01
1.991698607379409403e+00,1.075123918354482511e+00,8.017240145424864295e-01
2.037836665500954325e+00,1.170697381851579122e+00,8.547020999919940909e-01
2.084774640147045055e+00,1.265877384377656956e+00,8.831954893116762406e-01
2.135673936028285258e+00,1.365722619822606676e+00,8.774868263198501994e-01
2.172772009923568781e+00,1.464975306089384866e+00,8.495312761737950913e-01
2.209264698630575730e+00,1.560718331740027720e+00,8.010299516867325220e-01
2.245336797741110502e+00,1.653914472641058842e+00,8.131423424469299555e-01
2.284987114054538804e+00,1.733656392135567659e+00,8.624393120289628456e-01
2.315883044358112208e+00,1.830510217203023648e+00,8.764053801101447938e-01
2.330769439901325679e+00,1.942009996207989087e+00,8.513467370492837638e-01
2.347077842648272572e+00,2.052580811340263711e+00,8.364979806635778337e-01
2.356121113663890210e+00,2.154188773038418159e+00,8.368885930555847175e-01
2.357163275992494089e+00,2.251696152710529475e+00,8.179419839410145832e-01
2.361963810020763610e+00,2.351112809148030447e+00,8.349738972061782061e-01
2.377321893802124553e+00,2.452751739507307516e+00,8.551062577637059681e-01
2.398813356185609535e+00,2.556928163450386648e+00,8.348891293444758999e-01
2.432469963633567822e+00,2.667578977811643437e+00,8.325721630427185271e-01
2.477848102289190280e+00,2.773414611290746290e+00,8.557048347992320947e-01
2.520025372814287845e+00,2.889925583600720493e+00,8.787508173674810630e-01
2.541510287196330431e+00,3.014595141629246022e+00,8.849287987858901472e-01
2.559670870143342380e+00,3.145611778066559339e+00,8.778694916184948127e-01
2.569164281196829602e+00,3.261799275971719592e+00,8.621375191630148427e-01
2.567554251792286024e+00,3.374638485067821492e+00,8.307692523405972862e-01
2.559100091626310025e+00,3.474180053187223560e+00,8.193836799546938554e-01
2.555923556913671568e+00,3.559288466144439944e+00,8.304948754274776856e-01
2.542232192283995218e+00,3.637534883173153766e+00,8.482742796829955134e-01
2.534149495465715773e+00,3.716004251198300690e+00,8.353336281689673903e-01
2.537318802642994253e+00,3.799500862915239807e+00,8.280203647548300960e-01
2.552681444294844226e+00,3.889038428713947670e+00,8.536431766780827601e-01
2.559126100736683007e+00,3.981772293597170442e+00,8.824900308885862410e-01
2.563753482437224562e+00,4.086000514348220314e+00,8.937552167615474552e-01
2.566533425775611832e+00,4.190620402310289982e+00,8.621355039561326983e-01
2.560123548321104003e+00,4.305159118421523878e+00,8.136454143465225997e-01
2.558470591665727767e+00,4.438319371767295074e+00,7.877913889632670585e-01
2.542549971936211683e+00,4.556134730912877018e+00,7.842781430474564663e-01
2.531566861485333053e+00,4.645304691536593644e+00,7.931435433858949891e-01
2.509073213108473865e+00,4.739252742752403158e+00,7.640215631207639690e-01
2.477760382417107277e+00,4.822085129552401206e+00,7.154696075370253761e-01
2.444029096699873893e+00,4.904218800957868218e+00,7.272601792234024698e-01
2.418710301266323803e+00,4.988890814267923801e+00,7.273423093917766868e-01
2.388400422021685898e+00,5.082408192353685017e+00,6.939194299967041957e-01
2.357104399197359701e+00,5.172497616991876157e+00,6.574146680121077946e-01
2.296921280079822658e+00,5.258853801316675458e+00,6.276037201815919397e-01
2.238059613811744786e+00,5.358448803217651601e+00,6.013801056646148613e-01
2.195985603607699677e+00,5.445352244083109028e+00,6.115407491854178978e-01
2.176885883812955225e+00,5.528422891759140256e+00,6.332252828069934170e-01
2.168673163922455682e+00,5.647604825612891233e+00,6.082210481822916126e-01
2.149012697004420769e+00,5.740058458154789101e+00,5.701248270832156573e-01
2.164142297676587390e+00,5.800999947553862945e+00,5.328468988179962951e-01
2.196333125155478516e+00,5.839563294954972505e+00,5.168456736613779023e-01
2.188240650149689159e+00,5.908886716001118700e+00,4.943686013121233458e-01
2.167702113151263266e+00,5.976944997115955616e+00,4.972081878653331621e-01
2.145785136522095904e+00,6.039231766369007381e+00,5.081562898104141635e-01
2.111244753883820380e+00,6.102216779931400659e+00,5.182185519477972013e-01
2.041151285780451463e+00,6.174582317277730326e+00,5.045222699091902463e-01
1.982565321071970255e+00,6.249178040229023345e+00,4.652658509700929867e-01
1.928513925546958996e+00,6.329178576808090817e+00,4.384675268697917350e-01
1.853070286370264830e+00,6.434703529469728345e+00,4.880062533960122240e-01
1.805520035130839807e+00,6.518119519074285328e+00,5.611623599543226204e-01
1.731567806906728180e+00,6.633986579635800851e+00,5.776564516042238528e-01
1.671339857532897932e+00,6.720183523852589325e+00,5.238539061160276677e-01
1.629832227159947688e+00,6.775147728617904264e+00,4.112231433331667851e-01
1.597096967823217195e+00,6.799750986111234852e+00,3.099442183084552549e-01
1.542856817982189543e+00,6.811988774982971506e+00,3.118432677850889179e-01
1.515565210495095405e+00,6.816233103803439164e+00,3.469912616139363415e-01
1.435723385433037791e+00,6.834939175879174655e+00,3.192456207750564712e-01
1.355002722134783344e+00,6.880869753285966617e+00,3.003889069020212466e-01
1.313015415167954947e+00,6.936286306651371802e+00,3.574656070441700750e-01
1.271028985743217765e+00,6.991446724519458478e+00,4.356705093219400138e-01
1.226832712693543881e+00,7.017671546724963072e+00,4.749783915317423166e-01
1.175379332121484266e+00,7.060482222992598977e+00,5.001017639652743929e-01
1.119557222559112608e+00,7.116139388739592064e+00,6.497567534723948102e-01
1.070179409460531028e+00,7.174746678503988839e+00,7.489290350368903448e-01
9.642862238736295000e-01,7.245472555398134951e+00,7.729930690022869255e-01
8.798465772263825979e-01,7.296893399577844441e+00,6.970073118162095627e-01
8.368652088452964710e-01,7.288299680618679055e+00,6.216299063423811333e-01
8.561095974139566467e-01,7.254502541487492628e+00,6.168254591698033584e-01
8.524683280985156930e-01,7.228780245160113971e+00,6.661486316656199946e-01
8.547541600533927753e-01,7.199137026374601511e+00,6.853196315055867238e-01
8.085505719294708848e-01,7.203385626548362453e+00,7.054131626831307011e-01
7.177006181647082039e-01,7.219483022103417191e+00,8.266703018974443928e-01
6.536694071306830001e-01,7.209339774981234683e+00,8.185413493473320257e-01
5.618244268562960775e-01,7.195880404471242997e+00,8.173978671324615419e-01
5.049077742310732475e-01,7.162026031231805590e+00,7.943365670518200972e-01
4.402722436738567557e-01,7.139105010970621557e+00,8.136850246562474798e-01
3.408429502376063014e-01,7.147151904344416273e+00,8.536687711971280290e-01
2.506883727554466423e-01,7.157444213808826561e+00,8.958106479643480613e-01
1.451182920578544810e-01,7.154963550644534820e+00,8.973227192580363054e-01
6.268386670196540722e-02,7.112406303304888766e+00,8.650886539085921312e-01
1.793719462504678869e-02,7.049222785508399980e+00,8.588499779669546141e-01
-3.236008748473254149e-02,6.981976072833133706e+00,8.384894727801327496e-01
-1.082875614241541051e-01,6.927175638744983210e+00,8.053087959023591536e-01
-1.884116445541540730e-01,6.881895310052258630e+00,7.796641922529050639e-01
-2.435686784844423580e-01,6.827933097335006529e+00,7.231887972064533487e-01
-2.860142538387455136e-01,6.756002357135127312e+00,7.496952237247800355e-01
-3.379671392335815150e-01,6.697283403370343002e+00,8.035195711099133442e-01
-3.818310187629932462e-01,6.641655103835813811e+00,7.959105668570350955e-01
-4.499278206043301753e-01,6.597595959792276865e+00,7.705625016175527975e-01
-5.316647244931862470e-01,6.564148496041343428e+00,7.997233235265818196e-01
-5.991498720546994949e-01,6.511788520985922091e+00,8.003596895985670701e-01
-6.653913071932939793e-01,6.450865227465434337e+00,8.175221975110990025e-01
-7.364468612969863326e-01,6.358220715787045840e+00,7.559928280875320983e-01
-7.791733743502144982e-01,6.266397318590018806e+00,7.205481018410484495e-01
-8.084244119201635659e-01,6.175562628621561245e+00,7.152826280137455361e-01
-8.325121810093664143e-01,6.091109713239943879e+00,6.975660265202642263e-01
-8.645593881127363600e-01,6.011134011648067599e+00,6.965833075673056873e-01
-8.773128434557060373e-01,5.919406813418692792e+00,6.404709103177643748e-01
-8.823921983371976197e-01,5.820921080209054743e+00,6.133596713329397820e-01
-9.084856084887737993e-01,5.724523796833868694e+00,5.699933790961188018e-01
-9.466877491622450735e-01,5.637146685117214950e+00,5.827226518315249404e-01
-9.591817653052081560e-01,5.547825181676760309e+00,5.828790635599323533e-01
-9.642053757164305017e-01,5.465548356372061711e+00,5.984703267550428585e-01
-9.790108473540818368e-01,5.384821568142072579e+00,6.254767076982820084e-01
-9.557379251663131736e-01,5.308375248222802156e+00,6.395128064337310958e-01
-9.783653220541295159e-01,5.222934009610474604e+00,6.725317745435720473e-01
-1.004311308137698422e+00,5.134710526583687873e+00,7.023242823096589316e-01
-1.005740441317967360e+00,5.028363130257943681e+00,7.481473659147478417e-01
-9.983065010150526941e-01,4.933800142750777162e+00,7.840547453536034217e-01
-1.003539602701068345e+00,4.841127279304765274e+00,8.208281805528936381e-01
-9.851736073685894990e-01,4.747906909298978739e+00,8.354224538395712552e-01
-9.309666567890612088e-01,4.653189594131784013e+00,8.625410099885987281e-01
-8.967088455930065649e-01,4.537822366052655099e+00,8.719343555546270608e-01
-8.776550478668569966e-01,4.414863086080168308e+00,9.253915896584608003e-01
-8.905408454698028331e-01,4.302589434099507670e+00,9.602869664932631721e-01
-9.177974333786602656e-01,4.207967167499996108e+00,9.576224520880071145e-01
-9.791020419969858057e-01,4.117206130516655627e+00,9.338711031859597833e-01
-1.054011206000440071e+00,4.020281459258691292e+00,9.016195016109436189e-01
-1.086771142673053969e+00,3.911779337040297122e+00,8.887915631370072456e-01
-1.089588010244008531e+00,3.803002226528211072e+00,9.274913877207637825e-01
-1.085850419639736275e+00,3.725993339168091723e+00,9.783857888058112851e-01
-1.091017672387008863e+00,3.651890317595974267e+00,1.012173424880337791e+00
-1.100577584332935288e+00,3.561107125102847881e+00,9.995352758797499959e-01
-1.107407767436803248e+00,3.459724053615036432e+00,9.377977649234818802e-01
-1.131435854509806882e+00,3.349272859874687480e+00,9.076603117489325800e-01
-1.170629432947571269e+00,3.235948639945693817e+00,9.111451533068453124e-01
-1.231116978847759169e+00,3.130880308506878595e+00,9.401184446005883544e-01
-1.269811208503072830e+00,3.024056879239485074e+00,9.464172256179392839e-01
-1.301362018662630904e+00,2.926948498844973212e+00,9.126000428925056251e-01
-1.358787870451224400e+00,2.830470228921833975e+00,8.926807844929103286e-01
-1.445124682066235566e+00,2.746114709195005332e+00,8.917760303329755889e-01
-1.525766507986693776e+00,2.655281318337507912e+00,8.876721914650997913e-01
-1.582041313076131051e+00,2.564946145171993930e+00,9.002245250718683423e-01
-1.624993982942974036e+00,2.474933143791874013e+00,9.074482633904596973e-01
-1.651023715304777095e+00,2.379275717828776671e+00,8.898914522409775429e-01
-1.670092714735200712e+00,2.285782970943092796e+00,8.450343110843461236e-01
-1.706969427000872841e+00,2.119110063048683656e+00,7.184024504553367940e-01
-1.735556380685234323e+00,2.039078820740320097e+00,7.093780716513051754e-01
-1.767280386488865540e+00,1.963467586863808956e+00,7.503010461357615402e-01
-1.800860133258921802e+00,1.891072858903552367e+00,7.827791808652349026e-01
-1.828139607759106999e+00,1.807496197691615292e+00,7.782904024746515326e-01
-1.848762083581447335e+00,1.705412133307373512e+00,7.654699426956541597e-01
-1.853990239528283679e+00,1.603792252321615930e+00,7.297494854617225801e-01
-1.869876007164372078e+00,1.512345542108346930e+00,6.940520228220974364e-01
-1.890000006873694627e+00,1.419024321678231226e+00,7.113098983089618521e-01
-1.907825066628158872e+00,1.311594644139539856e+00,7.197093981859177259e-01
-1.921157869613656421e+00,1.211720899686308917e+00,6.996126398428523796e-01
-1.941818649190349744e+00,1.107104492053545330e+00,6.811694610374745551e-01
-1.964536019630360286e+00,9.856788953465438485e-01,6.803590629899360920e-01
-1.981329137947271057e+00,8.657849075179412379e-01,6.842776415038938076e-01
-1.993231076531645218e+00,7.490510296093423337e-01,7.149466381152222993e-01
-2.017825233402126273e+00,6.468821150120311891e-01,7.557988856568602642e-01
-2.052182787668792141e+00,5.459079623864815378e-01,7.729653634794657613e-01
-2.082555868310565828e+00,4.461555936448661219e-01,7.432581768350097207e-01
-2.117025950643625087e+00,3.533730212899305334e-01,7.404314911218830009e-01
-2.139863234461802932e+00,2.572587590621361886e-01,7.506962994470598449e-01
-2.164018946883695449e+00,1.540166065608201684e-01,7.487485292564541872e-01
-2.179070570428712550e+00,5.599583650173853289e-02,7.778627466062861817e-01
-2.195966348733579210e+00,-4.056258802171257977e-02,7.872714173266239790e-01
-2.199872924259473450e+00,-1.448665264307749667e-01,7.717319183964450602e-01
-2.211937105013574989e+00,-2.519448558679729389e-01,7.570350483388121887e-01
-2.234524772545488425e+00,-3.613223800480277470e-01,7.570869834485955963e-01
-2.271716740041079152e+00,-4.749635916811444925e-01,7.588136805232457149e-01
-2.301371340519764441e+00,-5.732743399783075677e-01,7.807796200345245019e-01
-2.325514142839015808e+00,-6.612624416293158003e-01,7.862384889051587944e-01
-2.356720272132514005e+00,-7.406054393507001121e-01,7.833411110403016853e-01
-2.388303037885058266e+00,-8.408365021258528138e-01,7.709308503033267534e-01
-2.426341233978617673e+00,-9.403468532795833390e-01,7.787374048997475207e-01
-2.456756105408725244e+00,-1.033344139111117332e+00,7.802884349732255309e-01
-2.465028136397033887e+00,-1.126569181836280409e+00,7.941553756349342130e-01
-2.454886827131100180e+00,-1.222150976851135384e+00,8.016379256606547266e-01
-2.453865407753096139e+00,-1.304939566116154470e+00,8.021556666100801980e-01
-2.480378415015130233e+00,-1.499361999144301683e+00,7.754657055927900444e-01
-2.498771118865729779e+00,-1.605986719983512945e+00,7.899712079214804561e-01
-2.502880894134901890e+00,-1.732468919726130263e+00,7.978743690067242600e-01
-2.511027463249444036e+00,-1.853304625970262798e+00,8.281073144680695108e-01
-2.527328812075280595e+00,-1.971565253425418884e+00,8.360056851832471381e-01
-2.535583669423422837e+00,-2.074211175363101400e+00,8.375785450470183413e-01
-2.545757620609669036e+00,-2.164025515071888339e+00,8.325760509462931669e-01
-2.559002741207917708e+00,-2.248434709278428034e+00,8.264646107140019016e-01
-2.553510151935494132e+00,-2.329574217192399210e+00,8.330844293705843562e-01
-2.535037396438535762e+00,-2.412532631024908447e+00,8.472562787059214617e-01
-2.495315653595217231e+00,-2.509236084082211882e+00,8.671710951006468271e-01
-2.456548604840891326e+00,-2.597545635092372684e+00,8.404233258491704550e-01
-2.422268267774812855e+00,-2.680494299855138429e+00,8.402266588383848767e-01
-2.374028802841988028e+00,-2.766486404823056411e+00,8.531110179901126855e-01
-2.329064040336069397e+00,-2.859816773024709047e+00,8.649219183457710347e-01
-2.277571520369547020e+00,-2.956722208253892870e+00,8.708298428081981957e-01
-2.234375491069132913e+00,-3.051682752184089242e+00,8.515919361956383327e-01
-2.201833670592680203e+00,-3.143901213347895407e+00,8.074206231766514197e-01
-2.167875252320933033e+00,-3.225485607985155490e+00,7.593238289679169473e-01
-2.140336673221660213e+00,-3.303361832657514707e+00,7.590302255114840246e-01
-2.104042075703707937e+00,-3.376166356054131068e+00,7.500813347945274323e-01
-2.060008925107708500e+00,-3.441975455804101802e+00,7.500422122431593674e-01
-2.011769167668159941e+00,-3.509705746033668472e+00,7.614476224023263295e-01
-1.958606886034724992e+00,-3.577441142644921523e+00,7.192823083520896166e-01
-1.906289512688984722e+00,-3.639954283947627545e+00,6.845208202682731002e-01
-1.857594110053705672e+00,-3.699188194180108802e+00,7.123080891588471353e-01
-1.814372233441641225e+00,-3.758567364260204435e+00,7.027017196551117451e-01
-1.756249274479751543e+00,-3.822839362855833478e+00,6.604254586751863165e-01
-1.689386983970440070e+00,-3.890453603915271952e+00,6.494493032595678450e-01
-1.624491586895635109e+00,-3.949393266900727006e+00,6.164424782837978345e-01
-1.565900431071860055e+00,-3.994208338169908501e+00,6.082893869996524039e-01
-1.503018434699073813e+00,-4.023901618917494538e+00,6.040959224670654493e-01
-1.381037259847479381e+00,-4.055945184060065323e+00,5.128510498411262830e-01
-1.230193737657867770e+00,-4.080730271040446056e+00,3.866183778818401140e-01
-1.104579023305303664e+00,-4.098217386932821782e+00,4.095896207197272099e-01
-1.017586584891878587e+00,-4.111324612417440960e+00,4.947799524826236306e-01
-9.352948524308670741e-01,-4.093185907028451531e+00,4.082450338647127808e-01
-9.007356966181289115e-01,-4.050491292124218212e+00,3.577407259475934853e-01
-8.972650826115972089e-01,-3.992820135413922777e+00,3.602889751736245705e-01
-8.657952175316592225e-01,-3.929433026601256262e+00,3.200851593265499062e-01
-8.431268166224847871e-01,-3.883597145180108345e+00,2.357590534389076842e-01
-8.023369952647485537e-01,-3.845219669903531479e+00,1.991742272418629556e-01
-7.590439978959047096e-01,-3.883896283450391618e+00,2.538055638563920802e-01
-7.537581141134908069e-01,-3.856568900410434875e+00,2.752906507379198064e-01
-7.424006034227955686e-01,-3.853452292654257150e+00,3.184183685496030924e-01
-6.706286896987683210e-01,-3.864891888805783715e+00,3.454989782695064293e-01
-5.693884628630190292e-01,-3.873695610401986400e+00,3.188015110824070075e-01
-4.796193427265494913e-01,-3.876747875544904964e+00,3.259669577696224230e-01
-3.798498813518004780e-01,-3.886782352563593168e+00,3.707594306689693253e-01
-2.964993535856936813e-01,-3.897505024300433885e+00,4.286425930972890264e-01
-2.150696533597916127e-01,-3.897737691210977129e+00,4.617039915228323688e-01
-1.362635189870776142e-01,-3.884661345610334937e+00,4.519565246446707318e-01
-7.121555984793108418e-02,-3.849885369729776130e+00,4.241100073969160666e-01
7.459949016780355324e-03,-3.796746692438531134e+00,3.928104091248312835e-01
1.356578791346300938e-01,-3.685424458514854340e+00,3.473438437398723710e-01
1.925077783168988310e-01,-3.633588859559620854e+00,3.015245855214391812e-01
2.489145562924585109e-01,-3.588533511447395963e+00,2.760051216195406609e-01
2.911112524698197812e-01,-3.549757397847486562e+00,3.210568027362482035e-01
3.537850823687655466e-01,-3.530894255217216671e+00,3.428984378340335648e-01
4.440157118247924917e-01,-3.496312329764367455e+00,3.208021170952596868e-01
5.488451853381571821e-01,-3.447183692160378676e+00,3.231324284988132400e-01
6.421891582916283703e-01,-3.401695019137442433e+00,3.153606132911475624e-01
7.190455979621238614e-01,-3.349879521413500871e+00,3.308933179744362185e-01
7.836331056926814087e-01,-3.289685447459400613e+00,3.404913674844235461e-01
8.036807318015889434e-01,-3.233149229985561757e+00,3.261023001273622990e-01
8.218917950237046854e-01,-3.184813527694299484e+00,2.944965781859028575e-01
8.756071933489221193e-01,-3.129157569384868331e+00,2.667352123489718507e-01
9.449039431329724348e-01,-3.076943011725563171e+00,2.324890315759585990e-01
1.033274129179150069e+00,-3.025021794179172829e+00,2.193363009183879886e-01
1.113450579606409807e+00,-2.977814407551048426e+00,2.315450461072804389e-01
1.196069679231351657e+00,-2.934197485998567778e+00,2.595187012088141509e-01
1.259851375034364507e+00,-2.879832515118859071e+00,2.883106961094509813e-01
1.347836952051311599e+00,-2.803389708457909801e+00,2.647126509969406905e-01
1.434873440282659951e+00,-2.722839822072645077e+00,2.750462884715419443e-01
1.523041778344217168e+00,-2.641101874830197094e+00,3.074087326840245216e-01
1.614521896797817657e+00,-2.560457470364319477e+00,3.278545341037535921e-01
1.680461706365177221e+00,-2.468769387929742543e+00,3.242278081935232592e-01
1.743738040728644689e+00,-2.377529629868239791e+00,3.159307056611090903e-01
1.788496225936463846e+00,-2.319431217485174557e+00,3.292465724650201486e-01
1.848813943945698979e+00,-2.261135727443792653e+00,3.140463046450096551e-01
1.905321484914294095e+00,-2.200968063530554186e+00,2.579634502516278682e-01
1.938511071011407294e+00,-2.160785032311863585e+00,2.027282590691021069e-01
1.960862480342901559e+00,-2.125386313445384090e+00,2.292730446252476961e-01
1.999454755422393815e+00,-2.077375355171646731e+00,2.670218960944262254e-01
2.047411375110237408e+00,-2.019359611721163628e+00,3.086990713519990881e-01
2.097549274115038553e+00,-1.939098038383251010e+00,3.270983588902707795e-01
2.126319414810924791e+00,-1.735776380293386989e+00,3.752214889295619193e-01
2.174705653223640844e+00,-1.627668935506059622e+00,3.210166675349673260e-01
2.214236399107218478e+00,-1.519641330176505267e+00,2.627001870515647264e-01
2.248693583666158791e+00,-1.418965719613182186e+00,2.207366271599935093e-01
2.266903087529763550e+00,-1.341496951943762506e+00,2.207340683293561312e-01
2.243739982388471166e+00,-1.264903384569627809e+00,2.514029021297064515e-01
2.203996669542216402e+00,-1.221048985596126180e+00,1.846100550389082606e-01
2.173263871915471768e+00,-1.162004656905945232e+00,1.543576570707011208e-01
2.138984306628465060e+00,-1.100802661448886166e+00,1.840921158910190369e-01
2.100253535208254974e+00,-1.034304390311572730e+00,2.009108507421149548e-01
2.071014372579222496e+00,-9.737632857369488137e-01,2.305168444489339163e-01
2.038509089288240705e+00,-9.189931266946568256e-01,2.547272801334693471e-01
2.008605344285857797e+00,-8.755504291775212389e-01,2.382899816282677830e-01
1.966349093803392956e+00,-8.210445975071622993e-01,1.755244197745332857e-01
1.930543607109929338e+00,-7.620410707395697258e-01,1.298030051958039555e-01
1.874229006357228666e+00,-6.898812559713745074e-01,1.247830819189611057e-01
1.804967791304956881e+00,-6.282165397774025495e-01,1.379177820909616992e-01
1.748914948339648667e+00,-5.959107566040638959e-01,2.065339903147762057e-01
1.704727724285808765e+00,-6.030609859169718812e-01,2.745644068067585319e-01
1.667821888975834943e+00,-6.000979716537105935e-01,2.905713466740654782e-01
1.620603417338513985e+00,-5.908462339702756916e-01,3.046758129686241157e-01
1.566947849796637593e+00,-5.632847303053295507e-01,2.983849983957841401e-01
1.497369453631961500e+00,-5.174002611639528793e-01,2.963994535225131788e-01
1.411365953991605693e+00,-4.699532510585518463e-01,3.284733082271803495e-01
1.354336728996234473e+00,-4.157870457112273765e-01,3.658638441921536755e-01
1.281879589984201040e+00,-3.590854861850421020e-01,3.863423086529593209e-01
1.197583964507596521e+00,-2.913266292602861296e-01,3.944471056099308481e-01
1.088421600390676369e+00,-2.085219268891957134e-01,4.001709796916290696e-01
9.959084608543223860e-01,-1.426089276627136304e-01,3.996999107406394303e-01
9.122849709494071924e-01,-8.336475441481544513e-02,4.107723873358042344e-01
8.437653147456952718e-01,-5.917245772566256945e-02,4.487633336713029997e-01
7.925123349743091739e-01,-6.713233761655074128e-02,5.037406043915700904e-01
7.494348664827453765e-01,-8.347005892485559464e-02,5.337293867255149538e-01
6.946415048549319238e-01,-7.274130460259278785e-02,5.404601755716850198e-01
6.264715367524918976e-01,-5.783197967829181024e-02,5.369706191603822454e-01
5.456865094560515717e-01,-4.275236233281226594e-02,5.234291686966279222e-01
4.422432114807589576e-01,-2.844537140603951852e-02,5.232742407839654497e-01
3.440446751908188827e-01,-1.548385777892950267e-02,5.513731563717949591e-01
2.563297656005951719e-01,-1.105941415985352110e-03,5.852883587602318860e-01
1.835991433215120594e-01,1.186096814073131500e-02,6.105497996262467808e-01
1.134201053419646166e-01,3.909365571204604511e-02,6.201010543638012518e-01
4.056235718498198140e-02,6.523148469025442930e-02,6.240846496838310387e-01
-3.939985459322606354e-02,9.100233633790154320e-02,6.286109687020140502e-01
-1.198081232619112729e-01,1.170049542245100438e-01,6.231748924351765417e-01
-2.001204204824914845e-01,1.343970548296430645e-01,6.489154432452021171e-01
-2.816635363197711461e-01,1.468459013254481138e-01,7.149393063061291187e-01
-3.627871017260413944e-01,1.535273897111830710e-01,7.373449646464530494e-01
-4.572133858911674453e-01,1.653551246279492959e-01,7.401863887866665381e-01
-5.584477380568191318e-01,1.775719097750877717e-01,7.409513582612977656e-01
-6.484265542790906833e-01,1.989720011153555401e-01,7.425389642424926606e-01
-7.218470851747258443e-01,2.133510873565537813e-01,7.412591589158282757e-01
-8.109149836483479090e-01,2.125080289278291901e-01,7.523798170013964448e-01
-8.964579215943496715e-01,2.092171671372700104e-01,7.604682713025731067e-01
-9.869215185659053757e-01,2.221368679576462835e-01,7.635299558414321286e-01
-1.098228992311044205e+00,2.384214820387602907e-01,7.573675479032282443e-01
-1.200578280327267322e+00,2.648687798896878776e-01,7.599964147338118536e-01
-1.297502295938797845e+00,3.020381391108334368e-01,7.740821373836336283e-01
-1.400957872334303023e+00,3.389091895895923745e-01,7.675668801947577169e-01
-1.484347842345171697e+00,3.801305861833768618e-01,7.680519775906213820e-01
-1.567091879237170637e+00,4.165801871149404367e-01,7.622353522045275387e-01
-1.637127966112729816e+00,4.445284246697693842e-01,7.456894693109632488e-01
-1.714563144681719109e+00,4.828491854185351650e-01,7.359953078956412709e-01
-1.896141253667324555e+00,5.681350477877246119e-01,7.514165604401771281e-01
-1.996019827701061677e+00,6.292207043692766844e-01,7.438545527701494464e-01
-2.081300675433976011e+00,6.888786491332573592e-01,7.475756320452424664e-01
-2.159997962431850382e+00,7.468854601007491878e-01,7.480546333667532632e-01
-2.240661530650572608e+00,8.051731467172352774e-01,7.442882543151839725e-01
-2.320135161432964388e+00,8.690235328826340089e-01,7.308487427424654737e-01
-2.389151575263138483e+00,9.416974562102568003e-01,7.231709222592034303e-01
-2.442365295495383393e+00,1.022316616932559930e+00,7.328408292105118571e-01
-2.477763816782960760e+00,1.111485587591862334e+00,7.199882013654472779e-01
-2.515948183975213581e+00,1.282117109448135839e+00,7.133911722228203356e-01
-2.542065836603112139e+00,1.375351210964542492e+00,7.019387616176738787e-01
-2.572433611335461556e+00,1.479191099176522917e+00,7.023949536845295327e-01
-2.596237728870855577e+00,1.595004046304529854e+00,7.262342586255230437e-01
-2.625682256947184712e+00,1.722786952340066735e+00,7.415284095352079330e-01
-2.644629899455843258e+00,1.857609264385629899e+00,7.390831951222884832e-01
-2.653144676456228090e+00,1.982404257804384784e+00,7.448729170280141698e-01
-2.655845764081337101e+00,2.094561493066698254e+00,7.323690468474467474e-01
-2.642734660480333453e+00,2.203735495969735947e+00,6.998655403090515703e-01
-2.619818919042149474e+00,2.314782508440032860e+00,6.568918724998452641e-01
-2.581613309384046318e+00,2.431488142306656997e+00,6.297532144232230733e-01
-2.540493755968689982e+00,2.547991315618531871e+00,6.170151590571942846e-01
-2.497822488993640455e+00,2.657290099528426985e+00,6.324176309499199844e-01
-2.466544580426961453e+00,2.765061288175156839e+00,6.640432055680925982e-01
-2.435713167792449063e+00,2.855873643060006017e+00,6.794867865679083963e-01
-2.400508339371651978e+00,2.944683626320401260e+00,6.808130056680036235e-01
-2.368048034856502504e+00,3.027344143591621517e+00,6.823353702378494035e-01
-2.339391916398349203e+00,3.110474288187750957e+00,6.847560634414536773e-01
-2.314306373702096131e+00,3.213891814725430063e+00,6.879083269655752453e-01
-2.268019340486641333e+00,3.324365311270358170e+00,6.831899081339847246e-01
-2.194226161979174083e+00,3.432445100007901040e+00,6.704452601263439782e-01
-2.094945054675902973e+00,3.526119611973287604e+00,6.551947636094446192e-01
-1.993708665302465377e+00,3.609310407105225771e+00,6.342532164355796365e-01
-1.901506873438721268e+00,3.683258465256404879e+00,6.314390621184478025e-01
-1.806271162899637073e+00,3.749751924785394763e+00,6.210854741021123449e-01
-1.721103204849191215e+00,3.808127663515908257e+00,6.221118155716136577e-01
-1.641933941463637581e+00,3.864726025215840188e+00,6.228613314806399348e-01
-1.560596983862742260e+00,3.900848391981924124e+00,6.230721848038278665e-01
-1.476240216284856022e+00,3.936671028850414089e+00,6.240234397170596470e-01
-1.401768175504611413e+00,3.973700198879159373e+00,6.286218589991297012e-01
-1.309012875596279990e+00,4.018176950085540433e+00,6.253137584606198729e-01
-1.202453437517138291e+00,4.078472985164267151e+00,6.181528436747578681e-01
-1.090598789222276377e+00,4.132762140734858924e+00,6.077432118647663195e-01
-9.775196519000423079e-01,4.164939929355320203e+00,6.027277044156271746e-01
-8.659664818287529098e-01,4.186516630683422058e+00,5.900211725275804620e-01
-7.642775469652758336e-01,4.191624749260429716e+00,5.721911086613040709e-01
-6.625160265885039479e-01,4.178233406328523358e+00,5.769896585840259551e-01
-5.690354765658302005e-01,4.157332946810206487e+00,5.775228906067807477e-01
-4.629378296711879059e-01,4.131202988862982650e+00,5.766522516488924444e-01
-3.767248622403631675e-01,4.127656292070275512e+00,5.988987013165649742e-01
-2.936153159210378449e-01,4.137256266585736419e+00,6.362299986225334880e-01
-1.891397818235243666e-01,4.131936902243810827e+00,6.684341767261665623e-01
-7.379191401936778527e-02,4.116714868677462391e+00,6.893628853687532310e-01
4.039665456904478757e-02,4.103002876023538192e+00,6.827826560133454237e-01
1.477032334208920328e-01,4.084572787492762203e+00,6.645171887400751487e-01
2.557917825668526990e-01,4.061876303988609216e+00,6.402951886929886260e-01
3.507673486160984289e-01,4.035261101165265707e+00,6.181335715531590669e-01
4.390574706237902469e-01,4.007493818084332027e+00,5.886263960861227718e-01
5.320736753191717128e-01,3.979692679385634868e+00,5.812040504782307604e-01
6.345497158977650987e-01,3.942980401640499011e+00,6.024769760679486996e-01
7.272762470613316488e-01,3.902692275194913130e+00,6.177421900033237545e-01
8.272419561186440395e-01,3.869787096546002836e+00,6.231256549687349544e-01
9.339350926261306141e-01,3.821468864351168282e+00,6.337796360706826615e-01
1.035506262169493485e+00,3.764016084303519971e+00,6.396448385676725135e-01
1.136276076201324425e+00,3.698959205573096209e+00,6.519066904172081678e-01
1.226541239752178658e+00,3.619479224807409690e+00,6.464605845195092737e-01
1.317046483209284080e+00,3.541247382073832384e+00,6.428926193060049421e-01
1.494065698508518114e+00,3.414442896008373030e+00,6.332241454761267097e-01
1.595932559611985990e+00,3.361764787574608615e+00,6.341092186063164160e-01
1.663142904249994114e+00,3.310920976370464341e+00,6.253755537073908410e-01
1.736581058712898695e+00,3.244309651969238484e+00,6.352673816006308982e-01
1.814210158147704366e+00,3.180145471456745643e+00,6.435097172454571357e-01
1.884881137480972857e+00,3.122575919482815099e+00,6.621710969760854493e-01
1.901849697328876765e+00,3.135775126317307482e+00,7.528432744649644626e-01
1.969328349591930927e+00,3.061625439118107472e+00,7.797311300034885928e-01
2.032285156501107082e+00,2.984632914295612061e+00,7.830832075059130926e-01
2.096595479657725303e+00,2.890577247742366573e+00,7.580929276363417291e-01
2.164824471200151645e+00,2.787703707197052072e+00,7.365681374699619699e-01
2.233473229958167217e+00,2.695790332626272878e+00,7.240960439216639344e-01
2.307350033668488010e+00,2.621131745502530030e+00,7.321274645246855783e-01
2.433398719723695258e+00,2.464596838966534254e+00,7.478722818058500810e-01
2.481495104548522512e+00,2.382558245857997026e+00,7.499596297154067503e-01
2.516750971470226084e+00,2.287275967307969449e+00,7.487975122989285470e-01
2.542191194895722539e+00,2.191855175956535007e+00,7.605934411878056967e-01
2.560762254435488661e+00,2.109376315678487934e+00,7.501595860109648850e-01
2.560216951875727620e+00,2.049225410070204312e+00,7.579828796696328475e-01
2.564640696768239359e+00,1.972044070315355446e+00,7.499331951308223498e-01
2.581685754035561331e+00,1.855935189956522624e+00,7.403180877769379720e-01
2.574582540712588408e+00,1.746820807782559992e+00,7.290760690162394475e-01
2.586695643528218902e+00,1.627071509509600888e+00,7.287757519592243938e-01
2.596739053973354583e+00,1.506600068668141779e+00,7.235667766001903090e-01
2.619757074532511165e+00,1.383174005412556529e+00,7.196821700466318195e-01
2.643836137995437596e+00,1.274063589509299765e+00,7.241299335394024705e-01
2.643486264063747093e+00,1.177257588741528638e+00,7.465055467210361950e-01
2.606801647447167802e+00,1.078848442921684248e+00,7.531447336292380612e-01
2.560316486729536045e+00,9.993237421663290210e-01,7.475550200266873890e-01
2.506536171059168705e+00,9.426161129648715775e-01,7.427285555722431543e-01
2.442426885266772096e+00,8.772149576117397318e-01,7.121105246061176786e-01
2.391846603019813777e+00,7.989277620558028481e-01,7.130309575433841918e-01
2.301687298003037618e+00,6.405086600434130029e-01,7.467443745713349124e-01
2.228656582868631109e+00,4.507600944891703154e-01,7.615540275191168273e-01
2.182449247941858683e+00,3.495549022597071454e-01,7.573160752481720159e-01
2.126987722313057105e+00,2.417090352504288331e-01,7.503419125943422419e-01
2.071700588357165085e+00,1.374483369170146907e-01,7.550413922409529022e-01
1.999157446871921096e+00,6.419436953950544145e-02,7.715789360335436609e-01
1.919077104469412376e+00,4.438995723092482859e-03,7.781671146934254768e-01
1.824833369067381916e+00,-3.734094438267500371e-02,7.606784240843365019e-01
1.734963543688557763e+00,-7.718552075355072928e-02,7.253783726102422946e-01
1.643577814021970340e+00,-1.141353232708526289e-01,6.796186878841461443e-01
1.564970681361852911e+00,-1.554824524153805565e-01,6.639560493936678132e-01
1.496202103008113848e+00,-2.037988121234186600e-01,6.714989259683736833e-01
1.431654115362574586e+00,-2.633589501070506822e-01,6.799117665999625526e-01
1.368375858330826311e+00,-3.289390980798450048e-01,6.814267098160060598e-01
1.310960240990870940e+00,-4.119294401305348963e-01,6.988836233272945897e-01
1.242465508547311082e+00,-5.173140581404334082e-01,7.071351038649444920e-01
1.173048949675504105e+00,-6.020417039076665366e-01,7.007991589117645859e-01
1.126557427458046101e+00,-6.696811729035397898e-01,7.021464212917144510e-01
1.077538812188390427e+00,-7.292414497295165443e-01,7.016639317873015758e-01
1.001000328952662777e+00,-7.404699814930004731e-01,7.100924004593563987e-01
9.015370572776404412e-01,-7.298417073169701785e-01,6.996113301143609409e-01
8.036696158382008459e-01,-6.959492387268276792e-01,6.716311844157011324e-01
6.525469220918341806e-01,-6.401478509335494227e-01,6.644338194561220101e-01
5.813263716883578791e-01,-6.356053270230421770e-01,6.593079598510427353e-01
5.188287305977419273e-01,-6.498000595691513226e-01,6.702498977193481755e-01
4.533627972492395575e-01,-6.755128456936355663e-01,6.809160021104267990e-01
3.982786637302574428e-01,-7.103214473200465395e-01,6.626216709524883619e-01
3.369615487852555269e-01,-7.445419497782165275e-01,6.294143479160834165e-01
3.039206671246187930e-01,-7.663397801540214882e-01,5.898473042802215849e-01
2.653583523909445741e-01,-7.620130670849962762e-01,5.654433949563872908e-01
2.479483766776495457e-01,-7.452992289705619999e-01,5.441811030219069201e-01
2.430781140590922429e-01,-7.119356801435212656e-01,5.104011798509919817e-01
2.716629608901175996e-01,-6.611988837729438906e-01,4.706160198517177484e-01
3.158183864651777362e-01,-6.044355252328386108e-01,4.350290764647388175e-01
3.221040827928582928e-01,-5.646882921421280122e-01,3.871857484928107329e-01
2.985422674338822357e-01,-5.343208754935904192e-01,3.544949044247315273e-01
2.580514921610884693e-01,-5.032036408186448817e-01,3.317290693305828264e-01
1.234464480152668020e-01,-4.554449686287079802e-01,3.153622400865591091e-01
6.265445004564434983e-02,-4.400353656462168139e-01,3.203382418369603579e-01
1.018286449339429051e-02,-4.242962226845135576e-01,3.234085902293488690e-01
-1.654572448101867405e-02,-4.164008753929813178e-01,3.227700920213542046e-01
-2.591036002662025495e-02,-4.055203624932378070e-01,3.007213400009243753e-01
-5.878480101275840308e-03,-3.876763557823714179e-01,2.644736189958327710e-01
4.940145545133067112e-03,-3.484235329322251107e-01,2.095723472269527821e-01
2.042517682240584803e-02,-2.928045579922172736e-01,1.385540012526931819e-01
7.338554807353347975e-03,-2.187922876771840053e-01,4.167237755934649623e-02
1.168576685791490599e-03,-1.580994298722495639e-01,-1.990471765129489534e-02
-4.025301848225991408e-03,-1.013183588863574014e-01,-6.100972101409812831e-02
-1.376845770422824994e-02,-4.839557774811728552e-02,-1.019328486092979658e-01
-3.268765340207846481e-02,-1.578020860016446369e-02,-1.034618835259893954e-01
-4.454619124390103713e-02,-1.347331983518920695e-02,-1.046344035153568552e-01
-3.281373276392658689e-02,-2.095332992274528960e-02,-1.173512011782764097e-01
-4.072113690979684009e-02,-3.754561727564205420e-02,-1.227296756515329212e-01
-4.704508096876849899e-02,-6.161043724591638848e-02,-1.078522637652623573e-01
-4.056491500345034418e-02,-7.676628964515808118e-02,-1.123239396301055071e-01
-2.304343963984196303e-02,-8.207530205029014980e-02,-1.354233171328132479e-01
-1.319751272481309995e-02,-7.937579023972052283e-02,-1.253469549297656638e-01
-2.669739830466645591e-02,-6.672944536411734573e-02,-1.136367243948382399e-01
-4.922059726208910524e-02,-6.060470837590214988e-02,-1.250980557481985445e-01
-7.119632399548432578e-02,-4.877291008378108195e-02,-1.380521594386425188e-01
-8.419094624347427114e-02,-3.141606082356600271e-02,-1.746630104573196340e-01
-7.990287843307017357e-02,-1.676155346735636043e-02,-1.600448750528498110e-01
-6.357280077680535491e-02,-1.259602834856254905e-02,-1.397131458792280623e-01
-4.631272272996221628e-02,-1.529494523253262239e-02,-1.282439908666804240e-01
-2.086643429487686219e-02,-3.491829653838139647e-02,-1.289379421307868534e-01
-1.191644263957969407e-02,-4.743362350340375733e-02,-1.352446540198576908e-01
-1.291561437723376393e-02,-5.478331090726878960e-02,-1.370598092574291660e-01
-3.213818021550315929e-02,-4.025104140080838777e-02,-1.429977316771844364e-01
-4.326258712985608934e-02,-1.851908286354013444e-02,-1.471647229426256143e-01
-4.600614094429812673e-02,-1.375816952718504627e-02,-1.460707700536665876e-01
-4.409584221724610620e-02,-1.370733151929107163e-02,-1.414851219335450661e-01
-3.969747709136851876e-02,-1.576860791231278480e-02,-1.403781119900483487e-01
-3.735864265431215747e-02,-2.168843936851394538e-02,-1.402583664691843257e-01
-3.646656306173340356e-02,-3.243264594636932618e-02,-1.377506672562356926e-01
-3.755250718446057068e-02,-3.482063654908598704e-02,-1.356136694055518066e-01
-4.059076076541424938e-02,-2.948067534987172666e-02,-1.334937189517336198e-01
-4.398417785030331317e-02,-2.371334727190282932e-02,-1.287952259266769706e-01
-4.156128699428587869e-02,-2.353215750102732873e-02,-1.279869786542927046e-01
-3.852531097422605411e-02,-2.556548184339063612e-02,-1.312438694734317512e-01
-3.951448860251052797e-02,-2.898131809899187616e-02,-1.363592436620162385e-01
-3.758485207881484547e-02,-3.409068700588101242e-02,-1.357224560113645118e-01
-3.660225634025815467e-02,-3.842252232956451519e-02,-1.340569821107319703e-01
-3.554526915769297413e-02,-4.228277675053640494e-02,-1.348362504722505073e-01
-2.917611806250183099e-02,-4.065024380695925199e-02,-1.343846185383718583e-01
-2.221969890189103014e-02,-3.450015247120884199e-02,-1.361200748085577561e-01
-2.057166119336836102e-02,-3.662721919268992210e-02,-1.372548661061023800e-01
-2.453983523118569154e-02,-4.100209968176590780e-02,-1.349611925712042582e-01
-3.497097556476967684e-02,-3.818743969251145454e-02,-1.340340030349581046e-01
-3.986207982909791003e-02,-3.474078945922151607e-02,-1.355096097789207366e-01
-4.083554952102634583e-02,-3.242649029252893389e-02,-1.355393563235088306e-01
-3.541934222326947879e-02,-3.430946269833302920e-02,-1.374453527864223923e-01
-3.203405718874551000e-02,-3.315867618363239899e-02,-1.427964006078437098e-01
-3.123040150525745184e-02,-3.113049736953139857e-02,-1.415504650728209857e-01
-2.991114994284831824e-02,-3.380326942132229340e-02,-1.396150375245195918e-01
-2.920974773133155206e-02,-3.547402238418018161e-02,-1.375796242152085291e-01
-3.304597238199502574e-02,-3.772626768966363953e-02,-1.368724505892848220e-01
-3.734856783338337538e-02,-4.373860629079595608e-02,-1.408676326056488848e-01
-3.380432382938773628e-02,-5.271486443081008222e-02,-1.441832310291633612e-01
-3.088310398831221881e-02,-5.963442897754606120e-02,-1.414146423955215393e-01
-3.027180591529697595e-02,-6.316876401371254723e-02,-1.386510655335259634e-01
-3.037002123761171207e-02,-5.880146137607891732e-02,-1.383467450799317211e-01
-2.865233118618663866e-02,-5.253452113997603146e-02,-1.376733687071672319e-01
-3.304651673396312439e-02,-4.170078419434852801e-02,-1.374792078670861173e-01
-3.947361390079076604e-02,-3.286382787939585992e-02,-1.365542457785363650e-01
-4.770174919112257772e-02,-2.954956034544471699e-02,-1.351581248207267549e-01
-5.170933339502373216e-02,-2.857166921841231000e-02,-1.381352168995580998e-01
-5.447602016496633226e-02,-2.674479765576615042e-02,-1.367682517386735741e-01
-5.681671127639301155e-02,-2.440612838042843791e-02,-1.357950061188223922e-01
-5.741217359951410193e-02,-2.250583682323942236e-02,-1.353467962161741256e-01
-5.461959458325396644e-02,-3.017239827878981373e-02,-1.405969929583277822e-01
-5.134717686839578021e-02,-3.272839674041189140e-02,-1.409680258693574162e-01
-5.170589831544861181e-02,-3.811723836609386129e-02,-1.436998610995414150e-01
-5.593402217498895379e-02,-4.743590940078702689e-02,-1.380892323982479963e-01
-6.237102729484977903e-02,-5.682855035718786807e-02,-1.373568377939566321e-01
-7.136135825012790423e-02,-5.914805703974748696e-02,-1.385094375305870873e-01
-7.122036018261626578e-02,-5.624981794647213040e-02,-1.389861997725942433e-01
-6.127224845479561921e-02,-5.889026143247635958e-02,-1.422967999384007753e-01
-5.034669859065452058e-02,-5.839424299467030344e-02,-1.462994636895363909e-01
-4.821935809060533262e-02,-5.817836986327995508e-02,-1.457136788606491762e-01
-4.950024548454606821e-02,-4.902251724978270997e-02,-1.444709041259003013e-01
-5.238674062201337245e-02,-4.323641993423368857e-02,-1.404515793296149395e-01
-5.523243878680163255e-02,-3.875229511576690211e-02,-1.351391448897040215e-01
-5.865506142608331586e-02,-3.755883888086097855e-02,-1.352833753949320705e-01
-6.374166309245937745e-02,-3.356326397723828625e-02,-1.370994045406134232e-01
-6.636279027016794840e-02,-3.095656835653251560e-02,-1.346016725143711068e-01
-6.496756370621813159e-02,-3.553724767393198758e-02,-1.431917451356472526e-01
-5.837294114732455297e-02,-4.536992747485685262e-02,-1.449563501062230975e-01
-5.673495417576199240e-02,-4.458747164664161877e-02,-1.387513464175737510e-01
-5.503963688334818916e-02,-4.203649824856069139e-02,-1.341263673326547057e-01
-5.506578960422102431e-02,-3.338411833661239503e-02,-1.297147331707754758e-01
-6.489746371731289210e-02,-3.417702469977555724e-02,-1.320206215527032212e-01
-7.037952002652553274e-02,-3.923713154492965149e-02,-1.336789339948312727e-01
-6.619560852980549415e-02,-4.579592527035829252e-02,-1.361224313671892672e-01
-6.379800695908670327e-02,-4.845476318342956112e-02,-1.383375482141673274e-01
-5.810601159406961203e-02,-4.616115631227027394e-02,-1.420690371333482860e-01
-5.232466956998176044e-02,-4.291373624673769371e-02,-1.432330034016531251e-01
-5.377688573190424204e-02,-3.783630762344294962e-02,-1.393590636319136378e-01
-5.659581471971125710e-02,-4.285545613678848342e-02,-1.347048471762543054e-01
-6.221547344971302407e-02,-4.888235557416267807e-02,-1.388615951513055280e-01
-6.099029516951468000e-02,-4.654267992335023307e-02,-1.369802051464553694e-01
-6.411915948962038092e-02,-3.427444107492569336e-02,-1.423324611390705541e-01
-6.578361360759399368e-02,-2.942382802099309524e-02,-1.374405828338641222e-01
-6.801353601958891326e-02,-3.094923589743793502e-02,-1.341611122071283968e-01
-6.925662597439523338e-02,-3.399117688419742156e-02,-1.347707248819774439e-01
-6.513188903482440562e-02,-4.065019504170161446e-02,-1.395156046007277051e-01
-6.025760862317525168e-02,-4.632464405088093651e-02,-1.444468992137901142e-01
-5.989738996558123529e-02,-4.978443625636619352e-02,-1.464901696322776226e-01
-5.849618059599188957e-02,-5.320169459066423356e-02,-1.431432214611352283e-01
-5.751837733850490020e-02,-5.601694223582270871e-02,-1.396920872481297038e-01
-6.300549941885255634e-02,-5.312330167702222772e-02,-1.400778141794341014e-01
-6.543177819677081786e-02,-5.324425543283339834e-02,-1.416816706081603927e-01
-7.192717371854363828e-02,-4.733883214066272882e-02,-1.393899567582803645e-01
-7.227699266282318347e-02,-4.478720957455537000e-02,-1.370683958439669059e-01
-7.188535802782604345e-02,-4.788874677045662498e-02,-1.386346551109362002e-01
-6.730207341784744113e-02,-5.969357596824106937e-02,-1.440895110076222951e-01
-6.849550681052787859e-02,-5.717390233195640548e-02,-1.397682412567174404e-01
-7.126584126915187778e-02,-4.935263497633288199e-02,-1.332173462915291484e-01
-6.856699868994121927e-02,-4.255869649373200669e-02,-1.320464862566582132e-01
-6.677057460008167800e-02,-4.170075078904560140e-02,-1.323687236519150434e-01
-6.310837650849615565e-02,-4.397677749776038314e-02,-1.442172398772761932e-01
-6.117680684408152714e-02,-4.701870901273509651e-02,-1.448672296285267169e-01
-5.888563305453375918e-02,-5.000443490781777967e-02,-1.419262670348158673e-01
-6.014662361807050772e-02,-5.334317499260221584e-02,-1.383312141547441421e-01
-6.312569784210086965e-02,-5.319032868856232721e-02,-1.400450502060795466e-01
-7.074479324495920596e-02,-5.101120827687155579e-02,-1.373700225921710705e-01
-7.140175780758746538e-02,-5.320904521510669283e-02,-1.392005316889882161e-01
-6.826368521180059545e-02,-3.913049801391078886e-02,-1.344153244449752815e-01
-7.171918156786537268e-02,-2.271854621436125710e-02,-1.409567430191570603e-01
-7.177209169967674329e-02,-1.253818754160761217e-02,-1.442156347069527000e-01
-8.022612216131969065e-02,-1.785350479191252782e-02,-1.445763482290772783e-01
-8.306839843957683489e-02,-2.908536547144416340e-02,-1.402331645761615286e-01
-8.095082831028897752e-02,-4.761869662662487901e-02,-1.424404234972284078e-01
-7.410363915406276147e-02,-5.895908440020966590e-02,-1.440925366275829789e-01
-6.598811096302124868e-02,-6.736505618042015753e-02,-1.421353793851820035e-01
-6.050327132901399396e-02,-7.399831131034570464e-02,-1.416209747244998041e-01
-6.023111666784024265e-02,-7.038611479868331355e-02,-1.425413676436754207e-01
-6.620792410718469301e-02,-5.957446430629462220e-02,-1.418297937187364965e-01
-7.589493421401626028e-02,-5.159475061864189638e-02,-1.427347181096192408e-01
-8.366709560655172240e-02,-4.772899379757020166e-02,-1.477166047227494450e-01
-8.846131772067830634e-02,-4.351953832992366822e-02,-1.454494727027886292e-01
-8.775188535699149361e-02,-4.261696848692093920e-02,-1.397050356964317785e-01
-8.051697162583955347e-02,-4.786345632333029176e-02,-1.358448359271055561e-01
-7.686228743687802123e-02,-5.712374757179738971e-02,-1.363175657260885520e-01
-7.013918267511712323e-02,-5.486703970245715434e-02,-1.370034265371243287e-01
-7.341065860329366866e-02,-4.897025127349176332e-02,-1.385757113627933412e-01
-7.651603929055313114e-02,-4.818709888478696357e-02,-1.397026127624950154e-01
-8.062526556538797406e-02,-4.865893359078277136e-02,-1.414870222972377523e-01
-8.790129850916959808e-02,-5.498488846684468356e-02,-1.445005240735736662e-01
-8.859159775217446964e-02,-6.321812001637583389e-02,-1.454920471116533109e-01
-8.410085618872202573e-02,-6.613558074190667435e-02,-1.448505409691367984e-01
-8.714360519307731701e-02,-6.290812755270527856e-02,-1.434158338483958461e-01
-9.347683136167769802e-02,-5.702506125309403373e-02,-1.382839750401998469e-01
-9.766053746096811650e-02,-5.345416351503851082e-02,-1.286995715927752304e-01
-9.248917338200637883e-02,-4.272586332217880034e-02,-1.288200094045525712e-01
-8.755989218533406782e-02,-4.217252304787950934e-02,-1.307494357319846645e-01
-8.368768168370487037e-02,-4.635329346482149060e-02,-1.337390746969882027e-01
-8.106732315858045101e-02,-5.150472547054335548e-02,-1.344164129225445259e-01
-8.222229049279615454e-02,-5.164501348719989504e-02,-1.337137423087682575e-01
-8.308188690196001425e-02,-5.201100190269589141e-02,-1.315190257582256050e-01
-8.408507654555069655e-02,-4.953301230251266896e-02,-1.332797532941162877e-01
-8.599536348448943990e-02,-4.680924450211568222e-02,-1.317935782604804928e-01
-9.015776525600301128e-02,-4.665238013146466578e-02,-1.332553596566397047e-01
-8.853746245559358796e-02,-5.385984305140345541e-02,-1.371322980594092411e-01
-8.752685803063005310e-02,-5.637431274907525602e-02,-1.386895682024562038e-01
-8.613539484698647108e-02,-5.144725750677357767e-02,-1.400496527140111525e-01
-8.376146360283763526e-02,-4.683611326696271449e-02,-1.373821743927079453e-01
-7.711984056074568106e-02,-4.577285672845560205e-02,-1.336998483388208148e-01
-7.435279710395181763e-02,-4.808287586269559266e-02,-1.330242681282058914e-01
-7.496558121185480095e-02,-5.290562845994620234e-02,-1.322530795427070971e-01
-7.968146254873569034e-02,-5.285961160720450969e-02,-1.324474433236920157e-01
-9.273254853815235399e-02,-4.449580509166096987e-02,-1.332955884387503342e-01
-9.482527127282350254e-02,-3.906925866535868042e-02,-1.379406822819865264e-01
-9.405355046518104611e-02,-3.101519506100661183e-02,-1.387057011109780746e-01
-9.095560432011379204e-02,-3.093766867393676900e-02,-1.364048210145322737e-01
-8.425472638135095282e-02,-3.454438889569005910e-02,-1.373023668948917808e-01
-8.047683359857345231e-02,-4.142016180174946938e-02,-1.344769439006405221e-01
-7.851564975250241440e-02,-3.994687603633063910e-02,-1.357335811057753250e-01
-8.364566926324924767e-02,-4.282268344896564272e-02,-1.395325321453081413e-01
-8.665909222123613365e-02,-5.190758067152315136e-02,-1.416483271608369732e-01
-8.475431089040502686e-02,-5.777462402464675351e-02,-1.418423759183287669e-01
-8.256893780584875775e-02,-5.529600878797433228e-02,-1.386191671128469971e-01
-8.106557543702670732e-02,-5.059673822801925847e-02,-1.332922811587646250e-01
-7.800237221648723129e-02,-4.445948034685871797e-02,-1.355945047786451529e-01
-7.375204212782919544e-02,-3.664076226974800898e-02,-1.315714764403697612e-01
-7.857399655399682770e-02,-3.166909769692831389e-02,-1.329540636993479796e-01
-8.322026115971507820e-02,-3.847875024219066242e-02,-1.354522979435448526e-01
-8.734463170182724112e-02,-4.427858449434732280e-02,-1.362352982693924575e-01
-9.099654398902258523e-02,-4.986118830735800089e-02,-1.389548675635332575e-01
-8.738630691880000523e-02,-5.570339258815443229e-02,-1.424940296933744910e-01
-8.455370937977471635e-02,-5.654039489485465642e-02,-1.443805543887444198e-01
-8.538929051736439402e-02,-5.789313203193485746e-02,-1.421230122773688431e-01
-8.720465477981535762e-02,-5.602324508147257798e-02,-1.379894974843473565e-01
-8.563959387946352975e-02,-4.478394720423092834e-02,-1.350252730155311887e-01
-8.486506549515063225e-02,-3.658166631370458888e-02,-1.330012020412241758e-01
-8.463943788275964109e-02,-4.083284929398929564e-02,-1.346084194457323191e-01
-8.539129474327857017e-02,-4.214847199875117190e-02,-1.362697316313318807e-01
-8.795350558583381329e-02,-4.823195944033235871e-02,-1.373802005947436511e-01
-9.007632801055376337e-02,-5.437905356478409113e-02,-1.385108055647572001e-01
-8.846217529576320959e-02,-5.719406085815384455e-02,-1.389603027253148437e-01
-8.515604338411805752e-02,-5.531938138017233886e-02,-1.388773276113909882e-01
-8.276805596115777153e-02,-5.054466468182210181e-02,-1.356279940999784439e-01
-8.192301635826355899e-02,-5.640009502226484006e-02,-1.353458166599347812e-01
-8.058163108886105819e-02,-5.750076273459556186e-02,-1.374869333786557513e-01
-7.875529444603933393e-02,-5.654770444645326744e-02,-1.387675883031965762e-01
-8.303271831579826789e-02,-5.938555044353108214e-02,-1.397409251880196157e-01
-8.836366166007832146e-02,-6.376938258995390463e-02,-1.359502940300554297e-01
-8.959531193745283451e-02,-6.655812442346586977e-02,-1.327125069995427897e-01
-8.594493040787376525e-02,-6.529220958678069731e-02,-1.348840955726067770e-01
-8.813750581153197150e-02,-6.914863982418176236e-02,-1.103040610536190624e-01
-9.100935557082324989e-02,-7.291685595524269314e-02,-8.922993891853400750e-02
-9.464728712369757657e-02,-7.596015031301237008e-02,-8.462417303322583573e-02
-9.410305568379456753e-02,-7.827867830380327852e-02,-9.133899374563553275e-02
-9.100549773813257359e-02,-7.808000891457636539e-02,-9.541642890090196172e-02
-9.116286750103769210e-02,-7.730462162316920072e-02,-9.783876795399143456e-02
-9.021374095128803505e-02,-8.103731581607964696e-02,-9.650340354419945088e-02
-9.142822206420885001e-02,-8.425403632266942333e-02,-9.542265686298984084e-02
-9.277806011264616570e-02,-8.379858635221104635e-02,-9.282592834345165800e-02
-9.451769173951624081e-02,-8.662543978257594701e-02,-9.380897820282135813e-02
-9.529282448212969547e-02,-8.873973411507266040e-02,-9.196330400956165274e-02
-9.488163060289508954e-02,-9.217615983261320811e-02,-9.403323830852128307e-02
-9.503002256628151345e-02,-9.398097116178033561e-02,-9.335568046938480524e-02
-9.184802845073106181e-02,-9.293378172434776929e-02,-9.249930220268637315e-02
-8.756286339521367201e-02,-9.439795354072999523e-02,-9.378666176135924681e-02
-8.792466424996449315e-02,-9.381621422524613618e-02,-9.060831456666740280e-02
-9.099580953817110185e-02,-9.394214791580174362e-02,-9.005071800022121375e-02
-9.074260614272382230e-02,-9.671419068715955691e-02,-9.439320166921810751e-02
-9.888371119610483984e-02,-8.462748996504941557e-02,-7.586988758109572406e-02
-9.702980355254746392e-02,-8.494915947646207444e-02,-7.596943166922467960e-02
-9.324180637387496917e-02,-8.449894867433950518e-02,-7.281839905982279149e-02
-9.143894920568906848e-02,-8.621714908892537388e-02,-7.067500907189452897e-02
-9.409437289949694472e-02,-8.398773331163512934e-02,-7.220683223357388103e-02
-9.535682354605892752e-02,-8.167005059221792151e-02,-6.983138774679048533e-02
-9.528738690700024050e-02,-7.827138832252840406e-02,-6.751872727218577452e-02
-9.511597787013310878e-02,-7.679838781248483903e-02,-6.963233065079887929e-02
