-7.512235599598417191e-02,-1.812386972233058155e-02,3.690730789289041469e-02
-3.781734766255425567e-02,2.219023642094981180e-02,5.669041247553358032e-01
3.981920258989442574e-01,9.237823627864207021e-02,9.149161619783814370e-01
8.487387358249959268e-01,3.459829716125825683e-01,1.026036084871630116e+00
1.253678117219407806e+00,6.987728105256167943e-01,1.010251258177561562e+00
1.561074391447321297e+00,1.061825542869196948e+00,8.435246268412098791e-01
1.941700798233037428e+00,1.398176491743587713e+00,6.672335180378470287e-01
2.401630926791360032e+00,1.688552225643743965e+00,7.162456327695424507e-01
1.492412821620291874e+00,1.635979844981365838e+00,6.074538694065639843e-01
9.456139532783686130e-01,1.629648838660746168e+00,6.170977726601594160e-01
3.959319419670487838e-01,1.626501216061654320e+00,5.767589370808667848e-01
-1.360204634650332145e-01,1.664620017476335256e+00,6.150203190873095860e-01
-6.023811896050509374e-01,1.764282011576274733e+00,8.073105251609151711e-01
2.061596855416144791e+00,1.733686525947531587e+00,1.110837406240222647e+00
-7.969602914925199011e-01,2.259642500894465389e+00,7.902411565940511418e-01
-1.050050975641093398e+00,2.663634779396480745e+00,9.572120748742263263e-01
-9.158113076829580423e-01,3.184103909779845143e+00,1.060517037256144768e+00
-6.187518659998626491e-01,3.590881105377784266e+00,9.592313110407250099e-01
-2.063146517888628795e-01,3.857465040713658144e+00,8.098202665372633557e-01
2.623733540168738387e-01,4.144047931262933915e+00,7.746621824273696166e-01
7.705103110807602906e-01,4.338397802366211309e+00,7.638487784078177301e-01
1.281416528413361844e+00,4.500652162298020009e+00,7.654369628291726180e-01
1.732047669753542518e+00,4.720213917431841821e+00,8.018203453467906971e-01
2.172286286721435644e+00,5.040184624127573620e+00,8.824205599197814109e-01
2.462582113926622629e+00,5.550147223691065612e+00,8.678608420903810572e-01
2.772367985769959908e+00,5.924981664943454795e+00,6.561089346446731252e-01
2.760176055630251035e+00,6.419489796319842512e+00,8.872407838432608829e-01
2.528580152520031987e+00,6.905464668823594110e+00,8.399628036756083826e-01
2.221580389808386791e+00,7.324281720144503183e+00,7.902441354681162267e-01
1.728805752149579211e+00,7.381046756349780580e+00,7.167892800411410636e-01
1.262796000210086200e+00,7.141474917748075413e+00,6.618815577586677490e-01
1.034995617999997952e+00,6.692482673991635878e+00,6.987222136213152579e-01
9.495019128227022431e-01,6.257993124124771711e+00,4.641486752684355621e-01
8.886397583250773557e-01,5.818784946341254205e+00,7.098833822033149277e-01
8.767841695539351221e-01,5.214293778020488546e+00,5.961515712864919880e-01
-1.100607380169140948e+00,3.653406976935236639e+00,7.637454274494651640e-01
-1.565143464399976647e+00,4.019334043361260100e+00,7.336933145943060897e-01
-1.818212010791837807e+00,4.454865531644816912e+00,7.338302938741315673e-01
-2.011244046510354266e+00,4.941419740869681831e+00,8.189894509841724179e-01
-2.021759486406520701e+00,5.444929452322423202e+00,7.364769577286820468e-01
-1.985515837713142773e+00,5.974382377565684799e+00,5.941271201986219053e-01
-1.807780462208057992e+00,6.480758533415202471e+00,5.882905309268858796e-01
-1.689098943557249655e+00,6.998634338755369555e+00,6.928265031686232645e-01
-2.320076370986273506e+00,4.420170503158738384e+00,6.386141504842722805e-01
-2.265154194819435141e+00,3.926425514053814680e+00,7.073370720981509985e-01
-1.589951255993183432e+00,7.510735848442896767e+00,6.512642702910051984e-01
-1.421432709657311833e+00,7.999538093777958991e+00,6.590433108623836578e-01
-1.098869297971554637e+00,8.457710555080927506e+00,6.510541966954328519e-01
-6.473730132419952543e-01,8.701192454723836178e+00,7.173200066054865598e-01
-1.067072924750026713e-01,8.658214679546697212e+00,8.283787228836638761e-01
4.064470429174565358e-01,8.519730162499483228e+00,8.657510457416044414e-01
7.752819180760063267e-01,8.147048931797645110e+00,8.199219959046436523e-01
1.158116418416742954e+00,7.854223883475367707e+00,6.716909189246571543e-01
2.652332306085830371e+00,7.494387116690022665e+00,5.715378030508380114e-01
3.172542384188751896e+00,7.421125378646596715e+00,6.490203859682286414e-01
5.112132944075106211e-01,7.735481641728314983e+00,6.454840028973892752e-01
3.530640704933897922e+00,7.117557745834833582e+00,8.483420413502873458e-01
3.802032642515605687e+00,6.711114503425358535e+00,9.631578861895174759e-01
3.949831005396267969e+00,6.220282490505280926e+00,1.051181665273414501e+00
3.795425980142382194e+00,5.680960086586161140e+00,1.023127150735778645e+00
3.688176780990120029e+00,5.159950111897802394e+00,9.093983106762993929e-01
3.553306516853196761e+00,4.667427085650528440e+00,7.912593668457443830e-01
3.547235393703381590e+00,4.103558057858148089e+00,7.131831428087238578e-01
3.426653490442833405e+00,3.567774652115095702e+00,7.431771740714872010e-01
3.127773540474045433e+00,3.160015770036646909e+00,7.580569125807135045e-01
2.788424275410956277e+00,2.771211060831728190e+00,8.297807622751014467e-01
2.442611466541890763e+00,2.365694364890126078e+00,8.537007551906445890e-01
2.335437009481344806e+00,2.982464841875600126e+00,8.688732085903063673e-01
1.967240408746022906e+00,3.434380593952098604e+00,7.761585632518539501e-01
1.515027611435475041e+00,3.808688651242093215e+00,6.996669486982358688e-01
5.320840760357048449e-01,4.788835017983750220e+00,6.947709227331384518e-01
2.369258081205294075e-01,5.290927449744764921e+00,6.518515595518348249e-01
6.750331406207595031e-02,5.790655021627404864e+00,6.269467796451897446e-01
-2.765467619285143230e-02,6.355313586431029726e+00,6.419120982136821141e-01
-6.921949738576668731e-02,6.884998512228614587e+00,6.391607895279545204e-01
8.479599871730650329e-02,7.427572629424256334e+00,6.641946150910027491e-01
1.512443878862179458e+00,8.228829753037009809e+00,7.677788569900850790e-01
2.051888383872122024e+00,8.194046314836457512e+00,8.215744807510623193e-01
2.548263672378429323e+00,8.063870663012657758e+00,8.266885828293202287e-01
3.208280542455087314e+00,6.691738226572993220e+00,8.264517414282807062e-01
-1.301498670634672283e+00,3.178748094076099928e+00,7.340239144365089397e-01
-1.677637435556289969e+00,2.787094917361466084e+00,7.388992124725488608e-01
-1.991930250950006753e+00,2.392416561799719510e+00,7.380650474253508397e-01
-2.288713733907894898e+00,1.899296139777598480e+00,7.850148028762554686e-01
-2.506000829726882984e+00,1.424363655639236059e+00,8.093933145299492260e-01
-2.561596713154539628e+00,9.166339856717378165e-01,8.154083479032888659e-01
-2.484443591346819247e+00,3.732546759857368057e-01,8.447211262551886923e-01
-2.241969459242549423e+00,-6.652654901308835411e-02,8.272162248517077598e-01
-1.956016319578247620e+00,-4.981348413107846707e-01,8.127587485235205911e-01
-1.617191199388058331e+00,-8.768796984158118146e-01,8.095673358160397903e-01
-1.172702123134297336e+00,-1.266263879220690169e+00,7.827845018618200257e-01
-6.596945534047207182e-01,-1.484487817355984784e+00,6.851445825891578911e-01
-1.223870379865294733e-01,-1.343231940625733811e+00,6.153409141284006401e-01
2.289536479518314016e-01,-9.657866880144980737e-01,5.758781567834742043e-01
2.923673853851876947e-01,-4.588998737823863361e-01,5.235815281333326965e-01
