-7.507215153101097493e-02,-1.900250169427948263e-02,3.656595949600995044e-02
-4.464885931594671231e-02,-1.023988407788310323e-01,5.409941166371254884e-01
3.396518071349658996e-01,-7.917135945894536453e-02,9.411587901583365889e-01
8.374126206686569596e-01,-1.709326325608573061e-01,9.209931922256606729e-01
1.336111117579227070e+00,8.279226187964676409e-02,9.702166395007516542e-01
1.720273454249759748e+00,4.374675408959640133e-01,8.170711359443717514e-01
1.930433065905425849e+00,9.783930547946608769e-01,7.663383408775912287e-01
2.172772009923568781e+00,1.464975306089384866e+00,8.495312761737950913e-01
2.330769439901325679e+00,1.942009996207989087e+00,8.513467370492837638e-01
2.377321893802124553e+00,2.452751739507307516e+00,8.551062577637059681e-01
2.541510287196330431e+00,3.014595141629246022e+00,8.849287987858901472e-01
2.555923556913671568e+00,3.559288466144439944e+00,8.304948754274776856e-01
2.563753482437224562e+00,4.086000514348220314e+00,8.937552167615474552e-01
2.531566861485333053e+00,4.645304691536593644e+00,7.931435433858949891e-01
2.357104399197359701e+00,5.172497616991876157e+00,6.574146680121077946e-01
2.168673163922455682e+00,5.647604825612891233e+00,6.082210481822916126e-01
2.041151285780451463e+00,6.174582317277730326e+00,5.045222699091902463e-01
1.731567806906728180e+00,6.633986579635800851e+00,5.776564516042238528e-01
1.355002722134783344e+00,6.880869753285966617e+00,3.003889069020212466e-01
1.070179409460531028e+00,7.174746678503988839e+00,7.489290350368903448e-01
5.618244268562960775e-01,7.195880404471242997e+00,8.173978671324615419e-01
6.268386670196540722e-02,7.112406303304888766e+00,8.650886539085921312e-01
-2.860142538387455136e-01,6.756002357135127312e+00,7.496952237247800355e-01
-7.364468612969863326e-01,6.358220715787045840e+00,7.559928280875320983e-01
-8.823921983371976197e-01,5.820921080209054743e+00,6.133596713329397820e-01
-9.557379251663131736e-01,5.308375248222802156e+00,6.395128064337310958e-01
-1.003539602701068345e+00,4.841127279304765274e+00,8.208281805528936381e-01
-8.905408454698028331e-01,4.302589434099507670e+00,9.602869664932631721e-01
-1.089588010244008531e+00,3.803002226528211072e+00,9.274913877207637825e-01
-1.170629432947571269e+00,3.235948639945693817e+00,9.111451533068453124e-01
-1.445124682066235566e+00,2.746114709195005332e+00,8.917760303329755889e-01
-1.670092714735200712e+00,2.285782970943092796e+00,8.450343110843461236e-01
-1.828139607759106999e+00,1.807496197691615292e+00,7.782904024746515326e-01
-1.907825066628158872e+00,1.311594644139539856e+00,7.197093981859177259e-01
-1.993231076531645218e+00,7.490510296093423337e-01,7.149466381152222993e-01
-2.139863234461802932e+00,2.572587590621361886e-01,7.506962994470598449e-01
-2.211937105013574989e+00,-2.519448558679729389e-01,7.570350483388121887e-01
-2.356720272132514005e+00,-7.406054393507001121e-01,7.833411110403016853e-01
-2.453865407753096139e+00,-1.304939566116154470e+00,8.021556666100801980e-01
-2.511027463249444036e+00,-1.853304625970262798e+00,8.281073144680695108e-01
-2.535037396438535762e+00,-2.412532631024908447e+00,8.472562787059214617e-01
-2.277571520369547020e+00,-2.956722208253892870e+00,8.708298428081981957e-01
-2.060008925107708500e+00,-3.441975455804101802e+00,7.500422122431593674e-01
-1.689386983970440070e+00,-3.890453603915271952e+00,6.494493032595678450e-01
-1.230193737657867770e+00,-4.080730271040446056e+00,3.866183778818401140e-01
-8.023369952647485537e-01,-3.845219669903531479e+00,1.991742272418629556e-01
-2.964993535856936813e-01,-3.897505024300433885e+00,4.286425930972890264e-01
1.925077783168988310e-01,-3.633588859559620854e+00,3.015245855214391812e-01
6.421891582916283703e-01,-3.401695019137442433e+00,3.153606132911475624e-01
1.033274129179150069e+00,-3.025021794179172829e+00,2.193363009183879886e-01
1.434873440282659951e+00,-2.722839822072645077e+00,2.750462884715419443e-01
1.788496225936463846e+00,-2.319431217485174557e+00,3.292465724650201486e-01
2.126319414810924791e+00,-1.735776380293386989e+00,3.752214889295619193e-01
2.243739982388471166e+00,-1.264903384569627809e+00,2.514029021297064515e-01
1.966349093803392956e+00,-8.210445975071622993e-01,1.755244197745332857e-01
1.497369453631961500e+00,-5.174002611639528793e-01,2.963994535225131788e-01
1.088421600390676369e+00,-2.085219268891957134e-01,4.001709796916290696e-01
-4.572133858911674453e-01,1.653551246279492959e-01,7.401863887866665381e-01
-9.869215185659053757e-01,2.221368679576462835e-01,7.635299558414321286e-01
-1.484347842345171697e+00,3.801305861833768618e-01,7.680519775906213820e-01
-2.442365295495383393e+00,1.022316616932559930e+00,7.328408292105118571e-01
-2.596237728870855577e+00,1.595004046304529854e+00,7.262342586255230437e-01
-2.655845764081337101e+00,2.094561493066698254e+00,7.323690468474467474e-01
-2.497822488993640455e+00,2.657290099528426985e+00,6.324176309499199844e-01
-2.314306373702096131e+00,3.213891814725430063e+00,6.879083269655752453e-01
-1.993708665302465377e+00,3.609310407105225771e+00,6.342532164355796365e-01
-1.560596983862742260e+00,3.900848391981924124e+00,6.230721848038278665e-01
-5.690354765658302005e-01,4.157332946810206487e+00,5.775228906067807477e-01
-7.379191401936778527e-02,4.116714868677462391e+00,6.893628853687532310e-01
4.390574706237902469e-01,4.007493818084332027e+00,5.886263960861227718e-01
9.339350926261306141e-01,3.821468864351168282e+00,6.337796360706826615e-01
1.494065698508518114e+00,3.414442896008373030e+00,6.332241454761267097e-01
1.901849697328876765e+00,3.135775126317307482e+00,7.528432744649644626e-01
2.643836137995437596e+00,1.274063589509299765e+00,7.241299335394024705e-01
2.301687298003037618e+00,6.405086600434130029e-01,7.467443745713349124e-01
1.173048949675504105e+00,-6.020417039076665366e-01,7.007991589117645859e-01
6.525469220918341806e-01,-6.401478509335494227e-01,6.644338194561220101e-01
2.580514921610884693e-01,-5.032036408186448817e-01,3.317290693305828264e-01
