-7.498317158949915906e-02,-1.852833728607503408e-02,3.698941870039545304e-02
-6.399156948768776332e-02,-1.446350138783139561e-02,6.866772371887200355e-02
-5.747992448478659450e-02,-1.010461544099155139e-02,8.947134844214801874e-02
-5.863727233191530497e-02,-8.867013183693291459e-03,9.443574394014379869e-02
-6.014872653145829362e-02,-1.040547786614444588e-02,9.028736234896835022e-02
-6.273220735377926793e-02,-7.785086991605048162e-03,8.612493627979378452e-02
-5.863732793430377621e-02,-3.776902199484177824e-03,9.599310990754703066e-02
-5.633124753474919033e-02,-6.052984761506232173e-03,1.059259153714134233e-01
-5.151843742854859964e-02,-8.205104442704249518e-03,1.071904383784862830e-01
-5.187861509721052033e-02,-1.257105519915219238e-02,1.053128373227576464e-01
-5.367216845571088496e-02,-1.617968275861375940e-02,1.056748713285455693e-01
-5.557319786705201825e-02,-1.279024933665873914e-02,1.049774017248890357e-01
-5.419482216768656269e-02,-1.327639732438811934e-02,1.200314643863400893e-01
-5.301889595415412715e-02,-1.343970352326750994e-02,1.277539732735311628e-01
-5.340825517188662469e-02,-1.108991373078911484e-02,1.259123595523200800e-01
-5.522015762859160126e-02,-1.099985825651592260e-02,1.229613972421215035e-01
-5.363985405753610158e-02,-8.292316456105041853e-03,1.236718417080330812e-01
-5.060912389444577331e-02,-1.032755055004390063e-02,1.273535115261122674e-01
-4.851185162783405724e-02,-1.275363635986042146e-02,1.392717020399727723e-01
-5.021919506584829329e-02,-1.142381662195895639e-02,1.465379592657906072e-01
-5.242521411624769673e-02,-1.082063513010026769e-02,1.507796037837942082e-01
-5.358705705022820398e-02,-9.641053891024677774e-03,1.509281632671655993e-01
-4.940682116789534700e-02,-1.141804936361969988e-02,1.479931939836532928e-01
-5.027718198219048584e-02,-1.670786321536921540e-02,1.548214189600045643e-01
-5.348665313220149486e-02,-1.980286417172810731e-02,1.601020921326661572e-01
-5.596384581847059503e-02,-2.098058153400740589e-02,1.619380469628756425e-01
-5.506030342184434212e-02,-2.091612904281058005e-02,1.597352676842250796e-01
-5.408737405887440591e-02,-1.554118231188849480e-02,1.542650463273470274e-01
-5.295717671063755738e-02,-1.205111051497972235e-02,1.598686050665404090e-01
-5.443131290665517708e-02,-1.630629294074761176e-02,1.657554138918617137e-01
-5.265204903792605751e-02,-1.765115088598401619e-02,1.669830756513802361e-01
-5.287853763743345648e-02,-1.783554192392046781e-02,1.642674244602237432e-01
-5.239442947835290521e-02,-1.708439759366765787e-02,1.648809625754108221e-01
-5.191137722879426986e-02,-1.632401697190090720e-02,1.654972003615865495e-01
-5.651287328587773634e-02,-1.378334349672463363e-02,1.698424114091897918e-01
-5.793530951443383314e-02,-1.603518092421457944e-02,1.708023013485797381e-01
-4.939414934027874793e-02,-1.308427903921954155e-02,1.738742761291347527e-01
-5.375393299321958723e-02,-1.204124977395672376e-02,1.759564093347392721e-01
-5.550819503818715805e-02,-1.559601209791032679e-02,1.751115996132684149e-01
-5.832172437377351748e-02,-2.056090003055004514e-02,1.776401536592442931e-01
-6.219397872596306442e-02,-2.077117042822737222e-02,1.755508792706475529e-01
-6.407375507866830411e-02,-1.875418085993181203e-02,1.763470058874036517e-01
-6.310885277812343375e-02,-1.819091899956553141e-02,1.787650893576477329e-01
-6.142871183905681404e-02,-1.579775411850558448e-02,1.804035398172395277e-01
-6.268565019127991800e-02,-1.681163510751429446e-02,1.784826036250740378e-01
-5.974220123180309927e-02,-2.143942879211765962e-02,1.815391913025678761e-01
-5.548525765602513315e-02,-2.497355240445886873e-02,1.837303901112780358e-01
-5.489424019844722780e-02,-2.760404093839579492e-02,1.843403344258882914e-01
-5.973346305496528980e-02,-2.505389911916868634e-02,1.847483226968440750e-01
-6.220150051395283153e-02,-2.295450154739506893e-02,1.845108078612339719e-01
-6.379068347999655719e-02,-2.393230254702633647e-02,1.807621513347419384e-01
-6.018112959569763692e-02,-2.418572425858665775e-02,1.812821020137824757e-01
-5.829517278618845388e-02,-2.403978143413858931e-02,1.829706558504846925e-01
-5.860841665574675896e-02,-2.414188060306251063e-02,1.854972916898087743e-01
-5.769270517959877720e-02,-2.584045832883220817e-02,1.879917649161412796e-01
-5.785572495094955942e-02,-2.429337020036363010e-02,1.883240603336149288e-01
-6.020458336148913625e-02,-2.469182939940402222e-02,1.897750674792508530e-01
-5.331965489670419112e-02,-2.598971027566420247e-02,1.876861087163201602e-01
-5.249679598584842954e-02,-2.459791627933768932e-02,1.866246570274505134e-01
-5.268676102578591369e-02,-1.828827571497490187e-02,1.916345088125744056e-01
-5.034717829526365318e-02,-2.242128758099697083e-03,1.874141281105257684e-01
-5.314686295297029600e-02,-1.017448549189359057e-02,1.845718199689256878e-01
-5.425048025222278802e-02,-1.553601266320128044e-02,1.912232836545000869e-01
-4.969899520267193060e-02,-2.834185203988960622e-02,1.893097494449879070e-01
-5.093233570312501179e-02,-2.650624607094485136e-02,1.897663352549570637e-01
-5.219967285072076024e-02,-1.414367855378179280e-02,1.935541999969093985e-01
-5.073425283822003556e-02,-2.069870557820315676e-03,1.974990856546555429e-01
-4.709073631559809042e-02,-1.961110731227296011e-03,1.975989533016010713e-01
-5.224302208344585446e-02,-7.789044465583349827e-03,1.973424401615397894e-01
-5.726968942581440319e-02,-2.109058668877234269e-02,2.080382617273473511e-01
-6.218332197998588384e-02,-2.370947633647915373e-02,2.026825215246972622e-01
-5.767319729338354906e-02,-2.366114631224587248e-02,2.095750028799477915e-01
-5.351253468151732223e-02,-2.050019161571541015e-02,2.096717372256990952e-01
-5.138599539227217683e-02,-7.683939341690974867e-03,2.042936004282599749e-01
-5.334861780197201059e-02,-5.540277540509329704e-03,2.079966187546468115e-01
-5.628620312580497054e-02,-1.366218748016718131e-02,2.055755807879153241e-01
-5.934999315852215740e-02,-1.652786202075375716e-02,2.038009448810557678e-01
-5.899018547779998067e-02,-2.197447678929358855e-02,2.033181134716658955e-01
-6.248431363852647441e-02,-1.990625254944196690e-02,2.059484505097372020e-01
-5.628407713651654293e-02,-2.436313911271732746e-02,2.088206100350487593e-01
-4.895792391511877284e-02,-2.432516127071635004e-02,2.062630089925081012e-01
-5.117374525072296287e-02,-2.098812436370697462e-02,2.079772882190186190e-01
-5.138618909390520184e-02,-2.481972788293477367e-02,2.097537311875054544e-01
-5.191727050784923636e-02,-2.293899538612593353e-02,2.102856960125535080e-01
-5.400564533366321307e-02,-1.885398144713426594e-02,2.121199456689050189e-01
-5.448614068616496053e-02,-1.989616696685503339e-02,2.080353098204959506e-01
-5.569102392084850084e-02,-2.086788601199505988e-02,2.126244387518756440e-01
-6.448261492844183096e-02,-2.319153190315990237e-02,2.118404981900749995e-01
-5.872227247612793466e-02,-2.254288875448310497e-02,2.125474912167255592e-01
-5.771451642927306891e-02,-1.823905248254964820e-02,2.103569903548008213e-01
-4.918796867536810030e-02,-1.377115129477177700e-02,2.155981511835363129e-01
-4.651479371476734126e-02,-1.244437060597488112e-02,2.120015906677366058e-01
-4.877242867870044962e-02,-1.009855142056336960e-02,2.106441199667374309e-01
-4.702709280153942462e-02,-1.325853904268477559e-02,2.109448318015387513e-01
-4.655537340852716754e-02,-1.693376564416209859e-02,2.138573058365289270e-01
-4.477894726271768738e-02,-1.071573920020234619e-02,2.118599553899437882e-01
-4.099763652601302877e-02,7.933352539411277216e-04,2.011020442073705450e-01
-3.405701414303888286e-02,-2.224911366770946503e-02,2.167985426491365053e-01
-3.668866878782401503e-02,-3.090302361300245951e-02,2.148213253294414815e-01
-3.992001483551477214e-02,-2.936362658754227903e-02,2.166045983201763669e-01
-4.061461162610048581e-02,-2.117084893187694619e-02,2.247386414259622822e-01
-3.569830498873236696e-02,-1.778584644546400001e-02,2.203045645771203875e-01
-3.542118874537201340e-02,-1.417906192197339495e-02,2.251690079976554348e-01
-4.844653698226445565e-02,-2.281733750330946706e-02,2.363871601207930828e-01
-5.763260739608478539e-02,-3.192125831613024101e-02,2.443560124773943854e-01
-4.793008747019535110e-02,-3.623855930146976240e-02,2.429084235425056915e-01
-5.122939488383872891e-02,-4.622602952358492029e-02,2.384846766134846308e-01
-4.597538491919636594e-02,-4.350053692201975852e-02,2.351795133434722573e-01
-4.314642308977848645e-02,-3.376595046029572111e-02,2.358861610757389260e-01
-4.088604888662070863e-02,-2.767902603656991617e-02,2.407828804529238420e-01
-3.368789657437535473e-02,-3.005845134799417159e-02,2.386540084304748233e-01
-2.890201140556612064e-02,-2.800457586292300766e-02,2.360986524960966004e-01
-3.668253075301518978e-02,-2.633355954561160395e-02,2.299475753483926355e-01
-4.823616254942938997e-02,-2.364479169850551565e-02,2.277933122495366391e-01
-4.887332512447518929e-02,-2.706637670867434453e-02,2.294815349476831134e-01
-4.927695996944124468e-02,-2.254336278599402416e-02,2.271445115928383829e-01
-5.310419556561948862e-02,-2.627633625384124746e-02,2.311782912168525717e-01
-5.940666760133855862e-02,-3.509944823596858332e-02,2.322446207024878584e-01
-6.050888757178829458e-02,-4.311133320915529893e-02,2.322165709985583859e-01
-5.820369459338105289e-02,-3.869962727676559688e-02,2.282839856212390828e-01
-5.860354616595729593e-02,-2.760574225543432209e-02,2.290969828552040233e-01
-6.299694694585870891e-02,-2.826504638017005716e-02,2.365060117144951179e-01
-5.369782562547222027e-02,-3.033266888715847182e-02,2.368163799835017458e-01
-5.303647559217530838e-02,-1.733416152961272938e-02,2.168424331567216923e-01
-3.949375680505520791e-02,-1.251716850479407152e-02,2.211200653885772582e-01
3.671804190318803118e-03,-1.298425117659960347e-02,2.905154410306488577e-01
3.577805417295709667e-02,1.172874414707316543e-02,3.045046345520861508e-01
4.388901364333772093e-02,5.703811886309299861e-02,2.512055015192248275e-01
1.474877642984310545e-02,7.228862112067804824e-02,2.020560176191146251e-01
-3.214706951478381314e-02,5.867633456237687783e-02,1.720664899991948549e-01
-3.763135833802067759e-02,1.519395476264873840e-02,2.571724134091691316e-01
-3.202384832781532062e-04,-3.349532185124705352e-02,3.822937752639683495e-01
5.643347930840398631e-03,-4.211046314963440285e-02,4.354115205155313917e-01
2.122430277215904201e-02,-3.409598231470527263e-02,4.410673039347322577e-01
7.246915292088187965e-02,-2.899524851247976473e-02,4.800440227565475615e-01
8.136768675060089551e-02,-4.376736570016766248e-02,5.041164334262430158e-01
8.290029534429552149e-02,-5.114820305201637357e-02,4.625182023521505759e-01
1.462224763198745059e-01,-4.959815963896620911e-02,4.599012631589581290e-01
2.025008813547465591e-01,-4.583074194612904440e-02,4.913415769469848260e-01
1.982893902813934739e-01,-4.441994878647548273e-02,5.065567285834281508e-01
1.996682366320511604e-01,-6.280874444724970918e-02,5.294457513310840691e-01
1.942185453633956949e-01,-4.531831915922823750e-02,4.782249726307765680e-01
2.035747998701426531e-01,-5.302796652320847931e-02,4.089168342440004933e-01
2.433948902179438878e-01,-7.873387087836529463e-02,3.909301629704474146e-01
3.108029728353370325e-01,-9.112197388911022489e-02,3.980589107398898041e-01
3.826997958468817407e-01,-1.081079010098073417e-01,4.911016759950357358e-01
4.434206319308353628e-01,-1.132997226747313457e-01,6.033490853038714352e-01
5.018892534556252949e-01,-1.076054125490998742e-01,6.990502061860217609e-01
5.740592578550216540e-01,-1.089906313276453459e-01,7.656965701444407024e-01
6.313851451126972769e-01,-1.310993491177599446e-01,8.141346698762932377e-01
6.771116801225587345e-01,-1.369678958134143421e-01,8.482871715446901328e-01
7.197567491609984103e-01,-1.146017120335238171e-01,8.641481031292956860e-01
7.567479670008470105e-01,-7.389568719893248316e-02,8.563450641026231214e-01
7.794974973282784436e-01,-3.112264040819289271e-02,8.475813530321940625e-01
8.008277980714141320e-01,2.092653894009718213e-02,8.304567549210893906e-01
8.179358004757524281e-01,6.895409791004718236e-02,8.222886456302218594e-01
8.096134774357739428e-01,1.190895522419500030e-01,8.193006723133592351e-01
7.827478603695979809e-01,1.865940968970143110e-01,8.023155321443637966e-01
7.568992757118390147e-01,2.603193116647988248e-01,7.885211112105895426e-01
7.471649776241745533e-01,3.444929955663129095e-01,7.861521599043348463e-01
7.148336165393954778e-01,4.219054586164004417e-01,7.885323636332676189e-01
6.851964617113391887e-01,4.807289502439028861e-01,7.993835119488876817e-01
6.639148591905527086e-01,5.387129488791077003e-01,8.351766468453997172e-01
6.374760217809204432e-01,6.168576484405043914e-01,8.859469790865426297e-01
6.110997307927543698e-01,7.008481373207078313e-01,9.380788231350701833e-01
5.756794315783397842e-01,7.866962620898919623e-01,9.628433802177366330e-01
5.369424496927273083e-01,8.725295145266845909e-01,9.708877076619371049e-01
4.962921812546155498e-01,9.602069576640074322e-01,9.722766797205105727e-01
4.426043400278343865e-01,1.038019360021892545e+00,9.665237977496657917e-01
3.944436855257650310e-01,1.120832614936244864e+00,9.429196011891670670e-01
3.480381195173232745e-01,1.203955989001195492e+00,9.176316325697787546e-01
2.826528202610802398e-01,1.294293418722933131e+00,8.861837111953724255e-01
2.183785785201200758e-01,1.369283777084329135e+00,8.368731023207556241e-01
1.720116532644271612e-01,1.437571774461170460e+00,8.063060324791769817e-01
1.250090593273951445e-01,1.502317862812208249e+00,7.857420407681096064e-01
1.007024355928162473e-01,1.592605309687398440e+00,7.534348071310688066e-01
7.945564892658218970e-02,1.698477318253992951e+00,7.352582582852857929e-01
5.910906048033195970e-02,1.798564046023116481e+00,7.090996170536614240e-01
3.446329085024198158e-02,1.887387474196124737e+00,6.658697670334011720e-01
1.834923609246443899e-03,1.978447900767956069e+00,6.281251367637861183e-01
-2.237577436514297941e-02,2.055626878659899237e+00,6.000832699431831729e-01
-4.512238665921477349e-02,2.139230562771623489e+00,5.784641182916686608e-01
-7.466983910427341109e-02,2.241940339990721842e+00,5.459575744903906180e-01
-1.040111638906176389e-01,2.339042436268555569e+00,5.079592816247004983e-01
-1.353334378463197374e-01,2.447017110304606113e+00,4.645782698903352381e-01
-1.518775482991433223e-01,2.555155080079407171e+00,4.371220651927680279e-01
-1.808490722940893081e-01,2.666834441753721752e+00,4.124194630101825076e-01
-2.088038810628304320e-01,2.768031907561805394e+00,4.043669453886998277e-01
-2.205020152771061670e-01,2.872524871630917520e+00,4.119213870219545770e-01
-2.269000334484251868e-01,2.977047334684566504e+00,4.627325890045287382e-01
-2.473865127407267606e-01,3.107342994721294271e+00,5.118222730626904582e-01
-2.688247242679968618e-01,3.253389948040431801e+00,5.391555059003503292e-01
-2.723801267849323415e-01,3.373865290935767369e+00,5.547229344496054093e-01
-2.547583568497738260e-01,3.464465977424759924e+00,5.104992386335166499e-01
-2.494554315013617907e-01,3.559315369899975323e+00,4.295810742470389521e-01
-2.480261639404583718e-01,3.651741299227078574e+00,3.856900309353902268e-01
-2.410885096829031016e-01,3.749791087568479231e+00,3.700993875552593959e-01
-2.403228624305270567e-01,3.846073098787224698e+00,3.715728057958812558e-01
-2.313741939107805956e-01,3.937183237544131575e+00,3.945203395966316862e-01
-2.108577097737615869e-01,4.033683172011679474e+00,4.327076816562624439e-01
-2.027348012474097239e-01,4.138184114850159467e+00,4.267919482173628820e-01
-1.877035434012734316e-01,4.263213937491269867e+00,4.232298241902662239e-01
-1.793295813809951122e-01,4.391465397383935709e+00,4.215526697773854803e-01
-1.709780622640382219e-01,4.520127617952338639e+00,4.124484215835692025e-01
-1.613585456950846209e-01,4.645963460710462734e+00,4.145421639388267021e-01
-1.484008213462035264e-01,4.734572524202440569e+00,3.969926802859847226e-01
-1.476832423273706785e-01,4.802262529470667118e+00,3.714026602910359132e-01
-1.420361455261808792e-01,4.866236046906282198e+00,3.622706803987145729e-01
-8.984756040809294131e-02,4.940383668154869845e+00,3.672648326285837261e-01
-8.708755995969594266e-02,5.054233724382831916e+00,3.701753241352788715e-01
-1.023552954476767696e-01,5.188030407989328907e+00,3.798368168759018171e-01
-9.671249982707991188e-02,5.309000033661337881e+00,3.403249557251911694e-01
-1.027002601739478854e-01,5.429486581091834019e+00,2.847062231195907067e-01
-1.004258180037167353e-01,5.551276533522746526e+00,3.105164980963428523e-01
-9.427474424467446878e-02,5.658276801879853046e+00,3.729168805055338987e-01
-1.062681809186579868e-01,5.768865238271899010e+00,4.269592317716676133e-01
-1.106129238474453658e-01,5.876187331261183644e+00,4.627498112250625906e-01
-1.145115349298000684e-01,5.990630619945162216e+00,4.748049401036410488e-01
-9.826397843467604698e-02,6.096529574117774963e+00,4.404127087630551607e-01
-5.024570350485375175e-02,6.186499519180983953e+00,3.563880132276429635e-01
-3.080684952135050864e-02,6.270998523014556625e+00,3.016103788663679341e-01
-2.217403791469566357e-02,6.377555435344136825e+00,3.093543414272689196e-01
-1.248879394317224667e-02,6.470880751629528582e+00,3.320765625042041425e-01
1.640379928294543113e-02,6.566891329261094867e+00,3.707984786594005766e-01
1.836752883569747405e-02,6.659147264249172693e+00,4.063341634525581281e-01
3.154393230741721864e-03,6.750328782329588329e+00,4.227046361121761242e-01
1.476542696920656213e-02,6.836747065542406965e+00,4.175074855829364884e-01
3.052041434974413908e-02,6.919843402143501798e+00,4.259036851085736819e-01
5.422822859055574651e-02,7.008965724979089984e+00,4.241553060029026323e-01
1.045439938096594940e-01,7.103058601690142915e+00,4.240403378268343126e-01
1.574651761968161034e-01,7.198379043120534782e+00,4.089867581281179665e-01
1.942460781997059072e-01,7.279477378216665961e+00,3.840816042754386928e-01
2.297357260468646523e-01,7.357965209628567038e+00,3.717506584963189975e-01
2.691442772499876845e-01,7.426638559212543456e+00,3.996954744651545210e-01
3.077280056175706879e-01,7.488335830786622793e+00,4.254557656176335967e-01
3.270485129652589973e-01,7.552566698285481550e+00,4.489848505366819675e-01
3.709826621517900436e-01,7.603815500275865169e+00,4.580084431213855001e-01
4.074814992349435339e-01,7.660137135358824345e+00,4.472183285560930033e-01
4.514436397110782595e-01,7.713513334488381723e+00,4.080066696036219742e-01
5.046487952477078931e-01,7.765155280215428668e+00,3.999146758513538735e-01
5.563512936740609982e-01,7.812127431213952811e+00,4.271509162938906812e-01
6.139712639896509616e-01,7.855387087090817566e+00,4.582454810710405724e-01
6.806364910280915392e-01,7.896358819543231711e+00,4.850041219521207259e-01
7.622839202574714923e-01,7.936125918206351493e+00,4.870651221397771513e-01
8.561580678565856584e-01,7.964231649247513367e+00,4.579512798897390491e-01
9.382477925961058007e-01,7.989983020027903393e+00,4.401953053386259973e-01
1.007302463807452586e+00,8.004503036898860557e+00,4.634267965289375346e-01
1.062357757124781754e+00,8.020655319728742683e+00,5.144509982734174480e-01
1.131148714618464668e+00,8.056686543683415636e+00,5.662115980498534373e-01
1.304760837497786818e+00,8.172035774516190898e+00,6.031418439885576355e-01
1.358075801513174863e+00,8.214754129578283326e+00,5.670082464341082984e-01
1.408945370080483928e+00,8.239736351468250675e+00,5.172631947354546789e-01
1.472177794591807976e+00,8.249434166715573724e+00,5.196702746761148184e-01
1.520982624006299355e+00,8.238160897955818740e+00,5.465225705807660317e-01
1.563463694744193999e+00,8.240368128468029241e+00,6.024581230212345817e-01
1.624764135357165795e+00,8.249326816686833652e+00,6.478370953022044576e-01
1.716622450860331828e+00,8.257774150066804708e+00,6.448446655831576724e-01
1.829848685631869198e+00,8.258058975393849366e+00,5.913165924653072114e-01
1.939253423372323759e+00,8.255405728720500491e+00,5.615127328227056402e-01
2.041011394091650555e+00,8.247282236934250221e+00,5.592254293200452642e-01
2.116746598412468039e+00,8.252049963189115545e+00,5.765333185346899203e-01
2.208370225983135704e+00,8.232108665421712601e+00,5.913762819338166388e-01
2.337384590672791251e+00,8.196484302936932309e+00,6.563672219652508799e-01
2.409410968695701261e+00,8.159330238379400413e+00,6.728006857658449524e-01
2.499545326952631985e+00,8.100844684027094900e+00,6.708750373787484289e-01
2.525782370048045955e+00,8.063868512256712862e+00,6.397610163212086309e-01
2.552501535935827182e+00,8.044630044892636889e+00,6.219264286892017823e-01
2.570378063815996761e+00,8.021968596605352886e+00,6.350784499166663988e-01
2.624637185242047810e+00,7.975573644679069041e+00,6.760920360917768157e-01
2.664956586222002599e+00,7.921196346843628611e+00,6.658949468506624170e-01
2.755577650333659978e+00,7.847665545783278240e+00,6.554030384115206997e-01
2.850505422900201147e+00,7.766524285822576701e+00,6.190035905599013955e-01
2.931856746948888315e+00,7.686113531568952162e+00,5.791183875198466779e-01
3.006056883675244595e+00,7.599917856411448902e+00,5.557270808821587194e-01
3.072566312910185449e+00,7.506567744815468401e+00,5.830074548948724900e-01
3.157070907240494329e+00,7.426291284979906315e+00,6.569104350930252689e-01
3.205976178577119029e+00,7.360882858572120213e+00,6.617644226626875348e-01
3.257225544242477344e+00,7.287387500265656293e+00,6.615656645721371687e-01
3.238913428108711301e+00,7.233521810976411004e+00,6.412435461291626781e-01
3.244377588267967738e+00,7.152915734086835009e+00,5.920113922844707499e-01
3.215960021341324637e+00,7.077281765427318128e+00,5.978558492134998792e-01
3.225554407118102596e+00,6.977219293691586444e+00,6.496365033543533007e-01
3.213722909754840096e+00,6.900136837062297523e+00,6.577860067641182473e-01
3.235012053819234623e+00,6.808951958618304268e+00,7.130520386808361089e-01
3.266965501835750185e+00,6.726887415070108567e+00,7.594692384850733058e-01
3.283832385417527977e+00,6.643391839198463877e+00,7.387009225513820887e-01
3.270718005192117417e+00,6.561310650876749584e+00,6.839793146638249999e-01
3.292206626290357541e+00,6.471812261363046659e+00,6.451681804545670307e-01
3.302404771003943917e+00,6.382935383676714203e+00,6.479445313268242801e-01
3.331882201491032092e+00,6.298694704661282451e+00,6.816526353105322178e-01
3.307970464563109392e+00,6.226359657871538111e+00,7.364994447990717008e-01
3.263639506290211045e+00,6.174997199938461634e+00,7.775086230524350661e-01
3.207214687408441289e+00,6.121790939826563083e+00,7.337701402859204691e-01
3.160299330105979632e+00,6.059731097830971080e+00,6.902787595354741290e-01
3.092305181747980747e+00,5.993574607512158536e+00,6.681785082811615428e-01
3.017290165455235318e+00,5.936752376472475667e+00,6.944199166266570300e-01
2.955181514764938289e+00,5.878081805859017628e+00,7.156480353204008882e-01
2.898844745283526425e+00,5.814172404381960924e+00,7.497073140075080078e-01
2.845925467912683082e+00,5.724377250019910157e+00,7.736051919350132033e-01
2.789774409392923982e+00,5.643917597301835620e+00,7.399149380357432637e-01
2.736136183235049923e+00,5.575224175220095724e+00,6.951322837063709237e-01
2.664104178135160872e+00,5.513293852494645542e+00,5.909735596549052783e-01
2.603030480587996909e+00,5.446506939061201535e+00,5.183448334229726617e-01
2.532476068618966014e+00,5.397503337088939368e+00,5.258830453804589355e-01
2.423442224302359005e+00,5.369007155027223810e+00,6.164657381186651186e-01
2.295425946885731427e+00,5.347698864010865805e+00,6.468647053996732232e-01
2.163753991666685472e+00,5.334565916687461495e+00,5.773854827602508122e-01
2.052824964704016875e+00,5.322982052483523852e+00,5.589012202717367206e-01
1.957848742331749214e+00,5.303086296186477533e+00,5.155998257253384676e-01
1.872098072503229904e+00,5.288203598350461832e+00,4.784941626785303437e-01
1.796047338704997109e+00,5.264920547837076192e+00,5.203017892947152667e-01
1.733830764815879277e+00,5.234467940274386777e+00,5.186852306255682610e-01
1.648614576808522969e+00,5.201310801969048825e+00,4.846370239547709291e-01
1.564790405239655957e+00,5.167819402412349383e+00,4.513729147841978318e-01
1.482695715955084648e+00,5.128249768698026401e+00,4.163670390818845490e-01
1.395805813364403125e+00,5.084733167978991553e+00,4.281903522195908418e-01
1.313607744986149850e+00,5.037722882902950339e+00,4.586074747726474055e-01
1.210220923568108287e+00,5.001729758510487400e+00,4.717416436299126103e-01
1.101178592225088071e+00,4.981429105952654091e+00,4.609592145542781849e-01
9.882543149673547189e-01,4.966795041742828154e+00,4.028177598299719220e-01
8.688500644262115991e-01,4.970448033913402064e+00,3.841845297822670813e-01
7.606880464854396395e-01,4.985229969368209169e+00,3.990426570904990755e-01
6.571334264773146527e-01,4.974458199969415517e+00,3.792524936083745413e-01
5.876149828124270780e-01,4.928744246706309617e+00,3.924743726365867436e-01
5.412499008430389225e-01,4.861737188690415046e+00,4.135652854095369091e-01
4.260133520073658420e-01,4.729446713215835096e+00,3.517858304108714695e-01
3.614640313706946051e-01,4.688190832584141710e+00,3.399203436614585128e-01
2.824723258926434277e-01,4.633082083169141718e+00,3.276310067099783563e-01
1.910113199686538088e-01,4.582166388362249876e+00,3.687390596490036088e-01
9.379382545732020682e-02,4.531587104447190484e+00,4.273299103313289438e-01
-6.631338051602604644e-03,4.483148224092306400e+00,4.672707964269399716e-01
-9.642175187920468127e-02,4.433842193901115891e+00,4.114623933089456842e-01
-1.980092964425047841e-01,4.365543641457213297e+00,3.628812177180737453e-01
-2.826558061897808116e-01,4.305039681621955161e+00,3.751135494339460918e-01
-3.358129108897023873e-01,4.242432307197415930e+00,4.054338545582156228e-01
-3.646201486702859706e-01,4.156389145084262715e+00,4.377729892874660522e-01
-3.818839658086264355e-01,4.069487679266046598e+00,4.642611673793558547e-01
-4.155279353672015064e-01,3.970094864871836382e+00,4.164297159397437054e-01
-4.636443260506892261e-01,3.893552464391074164e+00,3.756810808171988647e-01
-5.044930732939447715e-01,3.819460953144671045e+00,3.772675241305462612e-01
-5.444572284592607003e-01,3.756130679384325877e+00,4.339843536766148091e-01
-5.635503815019817786e-01,3.684083253004629910e+00,4.883353013359402195e-01
-5.823088349264528008e-01,3.600872117253886895e+00,4.986512286180197484e-01
-6.005669286215270519e-01,3.517502811854311240e+00,4.613529757078891902e-01
-6.259384104013767658e-01,3.442974607914323304e+00,4.167512436690937738e-01
-6.467435933205043508e-01,3.380376062370761492e+00,3.974642539532997620e-01
-6.755554765981474086e-01,3.300666139209528449e+00,3.984683322496881952e-01
-7.013554993435643370e-01,3.243988978151941538e+00,4.546534603105821248e-01
-7.069907353216285939e-01,3.181030678325061700e+00,4.999583146291033398e-01
-7.028774556355376069e-01,3.122859020982097444e+00,5.254738831361353002e-01
-6.938029534899207151e-01,3.056114468900360759e+00,5.130260134537061312e-01
-6.883139164482664496e-01,2.977174194722039591e+00,4.798574731994049714e-01
-6.674457752626919982e-01,2.886929944277315307e+00,4.501024353012488821e-01
-6.501665799812831326e-01,2.796817074545160153e+00,4.345322539191835975e-01
-6.249370572278678537e-01,2.708848517207010698e+00,4.506905951746672523e-01
-6.051092983313470786e-01,2.632232635227052864e+00,4.716523061424982566e-01
-5.737050368750451490e-01,2.548573698367007090e+00,4.716380243493547009e-01
-5.526817704391875363e-01,2.480319080420912314e+00,4.708781604435436918e-01
-5.281197169763881538e-01,2.421941932276048259e+00,4.619316853788353883e-01
-4.990645885074463384e-01,2.361268403587894138e+00,4.439295512110394415e-01
-4.829065559143588260e-01,2.290111716441591838e+00,4.408860699817803708e-01
-4.334226952788350906e-01,2.225710365674156588e+00,4.541750480485546304e-01
-3.604269228921710977e-01,2.161951084059440031e+00,4.685200010355729527e-01
-2.855101137179321680e-01,2.115815535127874458e+00,4.899816529794658315e-01
-2.168803330626625503e-01,2.076318042138261877e+00,4.959941226170679895e-01
-1.622798368722217777e-01,2.026604149246747699e+00,4.868617700450760810e-01
-1.269401328907286408e-01,1.977008650436189230e+00,4.733555309734722161e-01
-8.058374316570240947e-02,1.915620615789958903e+00,4.678891692733184726e-01
-2.469533877335752456e-02,1.861228473028249120e+00,4.640015513411277492e-01
4.588963913734669942e-02,1.822499063130525343e+00,4.669442742335009888e-01
1.295103354132094431e-01,1.792293581803759306e+00,4.793814723918229381e-01
2.245538953822452388e-01,1.753619865669009403e+00,4.955012841712490568e-01
3.147198471992293523e-01,1.723135761677394795e+00,5.153248752559413948e-01
3.920884256589186045e-01,1.691163282715793414e+00,5.145752735906775621e-01
5.524373386743911540e-01,1.682365293794138017e+00,4.961172623357215650e-01
6.444937178212433171e-01,1.679934878574646406e+00,4.935987318005327640e-01
7.283122429794368635e-01,1.681194424423813061e+00,5.061000559204185123e-01
8.088411997820680321e-01,1.682164013042757533e+00,5.313583441649245565e-01
8.865256423009494346e-01,1.683397478130185920e+00,5.328347913688392667e-01
9.786504874561243739e-01,1.689030308997102159e+00,5.498730193875669414e-01
1.065681310420294015e+00,1.711258433336062090e+00,5.566061744320082161e-01
1.138953253922693420e+00,1.738541529526461238e+00,5.501147904384198206e-01
1.202315370798958227e+00,1.755929221169175491e+00,5.411894629733480233e-01
1.253242715244846650e+00,1.755144357131063648e+00,5.256125433361223953e-01
1.329084900772197653e+00,1.741698966493055334e+00,5.098517499284553889e-01
1.401338739442893555e+00,1.744923213941137918e+00,5.239223767151409694e-01
1.456305256656734270e+00,1.771338882074308785e+00,5.578093883828270094e-01
1.472773608730713502e+00,1.808080542814324065e+00,5.743291344744007043e-01
1.500831003464560665e+00,1.830133150979806667e+00,5.331220643653343805e-01
1.543932710656926499e+00,1.864728259300949986e+00,4.875578450466955260e-01
1.621644660819145933e+00,1.909189528261003410e+00,4.900919604601196577e-01
1.721560141385237053e+00,1.942299905695419993e+00,5.163015548400194943e-01
1.819709456484892574e+00,1.973787463896839345e+00,5.274929323747511445e-01
1.897524542777678125e+00,1.999823001697181857e+00,5.245670753452948976e-01
1.959216195369816393e+00,2.031955179252795229e+00,5.173463053822532354e-01
2.003299774020305790e+00,2.082037549051761527e+00,5.010709117045959449e-01
2.026601189154257021e+00,2.165364860765441435e+00,4.945295181240722537e-01
2.060812710299835260e+00,2.266619128349670831e+00,4.820325365978532783e-01
2.104695509382350060e+00,2.371798439362670763e+00,4.879309839065277821e-01
2.149179542410451837e+00,2.444327752852423430e+00,5.054796373639073304e-01
2.185416514703018009e+00,2.513652559768763783e+00,5.022025787562962584e-01
2.219348079788502126e+00,2.561688807618008212e+00,5.048646202922888460e-01
2.262225767433822643e+00,2.536448274690109805e+00,4.654520304078418880e-01
2.287337612550409460e+00,2.576385834636424121e+00,4.801293207862382673e-01
2.302207265309364370e+00,2.627772328495526111e+00,5.196648491189073127e-01
2.307994575506804757e+00,2.688161328875241729e+00,5.347537492831258010e-01
2.301471074081840040e+00,2.762225927694895056e+00,5.259811001784830964e-01
2.279275200288682246e+00,2.855192922189930815e+00,5.174691488644866944e-01
2.252768807798569028e+00,2.961121203936709190e+00,4.655542433582718909e-01
2.223613144419159138e+00,3.068594483464881062e+00,4.393243068519657180e-01
2.197257887092036288e+00,3.174571698189875057e+00,4.346711399088650229e-01
2.136790734994270746e+00,3.284165555531486369e+00,4.593612233830601244e-01
2.098592108737783235e+00,3.398948657745994417e+00,5.571033926526876012e-01
2.091741271010316261e+00,3.463583686893974889e+00,5.313173472954215715e-01
2.056945954776951524e+00,3.512686513200347083e+00,4.280925823116152884e-01
2.050018488672652239e+00,3.523080742597771930e+00,3.339668862165365293e-01
2.056007755571825690e+00,3.517679442016734992e+00,2.978184211787290314e-01
2.058398888632128720e+00,3.508351037485141877e+00,3.373306859094472032e-01
2.038731035805919412e+00,3.520567648273333017e+00,3.393986733859382654e-01
1.977188366953525067e+00,3.560304669505229835e+00,3.297339444474668979e-01
1.911414050326216918e+00,3.628658276018366546e+00,3.892557626203148602e-01
1.833731550862628401e+00,3.694504493511041598e+00,4.310336646190068288e-01
1.771278435254222794e+00,3.749485733663762588e+00,4.577171759344294544e-01
1.713189976399378978e+00,3.809965758664050739e+00,4.741235971496853829e-01
1.636529712750352861e+00,3.877023617056761129e+00,4.675829078757783308e-01
1.548659740513591121e+00,3.967072001900400657e+00,4.479686433143573732e-01
1.464603363696338700e+00,4.067118323343626329e+00,4.842737681404351013e-01
1.366122361365303517e+00,4.189233175146135579e+00,5.073108034122514320e-01
1.302983988764359502e+00,4.289508121546674602e+00,5.353509603062631683e-01
1.258483996864606436e+00,4.372318486273161220e+00,5.746616524761811728e-01
1.225448267098229849e+00,4.445248313606138701e+00,6.236940576508820389e-01
1.200511833621610513e+00,4.504694847701600224e+00,6.500282118173061896e-01
1.159462813670691927e+00,4.559021261962580063e+00,6.369079862843756157e-01
1.112347379153727722e+00,4.612246180237812965e+00,6.018449956466671580e-01
1.101330911699118564e+00,4.645830962000725428e+00,6.084506123909811937e-01
1.074291875705300381e+00,4.706361223971135210e+00,6.987208331510765813e-01
1.010389439912650289e+00,4.787714028138444711e+00,6.782652062363361267e-01
9.322247677179478220e-01,4.877902669065804275e+00,7.022041238170679822e-01
8.515733003841761128e-01,4.985500718151084421e+00,7.253254684966230492e-01
8.079714463019087578e-01,5.099546934435616130e+00,7.613486631777430791e-01
7.961356495057251292e-01,5.196161931966770453e+00,8.878368408569936587e-01
8.025462767824509402e-01,5.296561394980106918e+00,1.005265411776277595e+00
7.922867520099374783e-01,5.386712774300868922e+00,1.006878441318893147e+00
7.448600913837974957e-01,5.474682769018958339e+00,9.027980085891642581e-01
6.556385768191462793e-01,5.563564711816302299e+00,8.529673357621398999e-01
5.415687065735048655e-01,5.652021400547078578e+00,7.488127712833161365e-01
4.627122521818591849e-01,5.722107986838086191e+00,6.599773219444633465e-01
3.934899444778686695e-01,5.851800370357891801e+00,6.770498451071844670e-01
3.903130650571632332e-01,5.912269098048236415e+00,7.116320993815044016e-01
3.639271394249137259e-01,5.974637069366289133e+00,7.317190943455802454e-01
3.047600969413571947e-01,6.052412117063527219e+00,7.799739196032993149e-01
2.596637543661098890e-01,6.132584407370312185e+00,8.859659808504438683e-01
2.298479491593321822e-01,6.221984712195172129e+00,9.281708239091746027e-01
2.574187185878759054e-01,6.295121230165661608e+00,9.456384097130992039e-01
2.431639584528898224e-01,6.377239955669728566e+00,1.004169825611672451e+00
1.918292609059445153e-01,6.467956715281551361e+00,9.214985923046183913e-01
1.357659442638736724e-01,6.546552170834721629e+00,7.905402414411542011e-01
9.297341470791065099e-02,6.605694791409351119e+00,6.470876814658368392e-01
4.920400436875053962e-02,6.655316445544507076e+00,5.521552210741955680e-01
-9.920563913778983334e-03,6.724627114936318151e+00,5.760458941141843869e-01
-6.608772076288972619e-02,6.800605427026059857e+00,6.240303649120995111e-01
-9.513153705579130426e-02,6.860022500882994478e+00,6.924857532957253703e-01
-1.384321928732096252e-01,6.921402109033652827e+00,7.288216098567685819e-01
-2.071625557499929826e-01,6.976569402677420761e+00,5.433262056656604777e-01
-2.852968337017781630e-01,7.038044702264261154e+00,4.466508219462905771e-01
-3.747497227734538638e-01,7.116026655481274332e+00,5.580204408326874255e-01
-4.621156965404579764e-01,7.186454834726039742e+00,6.231438707681298261e-01
-5.592209594478169121e-01,7.245894724990005642e+00,5.372728504623121015e-01
-6.827749617674261362e-01,7.311890339324073729e+00,4.266234452845471536e-01
-7.827122550777717569e-01,7.353821708082723951e+00,3.933391573697533894e-01
-8.233975074520971660e-01,7.388380208288205075e+00,4.119876051528833516e-01
-8.595003386628272679e-01,7.391602219905422544e+00,4.606382065714001994e-01
-8.861030153981928059e-01,7.391828905395353644e+00,4.849145495679454965e-01
-8.969361605284875694e-01,7.374673281558064453e+00,4.089198398504184095e-01
-9.568554179213549782e-01,7.349980951224569736e+00,3.657187434448537777e-01
-1.047266611319339402e+00,7.321417176901411139e+00,3.346879029161651808e-01
-1.157118648823520779e+00,7.296777978230762685e+00,3.389008619382023468e-01
-1.297001993109107909e+00,7.268993126344387434e+00,3.506233458730258490e-01
-1.419534979106872097e+00,7.231730694563050399e+00,4.201485410980929092e-01
-1.559195320575777588e+00,7.201300873555960713e+00,4.724116170291399186e-01
-1.666793997742144429e+00,7.169509577516731014e+00,4.343899988337163731e-01
-1.752837930661050647e+00,7.117783067797550878e+00,3.083251167437238149e-01
-1.798818606631418460e+00,7.057082262388715499e+00,1.568878152636871970e-01
-1.800970049251975791e+00,6.980977380304628888e+00,1.156077542046572704e-01
-1.788589729312829002e+00,6.901758197960976560e+00,1.169817488691053259e-01
-1.776721386036488770e+00,6.819255914723898471e+00,1.372450486193213248e-01
-1.763329601746921549e+00,6.739802487230227790e+00,1.444508004609386664e-01
-1.754496199245109134e+00,6.657627781467360784e+00,1.832320546052964849e-01
-1.760974601951348806e+00,6.559930466981061414e+00,1.697275921794368647e-01
-1.796205524968504941e+00,6.465897634948485795e+00,1.422245566973121544e-01
-1.848949389533379284e+00,6.385892725272491965e+00,1.382987592379609776e-01
-1.901299337912333298e+00,6.311071212224187654e+00,1.495730687184586016e-01
-1.966073702250472177e+00,6.243794511194439956e+00,1.172653327052264327e-01
-2.045261763947098466e+00,6.179638599254279718e+00,1.352463609708190739e-01
-2.131362359981817445e+00,6.099596974783899839e+00,1.683338439519147522e-01
-2.217613339728310873e+00,6.007357589732465364e+00,2.084809564458113273e-01
-2.255154762159936599e+00,5.910497034757763224e+00,2.884334003808892155e-01
-2.253040026945097640e+00,5.816620430599190428e+00,3.018609627901837622e-01
-2.234643449653116676e+00,5.721526687864022520e+00,2.201035573631489051e-01
-2.205353644220351406e+00,5.631081773883096275e+00,1.746864176514313916e-01
-2.181261612581534504e+00,5.539895050859876768e+00,1.760751360104314267e-01
-2.161995161795552622e+00,5.446122412530542967e+00,2.516590997312976308e-01
-2.149779566498199124e+00,5.354013923740587266e+00,3.340079140154095794e-01
-2.144694069103468159e+00,5.265111319650754851e+00,3.602828794078219432e-01
-2.147972433584323770e+00,5.167277781213231336e+00,3.213262757484898202e-01
-2.161736462645525325e+00,5.065525246892283562e+00,2.443714448988545673e-01
-2.186761754342307906e+00,4.951171496385081916e+00,1.781829629561994532e-01
-2.220013560340424963e+00,4.836591447997540705e+00,1.879270989380975587e-01
-2.247013828610254116e+00,4.711904502191085697e+00,2.400675576389189325e-01
-2.256022591575518099e+00,4.591759752057473776e+00,3.459881709027560759e-01
-2.226193175513291767e+00,4.477868142043379684e+00,3.753658337792544208e-01
-2.166985305825898322e+00,4.380104762817196296e+00,3.188478572400622046e-01
-2.094139914721249163e+00,4.309499115797637891e+00,2.718972408806359375e-01
-2.037323152067366028e+00,4.240156476797561247e+00,2.537921013852741936e-01
-1.980336851165482859e+00,4.163270361431636424e+00,2.749308950100060045e-01
-1.956603438691182584e+00,4.081690143410777516e+00,3.222821940670043683e-01
-1.951702354762141711e+00,3.984947771261958760e+00,3.454471822708723439e-01
-1.957381097188542363e+00,3.893442406749705320e+00,3.568165253975129070e-01
-1.945907736424596024e+00,3.799328748352309937e+00,3.642589989504237957e-01
-1.952282709351948142e+00,3.697453767202308672e+00,3.720616201135608647e-01
-1.962327153118343048e+00,3.587547390448563522e+00,3.894015807252775296e-01
-1.983511884298523764e+00,3.463541580629622807e+00,4.261249646139904645e-01
-2.000880619624977097e+00,3.364192382979799056e+00,4.649436851064074894e-01
-2.007370805312219009e+00,3.269665491898940068e+00,4.788865207485029085e-01
-1.978375246090876560e+00,3.183125413253181435e+00,4.411394019714742765e-01
-1.959906582108082107e+00,3.072632658493871016e+00,3.919967101059977366e-01
-1.952889301474295847e+00,2.974741880294338614e+00,3.594059634042468532e-01
-1.936901166192441348e+00,2.889147675244974067e+00,3.702990434004406195e-01
-1.946236944721439599e+00,2.809196529210878701e+00,4.165637411734387507e-01
-1.969150321481153654e+00,2.727166446902194785e+00,4.648441085220845204e-01
-1.987510409796429123e+00,2.628880722937283920e+00,4.906588913209176117e-01
-2.009740590456927656e+00,2.535331562708310837e+00,4.948946163507589313e-01
-2.052271120458116549e+00,2.441975618259255576e+00,4.727085705710694086e-01
-2.095091791114876312e+00,2.356099343704752158e+00,4.316655919282192388e-01
-2.136798220516767266e+00,2.258896151252057116e+00,4.154995376019691156e-01
-2.168996140205638135e+00,2.164433511961015633e+00,4.099978760758249408e-01
-2.198907785892042721e+00,2.068660738433438340e+00,4.037510005640603250e-01
-2.203349437219527474e+00,1.970143712034571948e+00,3.921938984510245363e-01
-2.206910198624474795e+00,1.866748016058081827e+00,3.756407679879919526e-01
-2.201849166000241720e+00,1.752254452123467754e+00,4.069080224497504394e-01
-2.204107215186978941e+00,1.662367112325350726e+00,4.217888107378138796e-01
-2.227416246023740332e+00,1.568135511624220824e+00,4.474250547109644427e-01
-2.236341279239777435e+00,1.484706914987757642e+00,4.889086973170112538e-01
-2.259114995669381010e+00,1.394586031217892375e+00,5.149562278476425004e-01
-2.294842210943088379e+00,1.302909828231797018e+00,5.143128379471700873e-01
-2.334544480114606024e+00,1.214861127303872079e+00,4.961750176278337809e-01
-2.371616209395816188e+00,1.129436650222869432e+00,4.739038901402447546e-01
-2.405315086426436100e+00,1.037387952167277527e+00,4.590902415344815801e-01
-2.420830504788864079e+00,9.459291658525221802e-01,4.490347322545177877e-01
-2.435823643117825732e+00,8.594663832691169514e-01,4.389386445009672566e-01
-2.444303456831848020e+00,7.673128731947209680e-01,4.319352336836774220e-01
-2.436884300044886320e+00,6.720529720155233866e-01,4.326304374256877971e-01
-2.419472197274374903e+00,5.883991194282093273e-01,4.415771869064040178e-01
-2.408520661667146623e+00,4.842041887085289931e-01,4.432573231218795984e-01
-2.408712624460555229e+00,3.735601713504079213e-01,4.444418572877688600e-01
-2.408229331848661392e+00,2.727982484910544958e-01,4.545169674023974427e-01
-2.406214628792882504e+00,1.798131379255001883e-01,4.574872694178382382e-01
-2.402686475113744002e+00,8.157195252150381548e-02,4.601060976834177585e-01
-2.397111363184332600e+00,-2.255656112494621585e-02,4.696763691484010517e-01
-2.382047030568799517e+00,-1.401367001793789868e-01,4.693275038360285034e-01
-2.355579218699763278e+00,-2.463543108901020684e-01,4.718097464217769210e-01
-2.338883741786241366e+00,-4.375655453554480601e-01,4.574338639065163581e-01
-2.359204292231842359e+00,-5.145842083223808316e-01,4.378814221299086040e-01
-2.359273114842331598e+00,-5.982236660124516936e-01,4.305868483921329593e-01
-2.360099145519705122e+00,-6.865350148854354462e-01,4.284759432907651600e-01
-2.336858202373966797e+00,-7.814182390709080162e-01,4.330070407559406531e-01
-2.330531627177213405e+00,-8.826587141201330811e-01,4.411607356735675056e-01
-2.335529590497763319e+00,-9.855935457089584073e-01,4.484884627187808448e-01
-2.338645410908367417e+00,-1.066122582910978167e+00,4.194886934786980492e-01
-2.329475429851075585e+00,-1.132278538693739955e+00,3.879685710413269262e-01
-2.323001406743270270e+00,-1.195195776544791810e+00,3.750324904405460957e-01
-2.304749657889576309e+00,-1.264029641532306458e+00,3.759480277362498568e-01
-2.284954882976628632e+00,-1.352641889767609351e+00,3.694161322308695539e-01
-2.266720616364256369e+00,-1.442188228220267598e+00,3.816752616970520151e-01
-2.302470266992132419e+00,-1.522443955936290783e+00,3.724160316056307485e-01
-2.355312492158580628e+00,-1.587783015658569497e+00,3.224817249057202462e-01
-2.408479760303657624e+00,-1.670004862759399078e+00,3.180382712803010992e-01
-2.435303204235930608e+00,-1.755066108814680836e+00,3.484110510348082945e-01
-2.427816385997970450e+00,-1.848313790808188584e+00,4.304881460510505131e-01
-2.402489959903427952e+00,-1.958263960102033074e+00,5.206398251183244064e-01
-2.337102864641580791e+00,-2.065253270259926222e+00,5.750407159226504916e-01
-2.308408075013624661e+00,-2.172405798967318447e+00,5.912487833215960276e-01
-2.303173141565272974e+00,-2.271904360927775812e+00,5.338183806523173480e-01
-2.304920577885917865e+00,-2.352948308779400310e+00,4.930573087826677914e-01
-2.230625291555671019e+00,-2.449413931784963250e+00,5.758738765976847418e-01
-2.152445548892490290e+00,-2.538000178985143851e+00,5.986255080873401635e-01
-2.085414763580856867e+00,-2.614688117061887862e+00,6.228068479257470313e-01
-2.025574311645123693e+00,-2.702939543330310723e+00,6.606801900481282797e-01
-1.968900144432876864e+00,-2.788253797917711108e+00,6.960365680488387330e-01
-1.940923742119786688e+00,-2.855148271192702314e+00,6.981595983761283986e-01
-1.918552591325948686e+00,-2.914141049493573998e+00,6.881174709765371933e-01
-1.907202673713011221e+00,-2.968105183392237834e+00,6.728695674799987092e-01
-1.919770221158346057e+00,-3.025511254813616713e+00,6.438095696206420637e-01
-1.920775667389460928e+00,-3.077817750809513697e+00,6.137229986368820667e-01
-1.901716860248602758e+00,-3.132716041978427235e+00,5.855990720569715924e-01
-1.834362095473841769e+00,-3.187498349074220805e+00,5.580938279448244277e-01
-1.740199759129939183e+00,-3.243970765708180881e+00,5.426892851984077559e-01
-1.631514598310416675e+00,-3.301440672538161092e+00,5.445421629499310745e-01
-1.501282714206849001e+00,-3.354595636854429852e+00,5.497263648516694801e-01
-1.416656205361000787e+00,-3.412831785267508522e+00,5.615851738489630041e-01
-1.334202989327730959e+00,-3.460138494132081632e+00,5.682371598371038779e-01
-1.227913266745773058e+00,-3.528408090877166448e+00,5.776299646379902120e-01
-1.220656214889393132e+00,-3.549466589095646718e+00,5.771909971969264586e-01
-1.208530897273160987e+00,-3.560221523684509393e+00,5.811772248809479180e-01
-1.200817275137913365e+00,-3.569349477521678526e+00,5.832495545205563792e-01
-1.145753481096415172e+00,-3.570198599720101118e+00,5.752849037738521076e-01
-1.064652826354154591e+00,-3.562649837801176389e+00,5.672669888815062844e-01
-9.555759993260124485e-01,-3.556357727238764088e+00,5.697155386633696583e-01
-8.327634725676361649e-01,-3.564571339025177643e+00,5.772107040000942213e-01
-7.114786051578937398e-01,-3.578836388098719290e+00,5.712876620083773282e-01
-5.820654654645122106e-01,-3.587351867241179271e+00,5.570112525600255937e-01
-4.605642239398830551e-01,-3.583852151249112605e+00,4.981618375121368292e-01
-3.308115132776283662e-01,-3.573524142482897403e+00,4.511188667835011046e-01
-2.148250654631737033e-01,-3.548577480774820270e+00,4.314780019758370777e-01
-1.570279067613380430e-01,-3.507769007292401042e+00,4.278706534440369635e-01
-1.177696407750562779e-01,-3.459691896266445355e+00,4.380714093574293311e-01
-9.711316972012415394e-02,-3.417357810765084380e+00,4.531766416519540930e-01
-7.443220078504553250e-02,-3.376644971150319474e+00,4.599876868361106319e-01
-3.093162436211460697e-02,-3.339419920008520393e+00,4.695711334050542418e-01
3.056960410594823999e-02,-3.308772608877355470e+00,4.832208024819624193e-01
1.295024480743007245e-01,-3.282257137274451342e+00,4.970674061459975368e-01
2.366373201469962884e-01,-3.253223160696236071e+00,5.112453715781928310e-01
3.515214005185231527e-01,-3.214928166977711665e+00,5.273456912284644194e-01
4.788843487357078432e-01,-3.177123993825198944e+00,5.342006073818185152e-01
5.995459278901562605e-01,-3.129875905009097625e+00,5.220397303853858695e-01
7.267522449040851873e-01,-3.070069569681411537e+00,5.179473774869605140e-01
8.325566072436152432e-01,-3.003690347911196490e+00,5.179843801628110089e-01
8.973852886996924738e-01,-2.939775438319278678e+00,5.153435937267101252e-01
9.530543706799098347e-01,-2.882267677405899953e+00,5.150744765018362425e-01
1.016410365068330934e+00,-2.804132396348213874e+00,5.085982260924435394e-01
1.018663443852109385e+00,-2.749513253461843831e+00,4.347052453815924422e-01
1.031906739544039553e+00,-2.695953030336341261e+00,3.763527991280523621e-01
1.032445782988280492e+00,-2.655797512908544267e+00,3.629912020681621554e-01
1.080092705551639609e+00,-2.609536141214563454e+00,3.550803624876818776e-01
1.156870492217280777e+00,-2.545759715338024254e+00,3.635003027089704908e-01
1.247182760722822747e+00,-2.465792381442810655e+00,3.910815237523818655e-01
1.327399557347816561e+00,-2.357781495655377313e+00,4.175153729672084757e-01
1.393615294218171430e+00,-2.245077817291625255e+00,4.290648596384151747e-01
1.456409711058735512e+00,-2.131011123072732438e+00,4.441600705779496505e-01
1.499106824533138704e+00,-2.021112400306811274e+00,4.506396357957510035e-01
1.508333803496265224e+00,-1.932131191837689999e+00,4.516398321850914610e-01
1.471790184863972062e+00,-1.866843569168320949e+00,4.234540277392884189e-01
1.424260300417412806e+00,-1.820414575235600019e+00,3.896562678507045074e-01
1.383928224437401155e+00,-1.776208823114906243e+00,3.461995270568812844e-01
1.362071357045277153e+00,-1.726652386618406476e+00,3.074755788630010311e-01
1.341143174424120010e+00,-1.654178188868982380e+00,2.830409752202615037e-01
1.335800449658684830e+00,-1.572922359093017919e+00,2.652204752593538828e-01
1.340128437550060836e+00,-1.485214195610628618e+00,2.664016259149243893e-01
1.345683197639250483e+00,-1.380794134691230246e+00,2.836272931275792275e-01
1.338552592442893152e+00,-1.278697080237718442e+00,2.983120476044345271e-01
1.327619558094893293e+00,-1.178524736602068801e+00,3.194692902153422054e-01
1.321436181752465133e+00,-1.081032340390396529e+00,3.469331592972761946e-01
1.293633446794518305e+00,-9.960457247425718030e-01,3.581733588999713724e-01
1.246435445109815410e+00,-9.522630129976540347e-01,3.574743615288996645e-01
1.177879788933323235e+00,-9.379704883394877069e-01,3.303750203272187713e-01
1.107051184257852761e+00,-9.255886564262074678e-01,2.949829683420451820e-01
1.017943961099297745e+00,-8.841653781048819383e-01,2.468829919997290734e-01
9.326807193661799111e-01,-8.218213413394693800e-01,2.118692712155281765e-01
8.687088084496236151e-01,-7.519081093960676698e-01,1.919719418224007379e-01
8.052208102180844485e-01,-6.937177185175550376e-01,1.783855761148183672e-01
7.468380326678148995e-01,-6.486028163221223553e-01,1.650272464884512957e-01
6.767685435874496447e-01,-6.181141881180188813e-01,1.465216625284896934e-01
6.354876226322104804e-01,-5.908811350874372259e-01,1.319239779037686688e-01
5.521471086243052717e-01,-5.077506310290947900e-01,1.328474885045217435e-01
5.002485685475034360e-01,-4.725865731564550254e-01,1.303781360754463770e-01
4.260953838513563130e-01,-4.632648481376742677e-01,1.274363565966851464e-01
3.664717420435965600e-01,-4.701956375120417975e-01,1.238072440925453710e-01
3.187256003079013134e-01,-4.872427702743269418e-01,1.129449957112065028e-01
2.510443279509909642e-01,-5.139385340766630117e-01,8.995918033591174257e-02
1.942762720311173585e-01,-5.360677597368630476e-01,5.023048038508913515e-02
1.461505041295416141e-01,-5.355615737963970169e-01,5.302455682892837086e-03
7.921237467223871120e-02,-5.112016535187727806e-01,-2.813577916794793299e-02
-7.162797975401563599e-03,-5.015031049051256185e-01,-1.789317393564754388e-02
-8.725300694505269683e-02,-4.883379685908876278e-01,3.617097584467848792e-03
-1.543698756118692950e-01,-4.513389843192803785e-01,5.725894932800626447e-02
-2.019056844780295901e-01,-4.008561932096633695e-01,4.218510708807549081e-02
-2.361367089793181551e-01,-3.547860297784128369e-01,5.907018362917626497e-03
-2.448365778286704098e-01,-3.023249535705488933e-01,-3.126185177283932748e-02
-2.296667657461340939e-01,-2.492682927956548777e-01,-5.259415982528822808e-02
-2.351870218662016065e-01,-2.126777834351582519e-01,-7.154628830375053816e-02
-2.349811541373052481e-01,-1.924391928429419474e-01,-1.002067408222714340e-01
-2.301840625479814606e-01,-1.643026754347814145e-01,-1.395158605989463840e-01
-2.159433698166087212e-01,-1.367949844644746615e-01,-1.817723200249711235e-01
-1.851219226484089320e-01,-1.133357415654763778e-01,-2.054817490947352665e-01
-1.643016063862832443e-01,-1.042898414641032501e-01,-2.271223450425640111e-01
-1.374497953813634543e-01,-1.013973517370422850e-01,-2.414863459432968762e-01
-1.313610498161494056e-01,-9.909043096361425107e-02,-2.508572526303732841e-01
-1.296015565514280765e-01,-1.117950382394425346e-01,-2.338216158139125866e-01
-1.145771637871385029e-01,-1.171815969633802357e-01,-2.102584849146933998e-01
-1.027149661328742858e-01,-1.055636530776450366e-01,-2.005626053530336628e-01
-9.881789556060013857e-02,-8.946858640665644735e-02,-2.193070037071961353e-01
-1.029052095881931861e-01,-7.721494388960647992e-02,-2.504578181019229133e-01
-1.056674647218718288e-01,-6.663305521456884539e-02,-2.893351052752054509e-01
-1.182963504700102475e-01,-6.173495842586591842e-02,-3.194352308041759070e-01
-1.256642039610428585e-01,-7.343754977553335062e-02,-3.240120276284379486e-01
-1.244532364583490203e-01,-8.941576108304458148e-02,-3.161852734727623737e-01
-1.260893881743792577e-01,-1.046757102761684544e-01,-3.022763449458671925e-01
-1.337059841926989401e-01,-1.085316040463281395e-01,-2.908113292167626152e-01
-1.419083455485444512e-01,-1.004261774960719389e-01,-2.830600701543032338e-01
-1.441048670597677717e-01,-9.492256983432598161e-02,-2.823306592543939342e-01
-1.436977372867073721e-01,-9.602487435293458051e-02,-2.957318267117019506e-01
-1.409462976850507920e-01,-9.439202435796720247e-02,-3.031793542658517415e-01
-1.347760474000988529e-01,-9.296465746875987035e-02,-3.089047032765645517e-01
-1.296672690978719067e-01,-9.484893643552627651e-02,-3.108742105382321652e-01
-1.291222498592509704e-01,-9.631569247259383348e-02,-3.068657089370669389e-01
-1.301605238887707794e-01,-9.739899698378037818e-02,-2.994692512192101974e-01
-1.334641388498691295e-01,-1.027993367863344609e-01,-2.960815210733415137e-01
-1.379548412091227416e-01,-1.031624186579259972e-01,-2.935045054957595156e-01
-1.457693809359494885e-01,-1.048988390084914513e-01,-2.918998742854216899e-01
-1.455592213762038623e-01,-1.121261477031569309e-01,-2.986453224896569170e-01
-1.424755415697733785e-01,-1.172906623699286888e-01,-3.019326217698866666e-01
-1.379351108940775339e-01,-1.186476782699895371e-01,-3.049418919606055045e-01
-1.350968877153669312e-01,-1.143795600892784370e-01,-3.054324688631923079e-01
-1.342566367477095457e-01,-1.105402597312064306e-01,-3.051662448540934380e-01
-1.354186569825899245e-01,-1.073873391940170230e-01,-3.027880622704350322e-01
-1.315112222430379063e-01,-1.069052826723606298e-01,-3.003580667732294596e-01
-1.293986589541676890e-01,-1.029145770519055147e-01,-2.976298414742415965e-01
-1.287948821637765473e-01,-1.023031091656077529e-01,-3.071904794582909215e-01
-1.318982169091252599e-01,-1.001639075601311879e-01,-3.125414003288461418e-01
-1.308410674833387632e-01,-1.015589783505125854e-01,-3.111819985490972273e-01
-1.328164595696643135e-01,-1.016007976646655375e-01,-3.067867499565374301e-01
-1.359496110473081276e-01,-1.035252619408505437e-01,-3.047686787887738391e-01
-1.381212591247534260e-01,-1.034823999278174089e-01,-3.046692791141559775e-01
-1.401803856484822031e-01,-1.049507461289150567e-01,-3.026990703627572277e-01
-1.382607462266881859e-01,-1.039296575013791690e-01,-3.040975497645026504e-01
-1.367958423148551983e-01,-9.642863966550163646e-02,-3.029648082635585382e-01
-1.272123157412956840e-01,-9.586888368425849904e-02,-3.036113031974136400e-01
-1.205874666979372956e-01,-9.444375334859311799e-02,-3.082398700334399999e-01
-1.171881944280746268e-01,-9.542126214603388612e-02,-3.077565373780222213e-01
-1.247333191364368710e-01,-9.393967098367300705e-02,-3.072726211364617543e-01
-1.308788647357174706e-01,-9.577695105403424836e-02,-3.114285249901307395e-01
-1.385521168894406352e-01,-1.022437078408255096e-01,-3.113252334328611703e-01
-1.441566571757043058e-01,-1.078614876042252591e-01,-3.112706574600044296e-01
-1.476389800879952252e-01,-1.162517307387144483e-01,-3.079096219630680364e-01
-1.482624289914836746e-01,-1.270373274288197629e-01,-3.037272000750231293e-01
-1.459139896817332194e-01,-1.253965880013804823e-01,-3.021681106206945411e-01
-1.454630846231550201e-01,-1.250470946392177318e-01,-3.036432407437179015e-01
-1.410240045817146570e-01,-1.239848331319458319e-01,-3.078247588314559358e-01
-1.364109955124114815e-01,-1.167815166006645200e-01,-3.088993313707740773e-01
-1.348312747561247471e-01,-1.085403719573306003e-01,-3.141892520029558877e-01
-1.342142209273845810e-01,-1.053429521665202595e-01,-3.165055691751935685e-01
-1.337721118966540557e-01,-1.066208450760258719e-01,-3.121540825384884754e-01
-1.378260072246173529e-01,-1.149780561875194396e-01,-3.066390863110115550e-01
-1.412687774755919667e-01,-1.094747458970907472e-01,-3.048108795224422907e-01
-1.393214329656853046e-01,-1.103959499056493265e-01,-3.032237812541522803e-01
-1.422301241535649519e-01,-1.109380391191677195e-01,-3.053883182712872624e-01
-1.424513618260278558e-01,-1.137649497062308002e-01,-3.090447204532047465e-01
-1.405547868041085169e-01,-1.224178188651791066e-01,-3.152717048705357961e-01
-1.397353486975817793e-01,-1.167825950235473753e-01,-3.171444970909719219e-01
-1.361776581799679087e-01,-1.184506215823304121e-01,-3.140125588572791893e-01
-1.360723158803226474e-01,-1.215832578470394665e-01,-3.116456805336715874e-01
-1.407225328796877506e-01,-1.195757902973859921e-01,-3.101301462430174349e-01
-1.456736969412913973e-01,-1.166041668469466330e-01,-3.084870539131627232e-01
-1.477868212184799412e-01,-1.180355230871163452e-01,-3.098255014638217619e-01
-1.501019768034286828e-01,-1.149153843756519355e-01,-3.067988903757982722e-01
-1.435279247741038378e-01,-1.098123053253108050e-01,-3.061262660325229645e-01
-1.447639284070093568e-01,-1.103187587718686691e-01,-3.082603684584508952e-01
-1.452269987955156494e-01,-1.114313508483519288e-01,-3.100578731511945962e-01
-1.386558503967952882e-01,-1.121748265967063563e-01,-3.145070042416193701e-01
-1.393601436018948592e-01,-1.171627110308526010e-01,-3.194352057084763885e-01
-1.448378912513893779e-01,-1.255134209321801253e-01,-3.181397600507215317e-01
-1.419396310494100699e-01,-1.258227128271176831e-01,-3.155488325489520518e-01
-1.396753785277801974e-01,-1.292018276574143087e-01,-3.137820272308173841e-01
-1.400780506995767116e-01,-1.262169472198330922e-01,-3.141391243684015233e-01
-1.345973292662818455e-01,-1.307391593586613721e-01,-3.119454454672878629e-01
-1.364733006747977928e-01,-1.297276739463575357e-01,-3.145348922534859648e-01
-1.399345873153862163e-01,-1.262103209315038610e-01,-3.198113017468253716e-01
-1.411771126012759114e-01,-1.216054489680849504e-01,-3.183636670046658956e-01
-1.366070511109291896e-01,-1.163299564701195943e-01,-3.158456216056623189e-01
-1.268058271979217444e-01,-1.100974862285398759e-01,-3.109440842732906218e-01
-1.255063987568318384e-01,-1.114443733112909785e-01,-3.091349931259038675e-01
-1.323816067460357460e-01,-1.171128687207549923e-01,-3.154551568048724608e-01
-1.420471649285292015e-01,-1.138863550083943077e-01,-3.269512482733918368e-01
-1.581514905587368403e-01,-1.096831554993299152e-01,-3.248069439375969036e-01
-1.638063503931218023e-01,-1.127602136823843137e-01,-3.192082353217501334e-01
-1.633672358758862520e-01,-1.197729528586491399e-01,-3.276020120580102057e-01
-1.575717107230911740e-01,-1.291167581590332014e-01,-3.427840705195474014e-01
-1.469556309078921541e-01,-1.360211068312620897e-01,-3.501380923019254965e-01
-1.052539257193742112e-01,-6.337977659225210725e-02,-2.273988729398646047e-01
-1.051470714361972120e-01,-5.017757663982863603e-02,-2.301551746522313424e-01
-1.109361644053073054e-01,-2.969444006304058914e-02,-2.322986805006098665e-01
-1.124845562665155313e-01,-7.192190889104638218e-03,-2.300436586188867594e-01
-1.141437145787580626e-01,1.667760644468913034e-03,-2.290968265366496448e-01
-1.154509622915879802e-01,-4.033376786464967778e-03,-2.279168279297337785e-01
-1.166372299737959556e-01,-1.728878673362421736e-02,-2.225166050345918078e-01
-1.193563242471782776e-01,-2.652997946433699461e-02,-2.231853429431166491e-01
-1.195755104477260328e-01,-3.168261210586012511e-02,-2.217180742566279283e-01
-1.189054455961853912e-01,-3.409405118935945889e-02,-2.279746626321387248e-01
-1.155241624435694586e-01,-3.442386763684651685e-02,-2.329513168882485497e-01
-1.130412436906294976e-01,-3.268394340414387811e-02,-2.316560600450653373e-01
-1.123923880459980623e-01,-3.516149079989155934e-02,-2.239774391571321965e-01
-1.135306251923595827e-01,-3.435805927131307946e-02,-2.157883307270825890e-01
-1.184239665983915918e-01,-3.319617911336397720e-02,-2.107105473057968581e-01
-1.286953301335890809e-01,-3.242078307280268912e-02,-2.181402375103705937e-01
-1.365820135068494534e-01,-3.606749094206460060e-02,-2.241792129658731758e-01
-1.374818118667083255e-01,-3.276114130294516258e-02,-2.294444227882976861e-01
-1.254758645865799438e-01,-2.637058801939451413e-02,-2.359615304338481545e-01
-1.117004862688763950e-01,-2.170512912150784901e-02,-2.325057505338992137e-01
-1.029199127715809542e-01,-2.501518968417951183e-02,-2.275729690174689290e-01
-1.041548556295998768e-01,-2.234317875278499232e-02,-2.235820748466452734e-01
-1.063911294817955627e-01,-1.804404711272594719e-02,-2.218332769886935951e-01
-1.099772328723993137e-01,-1.897963156611404134e-02,-2.227995113078851119e-01
-1.125627997111430106e-01,-2.270509955871738428e-02,-2.196374208026765640e-01
-1.194758811073200616e-01,-2.637150357960660330e-02,-2.220662045513510652e-01
-1.192863885910309257e-01,-2.768961023043312042e-02,-2.208408452290002710e-01
-1.152273894175449426e-01,-2.863830932643796068e-02,-2.242575218708349194e-01
-1.096376905737860702e-01,-2.968631637950339131e-02,-2.312966290047213658e-01
-1.082380584268016893e-01,-2.722374122711387900e-02,-2.344602390571299821e-01
-1.095575073362674984e-01,-2.565708485713533160e-02,-2.309715707795966244e-01
-1.099467170196303106e-01,-3.139745898035004035e-02,-2.270229152025404762e-01
-1.109112086271354242e-01,-3.537803859540872287e-02,-2.232997229317829069e-01
-1.100544961851034481e-01,-3.722389680256854572e-02,-2.184450101006201184e-01
-1.081183468236689010e-01,-4.157989138690085240e-02,-2.281398015181690386e-01
-1.071845216330225697e-01,-4.478691705653564670e-02,-2.361919013394907507e-01
-1.090519623758350459e-01,-4.960755706905189966e-02,-2.341484189663950444e-01
-1.109607099439051531e-01,-5.207098245219943244e-02,-2.350289440253935380e-01
-1.111969084507228728e-01,-4.615616336786257379e-02,-2.337782412960658363e-01
-1.112159667228114907e-01,-3.952135620842101016e-02,-2.314695821220396077e-01
-1.119463885129948905e-01,-3.271346981123426922e-02,-2.323320321759141383e-01
-1.120638214293823848e-01,-2.695460575055716457e-02,-2.323896933166493817e-01
-1.105843483724144455e-01,-2.773801514365303866e-02,-2.372173124810681433e-01
-1.108180942942280506e-01,-3.279770634897649639e-02,-2.426567052808759062e-01
-1.114136982962732753e-01,-3.575436701979103904e-02,-2.436008418681868681e-01
-1.112375493600269855e-01,-3.913773518563892773e-02,-2.413749162539010618e-01
-1.098131353351726597e-01,-4.223228956379526666e-02,-2.382736892537766771e-01
-1.115842091615414228e-01,-4.413195956919072072e-02,-2.353267765595875582e-01
-1.133439162183390442e-01,-4.357100872484068188e-02,-2.314056679855175380e-01
-1.134722896518199214e-01,-4.384065496133873752e-02,-2.280926034130869029e-01
-1.132037426184270418e-01,-4.182608401960974387e-02,-2.321048653195596501e-01
-1.138050209555838826e-01,-4.007831809192619055e-02,-2.337636408166667845e-01
-1.102976400600132606e-01,-4.071391461171935955e-02,-2.417264805597495458e-01
-1.078043365972499029e-01,-3.999370220746598092e-02,-2.396051733837135655e-01
-1.066593240594626429e-01,-4.097483581893246463e-02,-2.394138549012327921e-01
-1.075102981948089370e-01,-4.270978185995877308e-02,-2.412339432128552952e-01
-1.098674283398667767e-01,-4.442238145456742227e-02,-2.435891587160242677e-01
-1.097095483407933697e-01,-4.597443125753350457e-02,-2.438774788391410153e-01
-1.093898542208204955e-01,-4.387995623838880643e-02,-2.418153968781189267e-01
-1.109734755181480265e-01,-3.983009530452710778e-02,-2.416082821377009138e-01
-1.118678483831419407e-01,-3.846506688047493516e-02,-2.369799499361089357e-01
-1.111510332840152243e-01,-3.884293642974342986e-02,-2.370942277270200460e-01
-1.095299299021209177e-01,-4.089628893500873996e-02,-2.367281250675637994e-01
-1.095751830016359479e-01,-3.997840605950217507e-02,-2.409659146553954079e-01
-1.114031362715343504e-01,-4.098874822730033674e-02,-2.455013528985444671e-01
-1.139648301012596704e-01,-4.354792865523199330e-02,-2.465644454265401020e-01
-1.145614508213223387e-01,-4.480325291060954784e-02,-2.468747022595194629e-01
-1.103109276869386896e-01,-4.334719696075020612e-02,-2.404157808493427861e-01
-1.110875861097947587e-01,-4.278703572050013282e-02,-2.404872150404931963e-01
-1.118555487459453185e-01,-4.453236880037964029e-02,-2.422393691875849298e-01
