-7.489977370057840367e-02,-1.869069186779598324e-02,3.707660093785901390e-02
3.874765295781047725e-02,-9.439859720428664391e-02,5.264777225003786087e-01
5.374470111227219737e-01,-2.973387256010190383e-02,6.921985896338993527e-01
7.140265776075481741e-01,4.445055816735696830e-01,6.634911101000275924e-01
9.486787347876641796e-01,8.132380288434810645e-01,9.109870477971290237e-01
1.248892478174901344e+00,1.247372872075409811e+00,7.500725955718309246e-01
1.482986906047724984e+00,1.679847258291658374e+00,6.208555271189077907e-01
1.851766767493609578e+00,2.109992078965006179e+00,5.454712234845597862e-01
2.060761700659820228e+00,2.627160689643551983e+00,4.380463697244785237e-01
2.191745907261637427e+00,3.175222082132648449e+00,5.084458638012492315e-01
2.277286802341051075e+00,3.808914631170291720e+00,5.400799875601719480e-01
2.342193223484511755e+00,4.272755022277245018e+00,3.287937383787702950e-01
2.227872996051837973e+00,4.785985283414144753e+00,4.285620336504925021e-01
2.267894959756337592e+00,5.305544878552279187e+00,4.050576372816712678e-01
2.117711784622364757e+00,5.746267424815640901e+00,6.061847641773697726e-01
1.919425330373998762e+00,6.253808070049007739e+00,4.141633933234871168e-01
1.574934895927706080e+00,6.658125217197510715e+00,5.568167966518339229e-01
1.213458826239079968e+00,7.068680448072139910e+00,5.394899768883050228e-01
7.612993710773573452e-01,7.373151647531523523e+00,6.244002201911302841e-01
2.951910878902592739e-01,7.588219619031938201e+00,5.425804844053898623e-01
-1.847846725361505793e-01,7.752829340667189761e+00,4.166259198213125847e-01
-7.046192929952953543e-01,7.742881221099828792e+00,5.200038689541643944e-01
-1.183057388478767846e+00,7.587847343792473609e+00,4.496790520985745609e-01
-1.572301363693731524e+00,7.217139207724410532e+00,4.481749498988817915e-01
-1.955447038839700280e+00,6.866804766838883189e+00,4.514706922099673836e-01
-2.181711874510071869e+00,6.364320774248773738e+00,4.765878415284223735e-01
-2.439533326097881538e+00,5.932798107424883227e+00,4.178524007049869704e-01
-2.543351021456474292e+00,5.436543900767558668e+00,4.293512376030655386e-01
-2.622557121940759295e+00,4.892577871770708242e+00,4.256142858764991321e-01
-2.537138883692503732e+00,4.364231691604651964e+00,4.381430891168874298e-01
-2.440570615375063923e+00,3.795800152730184340e+00,4.273790499118824693e-01
-2.208563927219576506e+00,3.339242213834419548e+00,4.805997771730362023e-01
-1.924248362742724261e+00,2.856220129994794021e+00,4.699707438409969074e-01
-1.578792217191189895e+00,2.490640374916591515e+00,4.754842795826377810e-01
-1.123084144639332038e+00,2.247234079770155546e+00,4.515064288710933238e-01
-5.965420616193030101e-01,2.015653350589480475e+00,4.390386561839144663e-01
-5.379669316464304879e-02,1.925886651139483430e+00,4.636513942326483395e-01
4.396133407507655244e-01,1.744297331377145044e+00,4.661507893383485257e-01
9.628112682553259249e-01,1.851085950456542450e+00,4.681888349679518835e-01
1.817145044177568947e+00,3.744369558515691754e+00,2.622817209808034900e-01
1.335096172434403039e+00,3.832204534337119384e+00,1.423272557580728959e-01
8.047595328772231271e-01,3.931252088539984424e+00,1.906931874629666512e-01
2.871131817958774146e-01,3.819957881270303890e+00,2.256231260895342206e-01
-2.712143708049153945e-01,3.823849916993802278e+00,3.066246034676663457e-01
-8.664611495478614644e-01,3.707124300997500566e+00,3.252001846322791767e-01
-1.432985177718377523e+00,3.847874027147043297e+00,3.673204456468749934e-01
-1.622964756268302722e+00,6.369127836991562930e+00,4.806771939342469602e-01
-1.116246045555940869e+00,6.439576243866520500e+00,4.022168804233131612e-01
-7.328835309142288645e-01,6.089155663447161970e+00,2.966258164024688226e-01
-4.518614641352747263e-01,5.616693158239938199e+00,2.089549266888839907e-01
-9.603106194941295193e-02,4.994562842325828811e+00,2.346486657337078230e-01
3.286851953777293334e-01,4.559678412212679888e+00,2.527170773538865434e-01
9.061526657163196941e-01,4.389986747568228154e+00,4.138475838041597021e-01
1.429365427045889980e+00,4.453531987970094974e+00,5.182779714523803039e-01
9.673546586458384722e-01,6.799234517984924508e+00,1.407890447857212679e-01
6.906295936433174409e-01,6.383975464355497564e+00,2.656027202647475716e-01
5.365859602593849864e-01,5.864139505171673150e+00,3.545325270679239860e-01
2.722617324881494993e-01,5.384028000662644864e+00,4.592602789142139486e-01
-8.579354296938210278e-02,4.361050531267443020e+00,5.683210264925302457e-01
-3.815080405044631862e-01,3.356045587752186421e+00,5.174901372632634278e-01
-6.935304872509872043e-01,2.929088667885619390e+00,4.421242651406506741e-01
-2.936285404601396198e+00,3.866731997058202808e+00,3.644978981824397724e-01
-2.756251509883393958e-01,7.265554448310357571e+00,5.339943214776255997e-01
-6.154607454492989904e-02,6.789177748841734861e+00,6.498517617503896115e-01
-1.083238247247856056e-01,6.193858227422460061e+00,6.432566775836860984e-01
-5.197722375497914049e-01,4.675382753313005679e+00,3.958808284392583143e-01
-2.587134485563397646e-01,2.700312121880051652e+00,5.427469437271463804e-01
3.380259612372454314e-01,2.263244332863581842e+00,5.957239430875396202e-01
7.291211847432184090e-01,2.015118682961227314e+00,8.815671718577334781e-01
1.219761041034649551e+00,2.214437825666061954e+00,9.302460936157814775e-01
1.613254882522293432e+00,2.433265749681502221e+00,2.463137052827064077e-01
9.837364602337137498e-01,7.596040542186019984e+00,1.414970054225333229e-01
1.453754205857882287e-01,7.537579381338939122e+00,4.902468316842564788e-02
-7.582754122863663016e-01,6.997118742297112171e+00,6.093054200435488177e-01
-2.444925309109413192e+00,2.814303176332979106e+00,3.985995948936136846e-01
-2.362258893118687197e+00,2.301314887708733270e+00,4.313551689521201715e-01
-2.198728726171861769e+00,1.775097379695640853e+00,4.226709708255059761e-01
-2.114980644697081136e+00,1.238024108425491487e+00,4.290890256277182235e-01
-1.925392125866949300e+00,7.611884059370078726e-01,3.812745973537813859e-01
-1.614649425352291834e+00,2.785097863846594524e-01,3.749167954276834691e-01
-1.291518893588723182e+00,-1.148747989576222039e-01,3.145255521438383162e-01
-7.802362538604029618e-01,-1.979046209993803318e-01,1.400062685540423846e-01
