-7.515126142959943634e-02,-1.729258579080063252e-02,3.724576193619623388e-02
6.665814525555958936e-02,-9.555334234072219990e-02,5.327006197722897740e-01
5.010815500510661380e-01,-2.257077558712336784e-01,8.188668655467494784e-01
1.017268068056164765e+00,-1.057248281419277958e-01,7.297583118420807313e-01
1.316088324357779449e+00,4.030501015797826048e-01,6.359010694239400907e-01
1.624239815074514093e+00,8.437770671151557655e-01,5.832961404462058130e-01
1.921473733240215198e+00,1.281679135364981459e+00,5.210609233214202884e-01
2.376310487601135613e+00,1.609541001379197978e+00,5.165252337379065972e-01
2.754362497752886885e+00,1.973543527116820906e+00,5.857609122621941777e-01
3.082086931740143587e+00,2.358000300661077464e+00,6.246148516455006794e-01
2.843222663244214132e+00,2.863365794935993858e+00,5.876598984404730608e-01
2.418422361213132366e+00,3.208875874719316457e+00,6.333894340106103193e-01
1.949022204809216285e+00,3.477087003012215405e+00,6.081695014463681659e-01
1.514714029014835761e+00,3.790230192602681569e+00,6.054478405282917031e-01
1.020103099816444203e+00,4.135230678102295165e+00,5.956535107001474927e-01
7.073567633663616627e-01,4.529409745284944222e+00,6.059857840116975591e-01
4.025522866557062485e-01,4.981143932421042031e+00,6.969785268826936830e-01
1.772331054797640637e-01,5.474714115008556981e+00,7.415797849090774996e-01
-8.082878119926614757e-02,5.961880475084489817e+00,7.139383812541267860e-01
-3.432409232722459236e-01,6.453824764935098379e+00,6.710944612845495261e-01
-4.977414112330738050e-01,6.992504598679680328e+00,7.038101583770587366e-01
-5.625757917309659462e-01,7.498123817932758506e+00,6.680413472355370974e-01
-3.135044404912193383e-01,7.996476294687408171e+00,7.069663366232130652e-01
7.965535695300977881e-02,8.310866902724718841e+00,6.447613292096898707e-01
5.842449486101808365e-01,8.511797694009931803e+00,5.285424157446643179e-01
1.086069862494903004e+00,8.406259401382046192e+00,4.906324646217803398e-01
1.723955701105697624e+00,8.247866404961222031e+00,4.876341878842971322e-01
2.184132608759417948e+00,7.944629490374971681e+00,4.031016004794544805e-01
2.610488807117719467e+00,7.669360880193223373e+00,4.131750507647793946e-01
2.833159539345603939e+00,7.192239297018557131e+00,4.627581848955888422e-01
2.915495497486098042e+00,6.693065141509215721e+00,4.830439566080816927e-01
2.675888687021915846e+00,6.203622823638379913e+00,4.574733974539728076e-01
2.432878952413511264e+00,5.752307019715392933e+00,4.422868342487191740e-01
2.083947990433839159e+00,5.375819538864490710e+00,4.583276014765889084e-01
1.649561646939309734e+00,5.070917165710085328e+00,4.922595934592590150e-01
1.209950890133707713e+00,4.812587972707190964e+00,5.111547979878647840e-01
2.489564400946241152e-01,4.344300419220473941e+00,4.932860897683160051e-01
-2.300269998645389502e-01,4.046693088818721584e+00,5.087822641263974877e-01
-6.378640620308647646e-01,3.700788219272155732e+00,5.235884578239486942e-01
-1.006294794958315197e+00,3.348053235339659039e+00,5.383253818160900206e-01
-1.387134776165882766e+00,2.988241767418240435e+00,5.335169921452511677e-01
-1.725503736856539572e+00,2.607734199018350907e+00,5.872544993054515938e-01
-2.058584213693325449e+00,2.181478148585978882e+00,5.841186414689372164e-01
-2.259334001025628424e+00,1.713491336866847625e+00,6.012936575700021935e-01
-2.387231442940222159e+00,1.155013533806267922e+00,5.982603352269291186e-01
-2.301802261576511022e+00,6.018673061647649147e-01,5.680288767910871561e-01
-2.117207861399940327e+00,8.740207607422929847e-02,5.700804949991042925e-01
-1.839241850564371505e+00,-3.816615795874659378e-01,5.784557361099964545e-01
-1.566332294136714820e+00,-8.050714668295865240e-01,5.523268305157086333e-01
-1.219245879604484495e+00,-1.172324893967235937e+00,5.312454591273819693e-01
-7.663460169532448907e-01,-1.471803019456717099e+00,5.219565522785762912e-01
-2.918159606377971893e-01,-1.691810766358357476e+00,5.079217941325200325e-01
2.204045134123113481e-01,-1.901107811173035511e+00,5.226619936489615981e-01
5.659240846179152129e-01,-2.286242828753071166e+00,6.030309131727725758e-01
7.178856052799035270e-01,-2.779805697229816186e+00,6.616022029320577369e-01
5.957374940258570728e-01,-3.310831945550712252e+00,7.039268398244099556e-01
3.009366584314102644e-01,-3.725744387121429302e+00,6.843115482615961254e-01
-2.650276617080749575e-01,-3.842394862610398309e+00,6.906254843130728016e-01
-7.572949419737936561e-01,-3.751760430371597899e+00,7.029272470354599456e-01
-1.205605028954289448e+00,-3.500118582071465312e+00,6.957230733699600878e-01
-1.721311539604998275e+00,-3.326755748767652232e+00,7.018449034696008226e-01
-2.169886592066630815e+00,-3.050603029935882393e+00,6.674471724098002268e-01
-2.587513248143103795e+00,-2.674136542689610430e+00,6.411761982232387913e-01
-2.796941058470166830e+00,-2.154723771409694066e+00,5.976181059894041248e-01
-2.842717244769776386e+00,-1.625173545570837152e+00,5.998331636431232239e-01
-2.794920188207608014e+00,-1.099486871932502829e+00,6.124402100384571668e-01
-2.691909492548919758e+00,-5.859175166165894177e-01,6.154381663443564410e-01
-2.632195809941449749e+00,-6.610821532491953367e-02,5.972352705702855813e-01
-2.381312128335097089e+00,2.613159132168726195e+00,5.787634511482301347e-01
-2.330146339389953081e+00,3.212075032250036433e+00,5.852440025916776367e-01
-2.290281005788419311e+00,3.726327056132487048e+00,6.064949557536839508e-01
-2.172115529770988651e+00,4.264796180180718821e+00,6.117830524719483076e-01
-2.104359596666785404e+00,4.771048363814251125e+00,5.834295899268803209e-01
-1.995854728217648866e+00,5.266197979307086108e+00,5.924793794088684118e-01
-1.866067938011167104e+00,5.809734458531301549e+00,5.963903578568116037e-01
-1.737136830016047684e+00,6.382589159009579127e+00,5.578341276230592838e-01
-1.566831894006815995e+00,6.900066804061771641e+00,6.087382568268058236e-01
-1.427731368377510801e+00,7.387562933572889179e+00,6.827574918888549282e-01
-1.165051772176647571e+00,7.868686121831769853e+00,7.847170667466082383e-01
-8.696494938232556260e-01,8.293814339205749064e+00,7.697049868782362969e-01
-4.927227718847094762e-01,8.555712906252983529e+00,4.973924662549352727e-01
-1.279410665040522921e-01,8.722270608611138343e+00,1.940235928740114968e-01
3.479102975212535753e-01,8.871130186815342711e+00,1.541824408318626105e-01
3.305225622944891750e+00,6.479526056315561000e+00,7.137786480203660577e-01
3.431333044995268367e+00,5.943958532172058717e+00,8.410691570022119645e-01
3.281133449042334504e+00,5.449150128439216978e+00,8.377799177628516558e-01
3.001733705717412271e+00,4.980816765376087751e+00,8.252842778457353257e-01
2.590858509438161317e+00,4.551384059205756394e+00,7.903785918209411676e-01
2.344545280523810060e+00,4.106814599679892375e+00,6.883676725283393028e-01
1.933884479578887650e+00,2.973289687776348167e+00,4.594635398119125136e-01
1.832536820198706451e+00,2.425292381813551224e+00,4.914165648142036491e-01
1.858665430541542651e+00,1.923285344353722781e+00,5.105013734897144717e-01
1.624481917785503216e+00,6.701958976362533404e-03,6.270622386137423288e-01
1.379634141432272587e+00,-5.093849921511732770e-01,6.014971013180450132e-01
1.021834301022309877e+00,-9.415092535535921625e-01,6.319177107508576752e-01
6.577698639085636234e-01,-1.294485471338006066e+00,6.357052913868621591e-01
1.343778618783294521e-01,-1.329779055388622844e+00,5.961270288325438704e-01
-5.091367036281790881e-02,-8.589542261706126780e-01,5.272740241909175118e-01
