-7.502033770181761041e-02,-1.764885915703784738e-02,3.734245709055963175e-02
-9.004368123963137072e-02,-1.314129163009613438e-02,7.121719930648881536e-02
-1.103230822432605396e-01,-1.268618044401468789e-02,9.273102202124505755e-02
-1.160596735318566580e-01,-1.137249956195755460e-02,9.412355448431702909e-02
-1.148208166920096363e-01,-8.972949252812932944e-03,9.219862405945089545e-02
-1.092391561501586950e-01,-9.266886058754236072e-03,8.674391870565428819e-02
-1.150950843420294467e-01,-7.988236420591520934e-03,9.498799799720414327e-02
-1.212933395709544226e-01,-7.126809243797707291e-03,1.074574040414125325e-01
-1.243294410926669979e-01,-7.611828202818355163e-03,1.098255540547863895e-01
-1.285080562656905623e-01,-3.888322149146796955e-03,1.108636043138294808e-01
-1.252542744424748056e-01,-5.041070384292712162e-03,1.122862242631578744e-01
-1.310668289048421420e-01,3.718118402176381898e-04,1.247549494211644405e-01
-1.300371550289238787e-01,2.160059450503737377e-03,1.285384615944586417e-01
-1.302325311016576115e-01,-2.184553894093855045e-03,1.277253069190193990e-01
-1.323703307489055847e-01,-7.678499136037847742e-03,1.263081370668918124e-01
-1.337135530193262201e-01,-3.791915278368411524e-03,1.275942542998071139e-01
-1.372485530125062136e-01,1.547920592016215069e-03,1.367644245667582470e-01
-1.463019602227703941e-01,3.965037193924263181e-03,1.411275315730394775e-01
-1.564993701331315878e-01,2.242236523648934859e-03,1.471122602682257141e-01
-1.554099694037804347e-01,1.902721709166992070e-04,1.501716862835135724e-01
-1.451891130993760715e-01,-1.011150081321729455e-03,1.477094584776336705e-01
-1.411274560559376001e-01,4.836873826265485066e-03,1.454723609666168094e-01
-1.497327412479165232e-01,9.693762984400458582e-03,1.530730313259280329e-01
-1.510287515752116172e-01,7.214578356781558427e-03,1.549517047282640281e-01
-1.526114518688173050e-01,3.535754804796439887e-05,1.566523957821777668e-01
-1.535659289109863601e-01,-4.691140489338153224e-03,1.543131250068869031e-01
-1.499758283735385112e-01,-4.597180764772975173e-03,1.530184978288860465e-01
-1.467027207238091879e-01,-1.738272335057439166e-04,1.536900474857459120e-01
-1.476299243744272904e-01,4.354511726164193158e-03,1.612308880222146912e-01
-1.494919486772028350e-01,6.403238152332461214e-03,1.626179765855391424e-01
-1.547252681084227421e-01,4.033695830865633575e-03,1.643199855301639423e-01
-1.599272779794665977e-01,1.691966519579986283e-03,1.660229727262515220e-01
-1.558606875149897153e-01,1.779421415334887790e-03,1.642524828840959406e-01
-1.512322487713579910e-01,7.646611498474426005e-03,1.688104727712486652e-01
-1.495678329411257723e-01,3.290662036737817403e-03,1.727571965598543868e-01
-1.484842545307053507e-01,2.519880564174403759e-03,1.760323397351856167e-01
-1.505028634230285989e-01,1.736902697660393236e-03,1.761421522520688066e-01
-1.532962456793459105e-01,4.601539795777244424e-03,1.755191539029642700e-01
-1.552533951062410877e-01,8.359394905868258036e-03,1.740673782608539444e-01
-1.531590885641201938e-01,7.788485246072326951e-03,1.732336708484504273e-01
-1.583728908572786809e-01,-8.696882567734830899e-03,1.839621715205282393e-01
-1.578381198011002684e-01,-1.431641230429623116e-02,1.902535557642444919e-01
-1.568246549829152292e-01,-1.048166878850273487e-02,1.939817120144986251e-01
-1.514262759083963572e-01,3.109991257370429973e-03,1.943965614942006481e-01
-1.525161385014486837e-01,-5.269859776053341383e-04,1.996100938442615935e-01
-1.375748130002256431e-01,5.885599196090721824e-03,2.008345810432384249e-01
-1.301774913909491127e-01,1.113246055884138663e-02,2.086478418291729253e-01
-1.318509675286177740e-01,8.455475234590462130e-03,2.132254205413141590e-01
-1.505525308692585718e-01,-1.520380609955620035e-02,2.184447195214638537e-01
-1.525034948285888814e-01,-1.967682226734312340e-02,2.052503343333868524e-01
-1.661358993293264863e-01,-1.343462621684077957e-02,2.116847839413600330e-01
-1.533468550493933824e-01,-3.680803372060493378e-03,2.115277740815555974e-01
-1.432600596800453485e-01,4.598012336389336804e-03,2.106503942919135397e-01
-1.447452068519427537e-01,4.129939000301445506e-04,2.066525446557683221e-01
-1.458694347284489323e-01,-1.132129759128630564e-02,2.118840833964026338e-01
-1.417559880983580434e-01,-1.703415650707690993e-02,2.140279543029103282e-01
-1.449277722074100994e-01,-1.489579652573467562e-02,2.196365195576386597e-01
-1.449927796980040040e-01,-8.714324981586913169e-03,2.208314422352358752e-01
-1.476835647702283705e-01,-9.835962870679565082e-03,2.237726099621930032e-01
-1.471730463506248365e-01,-1.401639259696726460e-02,2.250840534272351423e-01
-1.463804765925020013e-01,-1.508217677394366012e-02,2.277959809743150266e-01
-1.468573532067093401e-01,-1.663888258945023235e-02,2.267832569559619926e-01
-1.447787616142707234e-01,-2.309984168729100479e-02,2.282912574241152404e-01
-1.447878948073564875e-01,-2.188368118414434765e-02,2.277317586198345511e-01
-1.444183062286335528e-01,-1.872300013749828712e-02,2.192343164785367504e-01
-1.542199956691398532e-01,-1.058380491907570664e-02,2.172592517699589720e-01
-1.585525962080308604e-01,-1.207102961582515697e-02,2.192940191360860658e-01
-1.576560387121722639e-01,-1.422162649191470452e-02,2.176710517004996071e-01
-1.540452522868472895e-01,-1.909388228221085143e-02,2.179620869961970686e-01
-1.553112877051469054e-01,-1.970495580057692042e-02,2.189152190103624274e-01
-1.543753413300781863e-01,-1.085239828476905477e-02,2.211890171333283361e-01
-1.549925864503444162e-01,-1.232471298317332556e-02,2.250514473459857001e-01
-1.495036869950344405e-01,-1.940775398838408966e-02,2.180740580930058403e-01
-1.495226101204436275e-01,-1.895331158960743625e-02,2.188260663230000569e-01
-1.568032462597506727e-01,-1.978551273885214082e-02,2.200832533711888916e-01
-1.581499944569142169e-01,-1.195902125958867371e-02,2.184105434536421642e-01
-1.586533905354127194e-01,-4.766651712372973332e-03,2.189195408324109970e-01
-1.517890523410471149e-01,-7.534574724654343955e-03,2.263030925272817018e-01
-1.535711067675980257e-01,-1.878257103907885264e-02,2.290758872566316939e-01
-1.578140458032850080e-01,-1.964225125349988721e-02,2.241996578884075386e-01
-1.612716023540552712e-01,-1.835506868847441506e-02,2.206768863327340791e-01
-1.596376998212050702e-01,-2.328993696236058425e-02,2.262905150371427032e-01
-1.053411656919030492e-01,-5.948894619375031875e-03,2.700743618927551881e-01
-1.022105011687415577e-01,1.578924579020515861e-02,2.840595954581695004e-01
-1.249263557754368703e-01,3.982274709768583720e-02,2.406736098288456138e-01
-1.761314287498160214e-01,1.233023022420798656e-02,2.067122998844951043e-01
-1.640445190647137341e-01,-2.995610319158593937e-02,2.770016003074157185e-01
-1.322160761384441052e-01,-8.591254143559196033e-02,3.422550145895890128e-01
-6.076680222891413241e-02,-9.012592469952390717e-02,3.707536008586619913e-01
-4.801946411453150709e-03,-5.902007840151286822e-02,3.796107912238944615e-01
4.197073692695606206e-02,-2.298313843139787246e-02,4.522111319726341838e-01
6.357205948851758770e-02,-5.326839135213583265e-04,5.211502129408943640e-01
6.194586258138443102e-02,1.282570117535744916e-02,5.521700386761007051e-01
5.598839363575998374e-02,-6.866188870329932754e-03,6.289556826709481463e-01
4.023331642505907635e-02,-5.590280807129738294e-02,7.105804273224805012e-01
6.619592403079085918e-02,-9.648612046051330271e-02,7.837947711352379887e-01
1.240629005652102712e-01,-9.879227619371380720e-02,8.043904704345188339e-01
1.734932831134792797e-01,-7.094378833987534383e-02,8.278613188358830977e-01
2.243000706713790260e-01,-6.229064231545806962e-02,8.550301781979029458e-01
2.603665722081928147e-01,-8.741260569993011820e-02,8.491322994935801560e-01
3.087532659892456843e-01,-1.242061061571589353e-01,8.615929018553774021e-01
3.393728089087819089e-01,-1.477978653950474675e-01,8.767153575229935658e-01
3.914775529236110274e-01,-1.420916120116504644e-01,8.847198163566522000e-01
4.536652226446125646e-01,-9.761087259996280296e-02,8.944379426080442119e-01
4.989993125940086482e-01,-6.487428852702607773e-02,8.934737231899710919e-01
5.910921505386129704e-01,-4.799148417288948837e-02,9.037791650429123358e-01
6.740941554131807401e-01,-5.249760340303357559e-02,9.169356059345218357e-01
7.367544289377281341e-01,-7.221280267653915064e-02,9.324643765097295756e-01
7.882034690333354909e-01,-1.851861091232586409e-01,8.714252750421311866e-01
8.455770529220262288e-01,-2.321367949824426624e-01,8.628688165715805436e-01
8.993844254958143214e-01,-2.452195498885142710e-01,8.957439791632393344e-01
9.515322494018743082e-01,-2.307830444694209393e-01,9.741522712989248989e-01
1.003003966203612762e+00,-1.792142612384873268e-01,1.060610410519189584e+00
1.047997250647128231e+00,-1.147970868359752122e-01,1.143572419050930655e+00
1.104337342948617184e+00,-4.709702222075937833e-02,1.193436507171788952e+00
1.150206026007268179e+00,1.503550534738388490e-02,1.175895409575401063e+00
1.198920141359704816e+00,7.195394480632040513e-02,1.111405582212084742e+00
1.249174807087603645e+00,1.080188032625911537e-01,1.050789770860084849e+00
1.301886979928712940e+00,1.295280630155013213e-01,9.989194802584482336e-01
1.356369448116544474e+00,1.496614079664418395e-01,9.465884751126895091e-01
1.452443193000357180e+00,1.921326699019249296e-01,9.336121476490079063e-01
1.549852028666815595e+00,2.637614690133393003e-01,9.530194772444867679e-01
1.614328438837733692e+00,3.308352239133774408e-01,1.028392383153436507e+00
1.683039628089054940e+00,3.873730735715228968e-01,1.100595385199915288e+00
1.750796181805971186e+00,4.341887913259418474e-01,1.176116583855141284e+00
1.807326289115573470e+00,4.947505265583106993e-01,1.238758596253860977e+00
1.854020069577202223e+00,5.469475158232319778e-01,1.288471377733743983e+00
1.895048473832470881e+00,6.112381747821693523e-01,1.304118037886991210e+00
1.919435726247321394e+00,6.682436007452879911e-01,1.295345289967686275e+00
1.962628634248460680e+00,7.357157500812723239e-01,1.271393734937989350e+00
1.992148882138391919e+00,7.907156261387392471e-01,1.252640706206013643e+00
2.039953484067624334e+00,8.424376929072745490e-01,1.238175854163347189e+00
2.103177115658569463e+00,9.196983319744861385e-01,1.221336045380269741e+00
2.170987354952047088e+00,1.017385499102901658e+00,1.189411441163772842e+00
2.229239044584934160e+00,1.115651865892018479e+00,1.167237666425568587e+00
2.280238577069649608e+00,1.179276618969682833e+00,1.155917128435622443e+00
2.324348691544519507e+00,1.236300176249912175e+00,1.156691273783490015e+00
2.377733286310585115e+00,1.284907266762988831e+00,1.160093857654476368e+00
2.427622381116697259e+00,1.331486726679281585e+00,1.145503086988545638e+00
2.471810248176272928e+00,1.384880276317974168e+00,1.105762173789753833e+00
2.500856435518616472e+00,1.441140452130301286e+00,1.044292887815693627e+00
2.535721373787043209e+00,1.511158404265399380e+00,9.928002683557285435e-01
2.573926265382236345e+00,1.591033871675616496e+00,9.246681984178219960e-01
2.605381477041003979e+00,1.667385404466840582e+00,8.130350893546214319e-01
2.642997724516627400e+00,1.714880747538781725e+00,7.073781095756521697e-01
2.692277069079732854e+00,1.755637242406207665e+00,6.194018641846298356e-01
2.710627060988296311e+00,1.816988314970952478e+00,5.367047765040380281e-01
2.751070641492687319e+00,1.889371303392007428e+00,5.424146286525114435e-01
2.790560662738287956e+00,2.002772082669555420e+00,6.185885234831036694e-01
2.812945726478557340e+00,2.145102140925605028e+00,6.800355072989366922e-01
2.833695853799775843e+00,2.262321042826548556e+00,7.324219042017694470e-01
2.855718092984597334e+00,2.353638600301436679e+00,7.540031271386713474e-01
2.869584767374876222e+00,2.405954584682605368e+00,7.442628445112384750e-01
2.889018511224854091e+00,2.436468433706644010e+00,7.141219373731763076e-01
2.890017195769186475e+00,2.495815092641174182e+00,6.943364007032905016e-01
2.892632361805186125e+00,2.545437331493462629e+00,6.963499851726097090e-01
2.881192777781734993e+00,2.601978299322089683e+00,7.030343650124604160e-01
2.873877948302422158e+00,2.661306501258167145e+00,7.230371584020459652e-01
2.867516925894864510e+00,2.696050458952089279e+00,7.515126444632961311e-01
2.841604185925489912e+00,2.718484234172569014e+00,7.550259730111815726e-01
2.824899430321469840e+00,2.735543979357834665e+00,7.247841423605368982e-01
2.832294537406028212e+00,2.762744693980575317e+00,6.889191736818216505e-01
2.838123551860284532e+00,2.823086702902753320e+00,6.752737616212594052e-01
2.844729829712027591e+00,2.934117653780878854e+00,6.868510191749013227e-01
2.839918290138137902e+00,3.040862961736138903e+00,6.803271202514006299e-01
2.847315016383246800e+00,3.126320493800154754e+00,6.618922849620996196e-01
2.866282693458224173e+00,3.191221891339006245e+00,6.609647336865012157e-01
2.887004839594276007e+00,3.247576274081078740e+00,6.666869160890502854e-01
2.898538682404756983e+00,3.293730237679886930e+00,6.610683713320776311e-01
2.912596482105611617e+00,3.334947730120094711e+00,6.607927385040045509e-01
2.912165711453134076e+00,3.390099802594773504e+00,6.467514149061427409e-01
2.924390542871087906e+00,3.450227875942394995e+00,6.285275017236725548e-01
2.940842252333161877e+00,3.516200895911163915e+00,6.130650542110810397e-01
2.973727825810182246e+00,3.595238039892710180e+00,6.183672745993596953e-01
2.972741085625872692e+00,3.695316378614699637e+00,6.106541410825340188e-01
2.936071616839122100e+00,3.819415117144471239e+00,6.370736986848695160e-01
2.899675776734666588e+00,3.945906077680104485e+00,6.504596875110154608e-01
2.914330998948960971e+00,4.029563089841906809e+00,6.542323304527366545e-01
2.972236219977293814e+00,4.073374940411440548e+00,6.191186289037297064e-01
3.054668014691167333e+00,4.088842756625866492e+00,5.867350267574223954e-01
3.138155772830210299e+00,4.104221745850147762e+00,5.640378329886592823e-01
3.187212385737014042e+00,4.136515373061034673e+00,5.597962393728425079e-01
3.168842240131034327e+00,4.210660503120146281e+00,5.732187579501015762e-01
3.151895602149577424e+00,4.276343387002238039e+00,5.758304328711124631e-01
3.155998249679178080e+00,4.335590804483496541e+00,5.894186698562542404e-01
3.177338755745989562e+00,4.387550733048358076e+00,5.696638533138453919e-01
3.221879935926673433e+00,4.414118822852189261e+00,5.671595195369144582e-01
3.261488994022565979e+00,4.453306096440242001e+00,5.606454538415144295e-01
3.250085357106108130e+00,4.539716592961357655e+00,5.478651696437023544e-01
3.215427693619837157e+00,4.645464774233952099e+00,5.428800003369081972e-01
3.189114403213956894e+00,4.775983514810624442e+00,5.505971647174170425e-01
3.211212403900577161e+00,4.875799698257773152e+00,5.720586335531114841e-01
3.228428586610852857e+00,4.974122565138538121e+00,5.846722949935159175e-01
3.260343096368063520e+00,5.030325235044822207e+00,6.037663584932677630e-01
3.278328038902700747e+00,5.074646217505659251e+00,6.151675703481929158e-01
3.272786517467794809e+00,5.100427559095076724e+00,6.332641112802663841e-01
3.271638130662154698e+00,5.129501798095946086e+00,6.685914661992896635e-01
3.253809197217102600e+00,5.176148843421150225e+00,7.132893788205262320e-01
3.228848531237465735e+00,5.234712632634458629e+00,7.952426153862307556e-01
3.178790191223338724e+00,5.314287270814576303e+00,8.774077219966304186e-01
3.130099613414330406e+00,5.411616457465079577e+00,9.484692231002751495e-01
3.093947520802295958e+00,5.498268951278030947e+00,9.799022166275362933e-01
3.092711751506167950e+00,5.551112151284029572e+00,9.812008499889687263e-01
3.068377682741266099e+00,5.607640568403520653e+00,9.615101244347837861e-01
3.048558769673305413e+00,5.660448661628943334e+00,9.636772232617820677e-01
3.016806264434482188e+00,5.736023278841087425e+00,9.816314276921379589e-01
2.944627101022214255e+00,5.837363378043111339e+00,1.001006394144303258e+00
2.912003687422833220e+00,5.920298176533450807e+00,1.003853685240679416e+00
2.887963454157185694e+00,6.005164504333379227e+00,9.925396158287126402e-01
2.913006751944378081e+00,6.111265911551182484e+00,9.430274777134022290e-01
2.905129156589469019e+00,6.181826240300013708e+00,9.091937653682318210e-01
2.851659057817779175e+00,6.269524810251620117e+00,8.805245346102850146e-01
2.811680541617100904e+00,6.343862831183909812e+00,8.696563589372452441e-01
2.735249419028193074e+00,6.418637234347066567e+00,8.787308587558220196e-01
2.676708563982014955e+00,6.466704937705395118e+00,9.186359412494455867e-01
2.665924385640548344e+00,6.487027974135330055e+00,9.492693564369789616e-01
2.664974910074014325e+00,6.517382135846641944e+00,9.614939097262996670e-01
2.630604072207566535e+00,6.565315794453426612e+00,9.701812813132916213e-01
2.441656019222375740e+00,6.756779525510641982e+00,9.494440808745375771e-01
2.407952858852499656e+00,6.832234619293910960e+00,9.367749147332895543e-01
2.379508662961741017e+00,6.914805715461347368e+00,9.178050897920154716e-01
2.380346424482853607e+00,6.965879665299995693e+00,9.014450556873779830e-01
2.364538561089123636e+00,7.019318988094159550e+00,8.794600343508811591e-01
2.309643361820373109e+00,7.085071252587284540e+00,8.407365464723706161e-01
2.241058277091145801e+00,7.148055133490639257e+00,8.008026187806712715e-01
2.163154363831916616e+00,7.201747744752673874e+00,7.734124133889743735e-01
2.091857684297348641e+00,7.243541905252937063e+00,7.362183655191487652e-01
2.042504176768231705e+00,7.277017517926078760e+00,7.303644254913082001e-01
1.990088672279933801e+00,7.311484724812766345e+00,7.430295924803121954e-01
1.936413423397581823e+00,7.348443815360333531e+00,7.691485010861427440e-01
1.877329950123488134e+00,7.382271191459673254e+00,7.958116714054920271e-01
1.805664087040341537e+00,7.408784958589137659e+00,8.084574327416498285e-01
1.700978433611338048e+00,7.438979363287005597e+00,8.201208241443372904e-01
1.595198758363196800e+00,7.461649221156642753e+00,8.305977057712994327e-01
1.514239822711498595e+00,7.493027399955679790e+00,8.315262891444781257e-01
1.438063444014075820e+00,7.541154302556673628e+00,8.346183197068834936e-01
1.389880685430311180e+00,7.581602961649855033e+00,8.412363016115343983e-01
1.352223983082464276e+00,7.609593930632978065e+00,8.393653566667171884e-01
1.350145733326339803e+00,7.621762024120150691e+00,8.238090078650693870e-01
1.342401434258190918e+00,7.593171972123245794e+00,7.949013303054973667e-01
1.324702364164391799e+00,7.580735786408642873e+00,7.662340938782028488e-01
1.268601321422511585e+00,7.587298415970643362e+00,7.542705522746788738e-01
1.126717840325361930e+00,7.584619876276274653e+00,7.537643859929645807e-01
1.016890953042194568e+00,7.568487325929940113e+00,7.745943561940455968e-01
9.076184500654395082e-01,7.560395053314670655e+00,8.040934111445501298e-01
7.470309710336905384e-01,7.568528807438718253e+00,8.323121465372822492e-01
5.715583308418400454e-01,7.577888272581153828e+00,8.683955894909639595e-01
3.826568935024168838e-01,7.597760278963415992e+00,8.976071958019832264e-01
2.382611909684372309e-01,7.606911942234303226e+00,8.972222877584546952e-01
1.557539762600222422e-01,7.597036642998813427e+00,8.910944021704537699e-01
1.086549994328926960e-01,7.585171969014337101e+00,8.827427827931683124e-01
6.673649134310255526e-02,7.576306868309380604e+00,8.753203061667287344e-01
-1.912783323254380052e-02,7.577341982530107600e+00,8.386618230643143601e-01
-8.996451503510732861e-02,7.580754049241790860e+00,8.108597468915005324e-01
-1.798559230317527957e-01,7.563871632361369279e+00,7.877065061134528312e-01
-2.591794967316514153e-01,7.541675744740651943e+00,7.671112438958138657e-01
-3.286387153041816500e-01,7.521521370481710100e+00,7.521510696899813553e-01
-4.163169060962853552e-01,7.484026474643100002e+00,7.452766567415803900e-01
-4.477127838729265674e-01,7.454744264284816957e+00,7.480640675625682690e-01
-4.864811118073895657e-01,7.433806386345290562e+00,7.521723452543576105e-01
-5.082413175419138174e-01,7.425331493550030082e+00,7.452195964024181940e-01
-5.478786679992874165e-01,7.426080559072445020e+00,7.239700583197119510e-01
-5.819281857746015918e-01,7.424020816335050732e+00,6.868359901991027971e-01
-5.981684563538658406e-01,7.413861623668475787e+00,6.404593374898921443e-01
-6.048331601499145060e-01,7.399162560005483336e+00,5.999543981585974128e-01
-6.100213009517593266e-01,7.391291987113601358e+00,5.604994644682490534e-01
-6.131065124667359756e-01,7.396571501226627987e+00,5.269237771577260920e-01
-6.339377022595266142e-01,7.401054557793986355e+00,5.021712493449829173e-01
-6.669046222232145604e-01,7.397454136702544147e+00,5.010365056336418821e-01
-7.035852631225933962e-01,7.378930996536141151e+00,5.107986748512632902e-01
-7.143578739410864076e-01,7.339521423113148479e+00,5.251623369738748215e-01
-7.290489783434783710e-01,7.292146049331186930e+00,5.435052989870637896e-01
-7.429313916981049593e-01,7.255136825273204693e+00,5.577296400442878221e-01
-7.608075712716629857e-01,7.226912691636921515e+00,5.779194824266042918e-01
-7.469217546887789716e-01,7.173136591372990978e+00,5.810139874420058304e-01
-9.451139711661356024e-01,7.077242490333266467e+00,5.732803041826476376e-01
-1.044510107586437586e+00,7.019373629922774249e+00,5.617464594245175080e-01
-1.146391741742821324e+00,6.953653729559957419e+00,5.564468727315770025e-01
-1.202286141792077157e+00,6.890094545636628709e+00,5.511137739905683786e-01
-1.261360341907530103e+00,6.827305779645441497e+00,5.560223938615882489e-01
-1.241063408390680634e+00,6.771753544845653394e+00,5.674604533290467101e-01
-1.235719452673592400e+00,6.707206575911353497e+00,5.809950459399724210e-01
-1.237776870990966005e+00,6.642194476930942670e+00,5.867306224320210095e-01
-1.299054615116629341e+00,6.572445518328010827e+00,5.854910269555871905e-01
-1.377478812847431566e+00,6.498192474548473818e+00,5.818587034257048929e-01
-1.447522818272482859e+00,6.406855447259394154e+00,5.753573419838915459e-01
-1.517315135091579448e+00,6.302578978115304764e+00,5.663226481167881188e-01
-1.584649117506697458e+00,6.213797324474254147e+00,6.123976087706762828e-01
-1.629966931712947931e+00,6.122124504033572556e+00,6.473650962577393031e-01
-1.670477033484529139e+00,6.039465304358130560e+00,6.570003758680313943e-01
-1.743764361411212160e+00,5.953184658009209151e+00,6.486330212331284928e-01
-1.808808486409080096e+00,5.853966724913306940e+00,6.370363772810024861e-01
-1.872662682870231077e+00,5.750745804077585177e+00,6.216095596725713657e-01
-1.912965112272474233e+00,5.658232272563488152e+00,5.821920298562681673e-01
-1.938717086116808597e+00,5.566839182999043345e+00,5.331314293935501825e-01
-1.935180525343189739e+00,5.491900692522783345e+00,4.939503163081637727e-01
-1.906504529416171323e+00,5.432850236277881883e+00,4.573076913147498535e-01
-1.892712107356376183e+00,5.383284463886814919e+00,4.361235300180797969e-01
-1.894068159206989010e+00,5.329444292813191097e+00,4.256806150035867820e-01
-1.891203252952727398e+00,5.274721418471343348e+00,4.439864257403822179e-01
-1.907018322092259632e+00,5.199466900417275106e+00,4.636198825293429415e-01
-1.933981556048238515e+00,5.117087359410795067e+00,4.958569822537967631e-01
-1.975354341573487105e+00,5.030854219457191689e+00,5.276926149763864204e-01
-2.015890713776904875e+00,4.945537054372800334e+00,5.566259010050912392e-01
-2.054357372312900054e+00,4.853826158899392063e+00,5.753934530685934634e-01
-2.091758683741849367e+00,4.764006494458965513e+00,5.923557787180877554e-01
-2.110739258859778644e+00,4.677472494456448970e+00,6.004174430907559534e-01
-2.126179211544886982e+00,4.587705265853877279e+00,5.856101629221303062e-01
-2.127642523261657370e+00,4.501624174961325053e+00,5.566242044341991324e-01
-2.114532879789420505e+00,4.426645266432675641e+00,5.322202427456923512e-01
-2.106527998180503847e+00,4.363011533786658624e+00,5.067814379778328160e-01
-2.107563156455138476e+00,4.291495709866101294e+00,4.829039729654108770e-01
-2.115013142576068539e+00,4.221566880207004324e+00,4.711110075765298499e-01
-2.112524659579652297e+00,4.138417815494552343e+00,4.675911582360730012e-01
-2.106841897377262907e+00,4.041240797102934046e+00,4.901946135857750408e-01
-2.096130485695210321e+00,3.932990030428602513e+00,5.280072514841718245e-01
-2.080579772752784606e+00,3.832479190402310554e+00,5.732006929513915328e-01
-2.062404276549564486e+00,3.740776537374001620e+00,6.074280402260772149e-01
-2.055770332264342137e+00,3.661517629240877980e+00,6.380308107962037178e-01
-2.055804099068629931e+00,3.589526813804393424e+00,6.650182920609792880e-01
-2.048127047918226307e+00,3.511961448988382362e+00,6.934606654800827830e-01
-2.032420881222512854e+00,3.431746730013603752e+00,7.293580524341332083e-01
-2.023042278125001925e+00,3.346954542716597647e+00,7.635283949383722124e-01
-2.028888682353481077e+00,3.188640438824611234e+00,8.159806503692869084e-01
-2.027648437735757536e+00,3.135238199293605366e+00,8.353006343529701949e-01
-2.011144071864418681e+00,3.080699881468247803e+00,8.444129251421289561e-01
-1.974782442448566488e+00,3.024685968324919205e+00,8.522217863808749794e-01
-1.934359779088796305e+00,2.961847526258827745e+00,8.610912638920981133e-01
-1.883939634581944356e+00,2.897135553745113778e+00,8.728618162231709388e-01
-1.830554331221271980e+00,2.839770884983832122e+00,8.890150439170845242e-01
-1.746216358439826033e+00,2.726139462393990520e+00,9.146455856797351958e-01
-1.712973163166752411e+00,2.668836523502558844e+00,9.204877940539465397e-01
-1.672950666923343155e+00,2.599851878639613645e+00,9.261636326506038630e-01
-1.637123232368628001e+00,2.528723185902999937e+00,9.389066778023493764e-01
-1.606733571528530025e+00,2.459192514554896292e+00,9.557768960943877623e-01
-1.573713843645344390e+00,2.384700877709217348e+00,9.740503092092035464e-01
-1.535966610532300658e+00,2.325278519471492444e+00,9.888092640996688498e-01
-1.500335830371090085e+00,2.275628911894886919e+00,1.000497515262075421e+00
-1.464993181239119480e+00,2.240768552042447848e+00,1.009510584716307946e+00
-1.416186668245529523e+00,2.205543863060535070e+00,1.021187207622042292e+00
-1.364541541348718079e+00,2.176037839102580307e+00,1.042647685423914838e+00
-1.306169009697341732e+00,2.144136371396321294e+00,1.057413601862311481e+00
-1.252857959131551846e+00,2.097426569608438651e+00,1.070405846238832837e+00
-1.202182911946961141e+00,2.049115989013541306e+00,1.092818163658902275e+00
-1.153832345532486592e+00,1.995285582544859437e+00,1.108225972297689932e+00
-1.102889888182475353e+00,1.948936064239385146e+00,1.114839498376153593e+00
-1.047564460111159779e+00,1.891272401918366208e+00,1.114952155602724870e+00
-9.749227165869219780e-01,1.841221328113238132e+00,1.107655480547874216e+00
-8.955769985445479753e-01,1.792479869247328272e+00,1.102836434035735058e+00
-8.233377189659022433e-01,1.754215264520901041e+00,1.096687228798022273e+00
-7.623191176456831641e-01,1.727083830481685345e+00,1.085104382439853632e+00
-7.067249270829646379e-01,1.704654806081661533e+00,1.070704369478360229e+00
-6.591367843901900780e-01,1.685607822864723104e+00,1.056324975769642238e+00
-6.111148620936153186e-01,1.659120264717970361e+00,1.052060006026760863e+00
-5.563350032088684172e-01,1.624779777780108736e+00,1.052104657730383197e+00
-4.900321078105122630e-01,1.587531634812158199e+00,1.060213103457489314e+00
-4.209783544509650977e-01,1.568071240872642269e+00,1.071767730273862407e+00
-2.722221437281333589e-01,1.559911894935904986e+00,1.097488110941615469e+00
-2.009569229142590396e-01,1.563005386581637568e+00,1.099270106948080583e+00
-1.335329042916945930e-01,1.565794000875085912e+00,1.089358405238945116e+00
-6.960416723137721751e-02,1.560104904615135624e+00,1.073318965905637912e+00
-5.685695360687033351e-03,1.538446102194150011e+00,1.048444863952428863e+00
7.111448519692419035e-02,1.498053813174837101e+00,9.770177835571597358e-01
1.529350354417577662e-01,1.449006307140251915e+00,8.969704620170549925e-01
2.391019277148473399e-01,1.389728820008685028e+00,7.992279878323942377e-01
3.019308924282420037e-01,1.358720494942806667e+00,7.401550058938349830e-01
3.459088879545105799e-01,1.339388251938856911e+00,6.843920207071412243e-01
3.901274742467498724e-01,1.341144488717230132e+00,6.429689944425309722e-01
4.380213753242124808e-01,1.352006013129502637e+00,6.210101564169514532e-01
4.991897974206385147e-01,1.378569066564682810e+00,6.142538993566840633e-01
5.768996364342727778e-01,1.422652079308060147e+00,6.025102694168501527e-01
6.543586591296964849e-01,1.464898101816826337e+00,5.842999633632731671e-01
7.166709659142934674e-01,1.496581805874131366e+00,5.537393457424275578e-01
7.651832931807664995e-01,1.519405128856600617e+00,4.930696409746568865e-01
8.136448142302363795e-01,1.560599382106063304e+00,4.486110344031748465e-01
8.782361068479048738e-01,1.612327595998239049e+00,4.399743492744123685e-01
9.559096156851786263e-01,1.647934760729088843e+00,4.194688435166935014e-01
1.037257070493496691e+00,1.690431150079868994e+00,3.791369466001950905e-01
1.097433374794099636e+00,1.753671560732593671e+00,3.336631684730154701e-01
1.142501207408440855e+00,1.794979398052164443e+00,2.771944477080692804e-01
1.181871014891724414e+00,1.786647730420877211e+00,2.328193932118212683e-01
1.220600065028676351e+00,1.805436949276238101e+00,2.135278630132996791e-01
1.254200135389692328e+00,1.844514591351079869e+00,2.482201721898702473e-01
1.296954076036273218e+00,1.904576350166355736e+00,3.213324108060259809e-01
1.332041569280302484e+00,1.966045911089994824e+00,3.257508076109659756e-01
1.351158166383957804e+00,2.047707133199840435e+00,2.996426402776103393e-01
1.376740628538899669e+00,2.140795198736586080e+00,3.016234064111791291e-01
1.404075237738832138e+00,2.248679865012245038e+00,3.066749834509849837e-01
1.438591267774451676e+00,2.351682248884653603e+00,3.203717307646986034e-01
1.457705217258598251e+00,2.471117602858583062e+00,3.040110198298228150e-01
1.493164113821624506e+00,2.578497774089699490e+00,2.802140372528741374e-01
1.519812595194099725e+00,2.675675302903253616e+00,2.724901660958274907e-01
1.552225401811305083e+00,2.752798321147919225e+00,2.764655776334911663e-01
1.566042283874573116e+00,2.816738767751703953e+00,3.057899694442903771e-01
1.568647367928371006e+00,2.881491561304248883e+00,3.238179985947232109e-01
1.588548214011712201e+00,2.940966214935277101e+00,3.156546842038774892e-01
1.605907584738118121e+00,2.998486624464686834e+00,2.897038735736566784e-01
1.632620757355006447e+00,3.057085597002636490e+00,2.741056016083927016e-01
1.686090591452430898e+00,3.135518987657298418e+00,2.813522353079270788e-01
1.710207845597003340e+00,3.232252233585790613e+00,3.165598008841437605e-01
1.697357243405950067e+00,3.341190814103122797e+00,3.217815710382925243e-01
1.671455698716666660e+00,3.537542672245474584e+00,2.914085089851020105e-01
1.683216440577927075e+00,3.647260136340621628e+00,3.138887201560232598e-01
1.692546949350438590e+00,3.753376919768662390e+00,3.328295556984890435e-01
1.700181836444301764e+00,3.845829138148744164e+00,3.317033753255753115e-01
1.748575094447446299e+00,3.896867358720402130e+00,3.248091233486332663e-01
1.789468725226154078e+00,3.963928822107019911e+00,3.202694676608294766e-01
1.822776238975399865e+00,4.038772569268577861e+00,3.175740889835332315e-01
1.832699696220016827e+00,4.194011494248423233e+00,3.785638371774631694e-01
1.867241967619669651e+00,4.284951359684395555e+00,3.820793660295538352e-01
1.886078646404576231e+00,4.389111715490986221e+00,3.981417028448607232e-01
1.895786536088196916e+00,4.492342319256652061e+00,4.127200923100183827e-01
1.914988788015246746e+00,4.595903535031258258e+00,4.302078983667586565e-01
1.938968532119698107e+00,4.699521446397549873e+00,4.655628957150360625e-01
1.964936204080518278e+00,4.803154442857547224e+00,4.917905341041058365e-01
1.966220441337868330e+00,4.923011996882387997e+00,4.638188076335549859e-01
1.990104705203176172e+00,5.011910926628801555e+00,4.342623610675007129e-01
2.009876206989598568e+00,5.116136230304317856e+00,4.496966961679743635e-01
1.997596013961955297e+00,5.268505758399567362e+00,5.148729269574022771e-01
2.027743311630126666e+00,5.408158292055214922e+00,6.382821334766693999e-01
2.026090060902137946e+00,5.551253645907580747e+00,7.766311351828600884e-01
2.026361663526773160e+00,5.660317262557796880e+00,8.572323192254167612e-01
2.064744455839507609e+00,5.688521443127259047e+00,8.508812259697221547e-01
2.101231099823260173e+00,5.688966352198732146e+00,8.166036601810321427e-01
2.081450154399824726e+00,5.735024057114243234e+00,6.720026819015336716e-01
2.062582836044549062e+00,5.790957647844870770e+00,4.962603534513530534e-01
2.062348494915670738e+00,5.849636391535009139e+00,4.327045961536371554e-01
2.086344907504419588e+00,5.908747170954007366e+00,4.263570091111741345e-01
2.110900631918175563e+00,5.993740022919835653e+00,4.661448794506011795e-01
2.125843179880572364e+00,6.087869458352200169e+00,6.207352840742602629e-01
2.115944892540795763e+00,6.200334146058705365e+00,7.835758071008752657e-01
2.007981763199009784e+00,6.358145016137829231e+00,8.175535518199811280e-01
1.870092612909928675e+00,6.500037125377036595e+00,7.432964002975479545e-01
1.775460319333661552e+00,6.606564176296017443e+00,6.264189448119561465e-01
1.813976868349070903e+00,6.654182708353232556e+00,5.545496058522685345e-01
1.890920419103442107e+00,6.674270290605962330e+00,5.118462176244196193e-01
1.975711289467341203e+00,6.676597165992407490e+00,5.467289680168191390e-01
2.043434090578710727e+00,6.681653224642774447e+00,6.049858527716960310e-01
2.047336050426906695e+00,6.711577926997549071e+00,6.234506000053308128e-01
1.994874495654652691e+00,6.775213928541414354e+00,6.111888723018391589e-01
1.932399504201196772e+00,6.820911232167200744e+00,6.038161159056937288e-01
1.867555821803819738e+00,6.860891310116499220e+00,6.049971334506046849e-01
1.791445190135130705e+00,6.908485832918536573e+00,6.325288573124445701e-01
1.697254843339908392e+00,6.971195685952019439e+00,6.884973894405147510e-01
1.606939413638918346e+00,7.035268035633579053e+00,7.021710707672940144e-01
1.516237543060936277e+00,7.113000787373591649e+00,6.915682200648060052e-01
1.448735491392123986e+00,7.158941825089307542e+00,7.008522023216464669e-01
1.360571508464604173e+00,7.198746080845938700e+00,7.030129667655633519e-01
1.323339349483980021e+00,7.201211832103400212e+00,6.892846079639097789e-01
1.314183073463967455e+00,7.155337124271130556e+00,6.640499296832780285e-01
1.311370163044128345e+00,7.106747018813289962e+00,6.299934656922535625e-01
1.303942415475261685e+00,7.053020651088282023e+00,6.123321438413807938e-01
1.295424063921017721e+00,7.012511603015325612e+00,5.968243772279764325e-01
1.298437263099495587e+00,6.970767235184150756e+00,5.975753312519372917e-01
1.331729338103044835e+00,6.911113474653911126e+00,6.305842608162091079e-01
1.297399956876974958e+00,6.887526221640554169e+00,6.096664060605930802e-01
1.246662484615398858e+00,6.880261360153667738e+00,6.056543187920558902e-01
1.187935682020419215e+00,6.881229097242540504e+00,6.034958718626454166e-01
1.104371274167416095e+00,6.893332063391664377e+00,5.723575458265782734e-01
1.030577932963697929e+00,6.902086662124406580e+00,5.426083015534476361e-01
9.689010936844857369e-01,6.904062327327642024e+00,5.158644625778319170e-01
9.147912911949872550e-01,6.882500722266148507e+00,4.842616300996494538e-01
8.874873286185321897e-01,6.839151826586182814e+00,4.595534249406619254e-01
8.950032707471891058e-01,6.770104800165150927e+00,4.446961714644591668e-01
9.033153308666223014e-01,6.704078550829400740e+00,4.371956029665960419e-01
9.021995288778799083e-01,6.638811782232910019e+00,4.205963364244223457e-01
9.085811672773445036e-01,6.575953368327540183e+00,3.771287527871618472e-01
9.125765838623229875e-01,6.516579333011443431e+00,3.508012135963607392e-01
9.161662244789828824e-01,6.440844012242729733e+00,3.613098623314627833e-01
9.191470884508766703e-01,6.359205485947216019e+00,3.915358845121456044e-01
9.153340269484206981e-01,6.270708170722130603e+00,4.307344611589041250e-01
9.075997455901761990e-01,6.201403660060976542e+00,4.429883890149717285e-01
8.875655624791135567e-01,6.138394819163318417e+00,4.157080772781830413e-01
8.703703388645576133e-01,6.060986428651410129e+00,3.692274918392305372e-01
8.465271684148495401e-01,5.980342543923081955e+00,3.294666341039757529e-01
8.251680562125401908e-01,5.893113265278490331e+00,3.157350852788040063e-01
7.906578228900060790e-01,5.802585893244889270e+00,3.156716211404394512e-01
7.530799732759615450e-01,5.725663063664671704e+00,3.691705690921908145e-01
7.569320995235316873e-01,5.646373029115831166e+00,4.292015215475713519e-01
7.537356306971999542e-01,5.582203945736073258e+00,4.341986612927484224e-01
7.635058587430573196e-01,5.500095379688519692e+00,4.246456630109704533e-01
7.800707858057300825e-01,5.391893871283708783e+00,3.920654387280728126e-01
7.991819682940397573e-01,5.285507847381252233e+00,3.699517218134328322e-01
8.105091393765896379e-01,5.174576002758604965e+00,3.635553570985688987e-01
8.127465376683922216e-01,5.097900224380559564e+00,4.080962354855947605e-01
8.042737299932997130e-01,5.037760247181958029e+00,4.453485122469001967e-01
7.749489527730010208e-01,4.957116432825853458e+00,4.632858172952863951e-01
7.288141274843036310e-01,4.858381332088634430e+00,4.548182894371989304e-01
6.822131098703274610e-01,4.761219918611439006e+00,4.463022095121073063e-01
6.476698809987928573e-01,4.657794536118887052e+00,4.503422342422793156e-01
6.084849460268088039e-01,4.562224544843012985e+00,4.879702585433152717e-01
5.760292338042972693e-01,4.463189339614131335e+00,5.621608767128112305e-01
5.550116829135172125e-01,4.359130482307551624e+00,5.985220653041166683e-01
5.405298234882421893e-01,4.249095000311457149e+00,5.647947006648973423e-01
5.509309845698803221e-01,4.144229746604926490e+00,5.325890237166733820e-01
5.508490145641661284e-01,4.060542907290978221e+00,5.418847692710535568e-01
5.401190553114716408e-01,3.978395319984878498e+00,5.528235627368254246e-01
5.097555601833697603e-01,3.907013100363874614e+00,6.003429264108518515e-01
4.730936743582266346e-01,3.846215526805232265e+00,6.576400697292359432e-01
4.295217252016457765e-01,3.778402908582662256e+00,6.608407494488811595e-01
3.571868543962571918e-01,3.699605083651598569e+00,6.255371584511449923e-01
2.881986160262841601e-01,3.620362061935216147e+00,6.449700313283124320e-01
2.108018800568305373e-01,3.538217086615153661e+00,6.649736127846166411e-01
1.392461346007631273e-01,3.452380108475483933e+00,6.616152318711137070e-01
9.752903029551329706e-02,3.360710076390718726e+00,6.730270494213115295e-01
6.669490677794592814e-02,3.165093362417835898e+00,6.123922995046330309e-01
1.142909370871840330e-01,3.068490834160761516e+00,5.897816926556670447e-01
1.107797852274753497e-01,2.978345911267013868e+00,6.040962614008349441e-01
6.451242755965286291e-02,2.895009548734167382e+00,6.344673803401442713e-01
2.769392420598495996e-03,2.814243458018071742e+00,7.081701464085707887e-01
-6.759032651963288452e-02,2.750187669823665804e+00,7.774276134827591278e-01
-1.178442266391781790e-01,2.669695887432372849e+00,8.046891744810705793e-01
-1.753928419688875473e-01,2.585729390025320651e+00,7.989673370676945163e-01
-2.099341194840913805e-01,2.499318068515941960e+00,7.736434607471005531e-01
-2.669314889648544131e-01,2.428666870387567123e+00,7.453425199294770875e-01
-3.323281281877160653e-01,2.350914973483152703e+00,7.375633176721614337e-01
-3.957562642965415378e-01,2.279619233422100155e+00,7.607092537837506496e-01
-4.543897675640622413e-01,2.212599091982109911e+00,7.894115104636975078e-01
-5.054400379618861905e-01,2.155852509053568067e+00,8.077077176605715891e-01
-5.204646769059770861e-01,2.085964034085811214e+00,8.001640532671444594e-01
-5.641725632904778243e-01,2.026153635221722649e+00,7.460701189476538486e-01
-5.872425589865203355e-01,1.977321240662250235e+00,7.019709360727565128e-01
-5.999922920382282365e-01,1.939766990661090373e+00,6.999627878889749244e-01
-6.459825071498119797e-01,1.916412127648924324e+00,7.026466630012405679e-01
-7.209644293989272423e-01,1.906137892802731493e+00,7.126688115642432209e-01
-7.889294245060476385e-01,1.895463221412024835e+00,7.377597409411007501e-01
-8.853585437489556176e-01,1.881673238182739460e+00,7.461962097150647288e-01
-9.848648491548178674e-01,1.877459854006794604e+00,7.397900484860092662e-01
-1.079388480690164798e+00,1.878891640932637941e+00,7.092580848732311649e-01
-1.163392675156203371e+00,1.897934828451108391e+00,6.800998092649893634e-01
-1.236459080739421124e+00,1.937067477427983242e+00,6.685996177947466368e-01
-1.288859812818218042e+00,1.974097256244945919e+00,7.024969399338104603e-01
-1.343766516932453525e+00,2.005445325383997890e+00,7.362392283025024353e-01
-1.398938618600505945e+00,2.028470267025973772e+00,7.544838638130532127e-01
-1.443036287842226262e+00,2.044954984039101031e+00,7.540862126243722541e-01
-1.530366246443357170e+00,2.070325197501929448e+00,7.525845795662926552e-01
-1.619549723057587931e+00,2.094652327449817442e+00,7.429998980762655414e-01
-1.681175693279999050e+00,2.146851632095918117e+00,7.378781179685020009e-01
-1.755145910428344447e+00,2.199776367075906069e+00,7.560806407809550489e-01
-1.814403982739780430e+00,2.249704322383843547e+00,7.752891739695755291e-01
-1.881484299046613407e+00,2.286746984011108097e+00,7.717827866373977441e-01
-1.952259315732472578e+00,2.337439939065413252e+00,7.432274282392176135e-01
-2.026788314114059908e+00,2.405769363342932454e+00,7.219444798787303386e-01
-2.062055905435308478e+00,2.477918478186742934e+00,7.297363704275490193e-01
-2.095343548702982783e+00,2.557603191493366346e+00,7.406408427112003423e-01
-2.197869970824044561e+00,2.640917513289946950e+00,8.161405504250515142e-01
-2.229358060767076655e+00,2.738424718509527178e+00,8.178912451513614679e-01
-2.251323845273049518e+00,2.834387863896008497e+00,8.137768095313082650e-01
-2.272665785981065945e+00,2.912849866836986656e+00,8.075261026327701375e-01
-2.307227190875813072e+00,2.985449940967654037e+00,7.928730958196280598e-01
-2.348333675968363288e+00,3.048519900387544279e+00,7.853156191317454127e-01
-2.406626951376696688e+00,3.106262813689457225e+00,7.759193081002494496e-01
-2.471227278735168564e+00,3.175719456209606051e+00,7.711039555526150169e-01
-2.527442154683418263e+00,3.256470905081225720e+00,7.629002256257186865e-01
-2.553763321551487220e+00,3.333211269365008889e+00,7.356704008654858518e-01
-2.556188673084372809e+00,3.423701487437161184e+00,7.161195228470910168e-01
-2.545542192612564758e+00,3.511983657613266363e+00,7.119166812473723960e-01
-2.532288094150823010e+00,3.594123874817414244e+00,7.293492336300823053e-01
-2.524235437669755111e+00,3.684776706202986585e+00,7.479595123935310896e-01
-2.521456481049060727e+00,3.772237069278937760e+00,7.552248359226949592e-01
-2.519299116693224594e+00,3.843924065383061528e+00,7.364034626445686849e-01
-2.508528341071406764e+00,3.897064187388492584e+00,6.875663621706397111e-01
-2.494884124827147609e+00,3.949891323353463157e+00,6.579285360287989715e-01
-2.473474946421057474e+00,4.009182048295662604e+00,6.517384380156567847e-01
-2.450963732098043746e+00,4.098889827505136196e+00,6.630997477697928577e-01
-2.431568567418681770e+00,4.178351003544282349e+00,6.829948193303316817e-01
-2.437585670396372084e+00,4.251366404487603390e+00,6.938370797883183227e-01
-2.443421035162040678e+00,4.308955054592084721e+00,6.816781796407729299e-01
-2.427775260117317924e+00,4.346586422962927188e+00,6.394697064786103446e-01
-2.418725103407276755e+00,4.393378388665007961e+00,6.111574616155317496e-01
-2.409662453193313514e+00,4.483329723250356835e+00,6.279168906506751302e-01
-2.385596350584800796e+00,4.591417211286723088e+00,6.635636429914962831e-01
-2.358040400184671981e+00,4.701470412181530278e+00,6.964245653017216986e-01
-2.316499706790772883e+00,4.801911078063731964e+00,6.992096201900473984e-01
-2.268997557623499528e+00,4.897181606709585466e+00,6.780433524175280002e-01
-2.232165023138399818e+00,4.978084911393001022e+00,6.534426936928618979e-01
-2.205055051542383460e+00,5.059899667366940079e+00,6.363523321838702174e-01
-2.184681728633892650e+00,5.153036024250745584e+00,6.227289544772558472e-01
-2.159145510479474783e+00,5.249429186284919169e+00,6.344003381321638990e-01
-2.133508279076687053e+00,5.334711590240912571e+00,6.548579260076617947e-01
-2.110205531054645700e+00,5.412636059251036968e+00,6.636110852291253748e-01
-2.094173087920896403e+00,5.485382038099343660e+00,6.598228515180531994e-01
-2.079322900608729263e+00,5.545246870782888138e+00,6.425479922578670733e-01
-2.067407737148158731e+00,5.603888832058316893e+00,6.247178162479170016e-01
-2.041987639843110713e+00,5.664224233761215643e+00,6.276098984537524794e-01
-2.012193533128346257e+00,5.717536264274325930e+00,6.409075242693349495e-01
-1.957559756596746414e+00,5.854211466888511239e+00,6.497482124709407225e-01
-1.921974199672224159e+00,5.911011465115903363e+00,6.300478864438725513e-01
-1.884404708592024580e+00,5.969456637140424959e+00,6.095208330568050448e-01
-1.859444334019064282e+00,6.059525237297581413e+00,6.063145499766307012e-01
-1.826879694613556371e+00,6.294399069203958419e+00,6.292671766399204891e-01
-1.810527568181244495e+00,6.411423915811727881e+00,6.601969599675182598e-01
-1.779055837419222907e+00,6.521948473163517335e+00,6.673091611818812163e-01
-1.757417263240153682e+00,6.621309293560377895e+00,6.740677866880794289e-01
-1.732873585079686141e+00,6.718272266933499992e+00,6.725349667646385310e-01
-1.700275644548234766e+00,6.814718873072907357e+00,6.852348000925005955e-01
-1.667722427607337465e+00,6.905568797724338737e+00,6.996083825640928566e-01
-1.649191890291036300e+00,6.989754366129109719e+00,7.087464158883840515e-01
-1.640696463034287955e+00,7.081469424954964786e+00,6.947730389591720845e-01
-1.614530376905634723e+00,7.163415133936471335e+00,6.973568870337581993e-01
-1.580969700111267695e+00,7.246456048575272924e+00,6.869909854453539744e-01
-1.565875236396003567e+00,7.324450685875783407e+00,6.745092216234802596e-01
-1.552709057146193450e+00,7.402793498264431449e+00,6.660911192423188965e-01
-1.517738776250983967e+00,7.477258989019960111e+00,6.353421154518074099e-01
-1.463371342939366215e+00,7.552349950438816961e+00,6.076428352427546420e-01
-1.393994694860418049e+00,7.638030454466629315e+00,5.815763275567360502e-01
-1.315388582420242480e+00,7.713100190718026106e+00,5.649850602817284573e-01
-1.257066470542267389e+00,7.780402414900978059e+00,5.485972032407219201e-01
-1.215559149309723308e+00,7.844695206433820012e+00,5.413788294582423388e-01
-1.172419946410687919e+00,7.901241481433440406e+00,5.469052636952838053e-01
-1.124962067257102794e+00,7.947028591237613959e+00,5.459311384417555590e-01
-1.066586220460313816e+00,7.978511913922563537e+00,5.408168987264634353e-01
-9.795510962280575828e-01,8.019702009314222835e+00,5.468955251687482866e-01
-8.928637171139534034e-01,8.068791649677137912e+00,5.562745250117711038e-01
-8.010494985146386915e-01,8.113684102306418566e+00,5.580061921302987837e-01
-7.178745934566724829e-01,8.165132220013518349e+00,5.490683876255753049e-01
-6.326841726170068236e-01,8.213681491165036874e+00,5.320612973898877218e-01
-5.637801544335139248e-01,8.252292356021914799e+00,5.038600862716032802e-01
-4.866602852354595665e-01,8.281685556569374995e+00,4.895342297671352316e-01
-4.039645065238996469e-01,8.312047164813172628e+00,4.821177181048558191e-01
-3.180311989629453495e-01,8.352941074838469149e+00,4.866729020617404644e-01
-2.450515345164339664e-01,8.384182442452814854e+00,4.935352785359083394e-01
-1.751169132084478830e-01,8.401282214264153225e+00,4.860358483804356200e-01
-8.512705509689542926e-02,8.402766242309887446e+00,4.875910583439536095e-01
6.121697545911165828e-03,8.413252259706545999e+00,4.998335826394383896e-01
1.025557573828278640e-01,8.410501066657801061e+00,5.181373807179221469e-01
1.956186218537503685e-01,8.413553727118245007e+00,5.299035798216600313e-01
2.636144113725426563e-01,8.417492845356488118e+00,5.194697549731939201e-01
4.019907241667804998e-01,8.399944612602759264e+00,4.992038216601178968e-01
4.964052736654311349e-01,8.406024281839716394e+00,5.003211705023837830e-01
6.136033870732047202e-01,8.411754290532709177e+00,5.142357574842266743e-01
7.285022118524157042e-01,8.408242962482084693e+00,5.341819962222591478e-01
8.256259046892260312e-01,8.400142566301898484e+00,5.380480717023060633e-01
9.224210878843348560e-01,8.384667297473367142e+00,5.503564733978414392e-01
9.450907375434407509e-01,8.383229686378365741e+00,5.887627715377226068e-01
1.004868830788860912e+00,8.355409816607966889e+00,5.788228210543425734e-01
1.078580458606870351e+00,8.326725826631367511e+00,5.606055098198746700e-01
1.163533072020865866e+00,8.301445656496422743e+00,5.613850089038674440e-01
1.230342240834775280e+00,8.271836611159692154e+00,5.725383894595609258e-01
1.392736143623185763e+00,8.174798926693760848e+00,5.577215326303952558e-01
1.471136447239839384e+00,8.121638872957561262e+00,5.256664801733226255e-01
1.547608219169239741e+00,8.072039135618368277e+00,5.091990158699916114e-01
1.631610268419025012e+00,8.022885836258534908e+00,5.158234045447032123e-01
1.715980507314372572e+00,7.976523455313975219e+00,5.499767462854063815e-01
1.799421385552224750e+00,7.941735942314733343e+00,5.592596256983756176e-01
1.882327184927290231e+00,7.918471077302037919e+00,5.658415693492792053e-01
1.969634806436069807e+00,7.896675765471438346e+00,5.831433403069504751e-01
2.060121109465519407e+00,7.856514742210162439e+00,5.909479740257227443e-01
2.136423144566937271e+00,7.813868383053875988e+00,5.814628804886069480e-01
2.207737151931688846e+00,7.767036028345609466e+00,5.494019716950778731e-01
2.274887730203666525e+00,7.704738481791047811e+00,5.190651446741008090e-01
2.315066010672873986e+00,7.650884051654867513e+00,5.050075983675819113e-01
2.366880718654806426e+00,7.589308116496476408e+00,5.315161776477865807e-01
2.403678658262873302e+00,7.520892009212845508e+00,5.597451628813010505e-01
2.449957641274218112e+00,7.457285973251627453e+00,5.794286771280848791e-01
2.524208352098888497e+00,7.390436034286254063e+00,5.918450601968798797e-01
2.629515144396696424e+00,7.325513818266385258e+00,5.685656018097308140e-01
2.731835536375241791e+00,7.264700482858751585e+00,5.713084591237030940e-01
2.816318940925553793e+00,7.197685603144361011e+00,5.819432283105309134e-01
2.888819574281377367e+00,7.135143548195356011e+00,6.015912535121342719e-01
2.950597930212272235e+00,7.086126058730551236e+00,6.095324472799937832e-01
2.947603360849524901e+00,7.061522724037876841e+00,5.867860122711363591e-01
2.953510904716977858e+00,7.023288699076357666e+00,5.482595442715517686e-01
2.960331960716870103e+00,6.979415302131256382e+00,4.915101298763036586e-01
2.946579052123738496e+00,6.937101313486139453e+00,4.635883025637072552e-01
2.927412234855085060e+00,6.869885837942551809e+00,5.203227933118328430e-01
2.927121346782810996e+00,6.783970649086230154e+00,5.702644645318659666e-01
2.919999647633141127e+00,6.706255486570446678e+00,5.885731003207804735e-01
2.898278629431029874e+00,6.635212143048104139e+00,6.056523718921480448e-01
2.895493398190027712e+00,6.564097378930065396e+00,5.954266851729121957e-01
2.896961409075830662e+00,6.485420033594333056e+00,5.284613189600140259e-01
2.907730124696914498e+00,6.403783275141510245e+00,5.043369579733072428e-01
2.929551106667465543e+00,6.317421036300143733e+00,4.660550394432111387e-01
2.946553582631487700e+00,6.246958244602366150e+00,5.035100224353648013e-01
2.946144365312258095e+00,6.190163073814976435e+00,5.567649054447725288e-01
2.937859015998331103e+00,6.115960037805265870e+00,6.274282060509165371e-01
2.890219527238942820e+00,6.036844667540673726e+00,6.534080998999503009e-01
2.820405924477822790e+00,5.975264851128002874e+00,6.257801933826010465e-01
2.740006267991275113e+00,5.917737460821782314e+00,5.263330368456274888e-01
2.658454883869111551e+00,5.863416078202119408e+00,4.964584494149062444e-01
2.569811506350537567e+00,5.820649514051151385e+00,4.905701715452512324e-01
2.424338857762444732e+00,5.862868824185800243e+00,4.347265589283726972e-01
2.369874248920578186e+00,5.802747581547290423e+00,4.273410728189320218e-01
2.323646936894598003e+00,5.731868445581346450e+00,4.300489052584272054e-01
2.285464834303448267e+00,5.658578248268289812e+00,4.032943602377895842e-01
2.257093383489916949e+00,5.578417636365673893e+00,3.444243469152011849e-01
2.220494329801141031e+00,5.504157379432350616e+00,2.767204656639887794e-01
2.175341709530871359e+00,5.436908679889766560e+00,3.135914480853611574e-01
2.110684986991445911e+00,5.368602922866232419e+00,3.938201299527117061e-01
2.019450400455219174e+00,5.312531591255529761e+00,4.927738930093855663e-01
1.906003786017396839e+00,5.273694009529414473e+00,5.216995040743472867e-01
1.808436156914063453e+00,5.235854915060145665e+00,4.950207754113873371e-01
1.700858113917278258e+00,5.208820268868287862e+00,4.334559920167628810e-01
1.604658975647894170e+00,5.186365551471767255e+00,3.809393262602655539e-01
1.538592998009810087e+00,5.144964595174927879e+00,3.575760399725220195e-01
1.462637693981492015e+00,5.106785973885798136e+00,3.880211867791300562e-01
1.387363070545456267e+00,5.065460090466784138e+00,4.275102038861882114e-01
1.313791794925758927e+00,5.020057918435285593e+00,4.544258486300430944e-01
1.232531125950209194e+00,4.968027977195769829e+00,4.569066606196551250e-01
1.140056741633404425e+00,4.914301076809126201e+00,4.472164599879850932e-01
1.040373342366515796e+00,4.862678115839213611e+00,4.334358634373253749e-01
9.490427797403654386e-01,4.805177412629983102e+00,4.172882957350323996e-01
8.602767077671125140e-01,4.746025325166280950e+00,4.336870135680290228e-01
7.673567084162000729e-01,4.703791997891927146e+00,4.465244092909402829e-01
5.915550256599223511e-01,4.622402535868320506e+00,4.089925301391934553e-01
4.966571395386995547e-01,4.594639824844385600e+00,3.721773112484760837e-01
4.159816380444839590e-01,4.559056967018237927e+00,3.666748085812782665e-01
3.185187577358276623e-01,4.528591923796598806e+00,4.105410188793828796e-01
2.449716090855570683e-01,4.491352165872412705e+00,4.811148430659595299e-01
1.828791474735916855e-01,4.448729911389978753e+00,5.374762409608615510e-01
1.059569188334427564e-01,4.406314731700620158e+00,5.685255263680444315e-01
-2.998035876373346398e-02,4.294898380025224505e+00,5.354467800356365048e-01
-9.083203958122432198e-02,4.222205869861724636e+00,4.966014652069730140e-01
-1.669457693711673407e-01,4.164166186433409855e+00,4.911345350560866185e-01
-2.591493689953727753e-01,4.122305547091466238e+00,5.307835846314581385e-01
-3.608575102065588180e-01,4.080216246303844052e+00,5.507488360921699577e-01
-4.491843872788787717e-01,4.022284320384695633e+00,5.598830390171893878e-01
-5.312514671327477345e-01,3.948983375753254421e+00,5.607907018327120685e-01
-6.009506150066991070e-01,3.878530384216177573e+00,5.534521440875642684e-01
-6.491167029917379594e-01,3.816308608857866158e+00,5.383366964262658039e-01
-7.038379670021557288e-01,3.769444538259032473e+00,5.249126155823475859e-01
-7.579914439725942144e-01,3.717370574549153872e+00,5.096726264814080976e-01
-7.964116688249021081e-01,3.639109408980923277e+00,4.956966453868776323e-01
-8.065083329735559525e-01,3.524232827121709377e+00,5.802061326618312975e-01
-8.530027535906699043e-01,3.426888683901356369e+00,5.670728057541094547e-01
-9.022782769294067640e-01,3.328633841858658737e+00,5.665118873215757578e-01
-9.587115071576015612e-01,3.222531670439437779e+00,5.784343022420854741e-01
-1.020319027323837169e+00,3.134425135244326199e+00,5.976042931862186602e-01
-1.074010698555661891e+00,3.068977216395498253e+00,6.130083446499566824e-01
-1.133082520664760562e+00,3.012606951952740086e+00,6.206008460551580841e-01
-1.192700371746045152e+00,2.959966288483349306e+00,6.253318915408847545e-01
-1.256554206781019367e+00,2.900446511103216274e+00,6.204094394951812363e-01
-1.318369075030233040e+00,2.820058579944446642e+00,6.189365009292030484e-01
-1.369081104094915124e+00,2.731488930364458056e+00,6.172744663064673176e-01
-1.426277149354471918e+00,2.655657761440919806e+00,6.161234309041087043e-01
-1.487641836779118876e+00,2.581539015201366638e+00,6.301871432823573649e-01
-1.544256058926093411e+00,2.504090166218017277e+00,6.462301333804845171e-01
-1.592259633782410422e+00,2.422674527164453639e+00,6.534354999942258990e-01
-1.638106730316081228e+00,2.338014936712218272e+00,6.697668600728053923e-01
-1.682515496785012887e+00,2.252232067730295384e+00,6.837899971221058637e-01
-1.723145479974589334e+00,2.173156135657893895e+00,7.020662606143962536e-01
-1.754642832815642706e+00,2.097781472519745449e+00,7.388722436854342490e-01
-1.797547353644663781e+00,2.020771474055675476e+00,7.582193142639178651e-01
-1.839871478537732363e+00,1.952331138285794410e+00,7.603827542312578958e-01
-1.881368810558221583e+00,1.885854098984294458e+00,7.587750765306434664e-01
-1.919468389620376580e+00,1.820270895855290894e+00,7.625068556119262153e-01
-1.961900128275723354e+00,1.724497035148903956e+00,7.675494824496038593e-01
-2.042264883009397458e+00,1.507459625292966843e+00,7.665254854379687233e-01
-2.071794789141597981e+00,1.424688778432597003e+00,7.572424506744084294e-01
-2.119759878334078973e+00,1.364693894110787564e+00,7.272390219469857531e-01
-2.162768173979770392e+00,1.316780117231586056e+00,7.016819135247720496e-01
-2.208296102026744645e+00,1.262166423565632911e+00,6.768098711105502430e-01
-2.233060173237552792e+00,1.188323625220939039e+00,6.668270091098852381e-01
-2.268397817833276875e+00,1.097948151058592003e+00,6.565402465315540725e-01
-2.298316835387263168e+00,1.000522605012523547e+00,6.634878851518447584e-01
-2.329016431796401054e+00,9.165023820782538522e-01,6.682956646106753551e-01
-2.367000269144596825e+00,8.401112794591710786e-01,6.643106114254579975e-01
-2.400564552729997914e+00,7.491731621504903460e-01,6.599764076409159186e-01
-2.414680007645598536e+00,6.464903431658344246e-01,6.645930011413352378e-01
-2.418277961929029107e+00,5.420912162871114326e-01,6.681304369133672649e-01
-2.414398748699340569e+00,3.511254225655256467e-01,6.648021388410438881e-01
-2.418683699336662052e+00,2.672785667192194570e-01,6.649156913740548180e-01
-2.442303055900636455e+00,1.845280056128212332e-01,6.578203213304995023e-01
-2.499188522091984055e+00,1.466610740694332393e-02,6.387413970614507219e-01
-2.530539211198665317e+00,-7.487222094331674738e-02,6.427953576807380331e-01
-2.550966911601914688e+00,-1.717848762653894634e-01,6.480887623698776689e-01
-2.540430354466221008e+00,-2.699316532862300333e-01,6.448238156652799091e-01
-2.508957354969971298e+00,-3.702017665760203302e-01,7.344993434056494852e-01
-2.477200719898056125e+00,-4.734571113457649583e-01,7.259316315156006949e-01
-2.430302633959033898e+00,-5.872563098559034911e-01,7.147081272122457474e-01
-2.358660578896076832e+00,-7.106670190491294337e-01,7.032830164449457300e-01
-2.234692592469898376e+00,-8.387901105265611612e-01,6.998593332826544833e-01
-2.165116949595562001e+00,-9.246241671043891053e-01,7.007528857242102394e-01
-2.139152182666788082e+00,-9.949184896183622673e-01,6.964309921611032683e-01
-2.125254022471248838e+00,-1.055884562075460664e+00,7.459814731822794753e-01
-2.092046282620149800e+00,-1.114112215561716024e+00,7.861207236581183588e-01
-2.054047604239711333e+00,-1.168362460563114436e+00,8.107775922116502443e-01
-2.015873681078237833e+00,-1.233362354166270158e+00,8.300160357920473020e-01
-1.976274474314465568e+00,-1.301071006796590268e+00,8.379776915788568203e-01
-1.915019711610710829e+00,-1.368169977489653855e+00,8.161109860162384377e-01
-1.811978314423345671e+00,-1.456845948467868634e+00,7.949737010806730009e-01
-1.677748610268422258e+00,-1.531183948263939110e+00,7.834188877166945453e-01
-1.548141469751124877e+00,-1.602025229799081130e+00,7.779110179531489866e-01
-1.443347383873779588e+00,-1.664888824654960464e+00,7.729777353758572334e-01
-1.365374288573799610e+00,-1.717777875572123802e+00,7.736282869637782778e-01
-1.351647239786805343e+00,-1.788442662464190480e+00,7.710533847793549223e-01
-1.333429034998722340e+00,-1.821187327519114607e+00,7.735198838203692917e-01
-1.284080673134606831e+00,-1.855107034607042849e+00,7.740411554098318714e-01
-1.208539174087754686e+00,-1.888588199889865038e+00,7.692086623649943000e-01
-1.130737298477456187e+00,-1.914457924027563429e+00,7.630999625719484536e-01
-1.051788391006121426e+00,-1.933292726450495103e+00,7.579262114681794005e-01
-9.938166749458365867e-01,-1.949791376485542571e+00,7.507105032815853951e-01
-9.053673332815479480e-01,-1.979276197162209261e+00,7.462408451286559607e-01
-7.974375190366626009e-01,-2.008456786659154059e+00,7.374630736384660823e-01
-6.621688455348161417e-01,-2.028596511329704644e+00,7.280009662691836470e-01
-5.442590727004353868e-01,-2.039206012632675424e+00,7.251696965027758512e-01
-4.163863612409738346e-01,-2.039876919545342560e+00,7.233412715808118509e-01
-3.081887727251184095e-01,-2.032229530902491366e+00,7.303062006916127835e-01
-2.230457074602641976e-01,-2.022436837567961554e+00,7.472745977967435449e-01
-1.526106484319067202e-01,-2.015829452061939975e+00,7.705930539397880530e-01
-8.121572603191948292e-02,-2.006710970801873550e+00,7.650997279437278253e-01
-1.924454944108355825e-02,-1.997864805562245216e+00,7.259041599079687490e-01
5.383463160687426002e-02,-1.966675580194999995e+00,6.816901443506675484e-01
1.147983924423032209e-01,-1.926905522237699842e+00,6.501782485896281383e-01
1.921950000706564299e-01,-1.875982972092739676e+00,6.268149355638001907e-01
2.781496239186521668e-01,-1.814975793396281123e+00,6.071129766160595631e-01
3.599215726807182270e-01,-1.747540248515459638e+00,6.015965195104477914e-01
4.443177054932729297e-01,-1.674724788069256842e+00,6.225647708193942087e-01
5.267542005048513332e-01,-1.608108509756035254e+00,6.602036082038179599e-01
6.059543282191981461e-01,-1.556452025244124959e+00,6.913141899691106484e-01
6.787951289119118492e-01,-1.509436153471032327e+00,7.016756225026630212e-01
7.118402776659392694e-01,-1.451212205950809464e+00,6.799090061762436132e-01
7.288914128132127912e-01,-1.396449998694206052e+00,6.611585798739945119e-01
7.065707546044516230e-01,-1.347409177053686680e+00,6.171043803304447906e-01
6.685860770674091347e-01,-1.291893364029836455e+00,5.799421861487206176e-01
6.597888277433470172e-01,-1.235422330984594197e+00,5.609618573573140754e-01
6.566101117362271866e-01,-1.172542360948103601e+00,5.489083727908914412e-01
6.684639028882619627e-01,-1.107647210352932898e+00,5.345783642179428030e-01
6.822465740426070235e-01,-1.037724642814366494e+00,5.184132733032904561e-01
6.900808311785019411e-01,-9.580187021982899953e-01,5.339619512716796690e-01
7.047461182079105546e-01,-8.664391859444924293e-01,5.455238848408282548e-01
7.111548508810415781e-01,-7.866196465523419556e-01,5.463871408273905939e-01
7.022276978679582449e-01,-7.190914446087736112e-01,5.175216345476441049e-01
6.893313945169586843e-01,-6.666123440651263721e-01,4.798108437714694308e-01
6.373445076272049592e-01,-6.356932027862786105e-01,4.395526952350836680e-01
5.588527645789540532e-01,-6.169666002588100051e-01,4.112404147796328568e-01
4.888664881135606488e-01,-5.973747310466940297e-01,3.927972500107643761e-01
4.196509791908646370e-01,-5.704815560463151192e-01,3.830699335983236420e-01
3.665249999631501332e-01,-5.345025885727209269e-01,3.760331943537724708e-01
3.252351314347938227e-01,-5.014027276919460485e-01,3.783468798922433041e-01
3.008152036485676195e-01,-4.680914979020349698e-01,3.910846878239954139e-01
2.703846403198321147e-01,-4.359566211432003291e-01,3.996796843520252773e-01
2.395831202745875022e-01,-3.915102631788198173e-01,3.854050789997827131e-01
2.179849789916401548e-01,-3.146905481878856103e-01,3.611547431712444078e-01
1.913958720554058690e-01,-2.519901936352052507e-01,3.122535263532087435e-01
1.648512107855463482e-01,-2.228397153630458649e-01,2.975014852852553848e-01
1.388753996564585647e-01,-2.204535506233662456e-01,3.180780111829945023e-01
1.231043473698703178e-01,-2.123453386254370856e-01,3.455101273456636646e-01
9.942557066625976048e-02,-2.284805964066071171e-01,3.478570255040095427e-01
4.386402640317685342e-02,-2.609699417183263259e-01,2.848134746086776192e-01
-3.213097891968608177e-03,-3.001163985818239843e-01,2.181965405058688134e-01
-7.120749629481296084e-02,-3.384485982068891619e-01,1.749327678480722403e-01
-1.100314872248561449e-01,-3.388429927336258918e-01,1.606714774670747470e-01
-1.417336974673332750e-01,-3.290526794280111966e-01,1.573636660607157789e-01
-1.679580948907491433e-01,-2.972925102432122380e-01,1.556135443824450959e-01
-2.061487183134091961e-01,-2.392252158745252211e-01,1.501512243945663239e-01
-2.285105237953894974e-01,-1.679772981335346249e-01,1.436548258668310651e-01
-2.367870712858524684e-01,-1.038205677580396613e-01,1.396883105629190824e-01
-2.304729170987691034e-01,-6.198418404952438232e-02,1.314495911207349543e-01
-2.105485067716231229e-01,-4.893852465812273400e-02,1.103685293589346389e-01
-1.924995222014770357e-01,-5.349294588520611682e-02,9.125301351231050739e-02
-1.815792897877466783e-01,-5.954408692564266969e-02,6.613423482788832741e-02
-1.783903429150534015e-01,-6.385141379115374938e-02,4.459390503878905843e-02
-1.797262740612665111e-01,-7.465926435959419072e-02,1.967340247517607166e-02
-1.956348926052070558e-01,-7.467034723942070351e-02,-2.059743512381281838e-02
-2.195454642618705488e-01,-6.258366274182067257e-02,-1.049020899784613992e-02
-1.439848583727364462e-01,-1.946872136179389479e-02,3.635011597451226484e-02
-1.555981486498346222e-01,-1.553925432879343926e-02,3.142067684047275544e-02
-1.590050682264843585e-01,-1.818079395535146525e-02,3.600686695736893261e-02
-1.542319978520739210e-01,-2.855842760964832916e-02,4.809661429328970783e-02
-1.511171703560466040e-01,-4.345211646411098472e-02,7.201914548425722429e-02
-1.520081469648789652e-01,-5.876926471841156796e-02,8.707161488358627910e-02
-1.565809219078714287e-01,-7.154628146768676755e-02,9.549911071043035160e-02
-1.696112369476012738e-01,-7.666949251831356449e-02,9.360886407400664799e-02
-1.818009724106638414e-01,-7.447926570716889572e-02,8.236908530600486888e-02
-1.812334648520234626e-01,-6.931668368221066689e-02,7.198127644986909712e-02
-1.772375496018409602e-01,-6.084965307601719608e-02,6.320805243356789060e-02
-1.740643066093938707e-01,-5.879534859259388790e-02,6.567776112406956135e-02
-1.680661570841555097e-01,-6.130226052517018243e-02,7.101114138719416546e-02
-1.523095645842800772e-01,-6.986284239288848008e-02,7.579738398853741455e-02
-1.380719791366120663e-01,-7.523098798927319031e-02,7.874316472377723697e-02
-1.316182479388266491e-01,-7.180492547168779160e-02,7.832445377709468248e-02
-1.328242352392132730e-01,-6.648767353225809584e-02,8.058421506460480832e-02
-1.336441246236935165e-01,-5.874382395931540546e-02,7.890805826998573136e-02
-1.380233352254038315e-01,-5.368680462028133094e-02,7.464650211018913906e-02
-1.402324695249005937e-01,-5.388667027896587580e-02,7.119256996201170362e-02
-1.459898529843803860e-01,-5.874468371579597004e-02,7.821731779309093469e-02
-1.531092098654256439e-01,-6.571617478764271714e-02,8.298506922490245241e-02
-1.620712275875132447e-01,-8.100922915920641398e-02,8.647864904574156797e-02
-1.624135963202238964e-01,-8.253310814296552222e-02,8.825686503981350350e-02
-1.561772047476553960e-01,-8.060977133467073230e-02,8.723123427305012889e-02
-1.502040382295925514e-01,-7.497706509828847010e-02,8.519935168377021362e-02
-1.428071910474662531e-01,-6.637473858624179379e-02,7.350781775759668291e-02
-1.435660357745584537e-01,-7.039404400926910221e-02,7.265186795139380593e-02
-1.461945635430526580e-01,-7.551885601319585639e-02,7.490039647640175935e-02
-1.443051109691199652e-01,-7.889473407695768437e-02,7.668730790016023424e-02
-1.422967952545465820e-01,-7.896875753450061097e-02,7.683794725799433789e-02
-1.442541334198160774e-01,-7.212891902057042004e-02,7.467677802040786905e-02
-1.460511175527983152e-01,-6.213010293636583858e-02,7.450273930866405103e-02
-1.489758370839756596e-01,-6.002500603084265363e-02,7.699283095364489737e-02
-1.514395592892208708e-01,-5.979660609275833094e-02,7.908819339387565539e-02
-1.490637908410848977e-01,-6.305149545302535241e-02,7.837569096766197618e-02
-1.447261884813900168e-01,-6.960900228195499029e-02,7.670348886416547551e-02
-1.367410794753455283e-01,-7.765518003929719471e-02,7.710385163568483913e-02
-1.324473124180756689e-01,-8.058278551542605306e-02,7.620287491961241777e-02
-1.319947356235717795e-01,-7.823919967192027869e-02,7.413190755941978516e-02
-1.353204927933773782e-01,-7.493245806873860548e-02,7.219185118229462517e-02
-1.420743693230611115e-01,-7.864842869665436553e-02,7.038242150612042392e-02
-1.450258068968015013e-01,-8.902206821965449879e-02,7.085890775352626791e-02
-1.546222229963035155e-01,-9.120136919093704830e-02,7.045139612110828953e-02
-1.600214174812287227e-01,-9.164321043714540593e-02,6.927266790521646733e-02
-1.564497724671145007e-01,-8.814889560654198819e-02,7.054084119820211440e-02
-1.553505550780415745e-01,-7.884586289051628838e-02,7.060768858899385547e-02
-1.499139844656958709e-01,-6.811817550334209326e-02,7.009404339175079324e-02
-1.450139757782937244e-01,-5.682374818600666178e-02,7.211649533165423454e-02
-1.404412143296527860e-01,-6.174679579648112426e-02,6.692068225676753301e-02
-1.415775363957062494e-01,-6.388933448235789569e-02,6.442056735072329565e-02
-1.485145167122138843e-01,-6.412240737654661960e-02,6.615414502577246503e-02
-1.587313643418409304e-01,-6.995161897331667045e-02,7.135420088469676680e-02
-1.639725759964536511e-01,-7.368888591255701170e-02,7.563370547631445562e-02
-1.649243339866720559e-01,-7.802112183419140923e-02,7.524232687588430779e-02
-1.638919581973236062e-01,-7.955582328673121983e-02,7.297963771526977395e-02
-1.585162670116634365e-01,-7.648701255612966321e-02,6.725839929086935287e-02
-1.569465097241228846e-01,-7.638960738434680264e-02,6.177728818928088228e-02
-1.581956550299196129e-01,-7.678471597246241953e-02,6.284016274039008754e-02
-1.596744710730084726e-01,-8.037076623506489437e-02,6.468000647859620256e-02
-1.607815275162421398e-01,-8.286664975363686181e-02,6.728403029154758630e-02
-1.652309349583082065e-01,-8.592312003119187414e-02,7.161989057785062007e-02
-1.666604517414170261e-01,-8.460363895275271884e-02,7.782676975799357466e-02
-1.639686473789803700e-01,-8.625767611562670800e-02,7.699956684242467708e-02
-1.590638115917507589e-01,-8.405195551526503661e-02,7.117281655489784975e-02
-1.574051528371851472e-01,-8.019422171373066788e-02,6.779526966829377277e-02
-1.599913810158928862e-01,-7.373800502505351018e-02,6.951525637669442315e-02
-1.630564973841699405e-01,-7.606054459593150630e-02,7.089404121696027405e-02
-1.628160511837596913e-01,-7.442926889977508065e-02,7.158623613480599723e-02
-1.622018105113665065e-01,-7.462232556262415883e-02,6.974967776027152233e-02
-1.615358929457343939e-01,-7.510827902105604581e-02,7.076767837917707915e-02
-1.610062534185403016e-01,-7.440310710868330846e-02,7.209531580176689602e-02
-1.574621655828550293e-01,-7.433919627250754059e-02,7.135565132082552497e-02
-1.583399132458881975e-01,-7.493095672335739477e-02,7.096980512453474055e-02
-1.566720529564080144e-01,-7.703063971392085096e-02,7.105458117318172451e-02
-1.545985642403691074e-01,-8.038807548307544404e-02,7.313699830180017680e-02
-1.540604432744914210e-01,-8.454663268937162579e-02,7.394606664377653682e-02
-1.552224846595036678e-01,-8.662073499790173825e-02,7.446600525796456815e-02
-1.570337820302206144e-01,-8.552164674350004603e-02,7.362253265559134952e-02
-1.543865710319895501e-01,-7.438582459119158496e-02,6.835711637420546771e-02
-1.571916698753361707e-01,-7.089926952216546452e-02,6.848023698394284375e-02
-1.568519971192634532e-01,-6.938365051008188455e-02,6.940081684926582839e-02
-1.552716097554525665e-01,-6.731208884203232490e-02,7.043943024956125787e-02
-1.506005275760156636e-01,-7.504642092895263961e-02,6.857542742928879331e-02
-1.528146771365002099e-01,-8.024440681485009441e-02,6.936972434462851389e-02
-1.556396154217931649e-01,-8.278460522689823353e-02,7.067590641229659632e-02
-1.563893162325002972e-01,-8.553881501497789808e-02,7.122360791640552913e-02
-1.571546830854466670e-01,-8.467469980952901931e-02,6.735867532983855210e-02
-1.598992578858083324e-01,-7.629099621840307321e-02,6.557389223928103417e-02
-1.618955336028106706e-01,-7.382310267223940459e-02,6.772506369181102714e-02
-1.612700775066266967e-01,-7.782419721584998840e-02,7.053255180497944310e-02
-1.581086205258107613e-01,-9.097574800668872808e-02,6.356793470095684073e-02
-1.538673594434010194e-01,-9.518867916155210329e-02,6.309943556492247918e-02
-1.557271849369729066e-01,-8.820572493590589369e-02,6.295941933568527382e-02
-1.586263604858366705e-01,-7.855177624170578410e-02,6.489499252089930836e-02
-1.602457594030272658e-01,-7.116995501798423218e-02,6.472530269665408009e-02
-1.594460286160542251e-01,-6.955568949168527970e-02,6.219776575683552688e-02
-1.577356570814170689e-01,-7.767450367270384293e-02,5.994784039573761159e-02
-1.570480933080878883e-01,-8.595210310867912318e-02,6.346051254579149203e-02
-1.622394708568594135e-01,-7.968477849683378023e-02,6.747821579666599123e-02
-1.610134855334129367e-01,-8.602447438030164095e-02,6.584290476547016713e-02
-1.619944677146517575e-01,-8.696660817341431149e-02,6.771084062575383200e-02
-1.599561000452878745e-01,-8.791916423741222286e-02,7.334725209019829495e-02
-1.592989995839285133e-01,-8.650315121972809718e-02,7.460482497468498564e-02
-1.616935135578280169e-01,-8.615346556161557201e-02,7.292241561888129775e-02
-1.681123940026382768e-01,-8.338312870919292741e-02,6.672940987011480307e-02
-1.682501889104652260e-01,-8.125152127464088658e-02,6.600270932997343021e-02
-1.648474865497138730e-01,-8.138019705520790903e-02,6.810881107995286898e-02
-1.632730636219310028e-01,-8.438348897275352312e-02,6.433684054402155628e-02
-1.626952569385576308e-01,-8.006049806880577435e-02,6.603461097661769696e-02
-1.644034562516855646e-01,-7.215051478640432947e-02,6.815466876498260662e-02
-1.665625520451426977e-01,-7.907638338239683651e-02,6.967764590232172761e-02
-1.724268593866660759e-01,-8.659637539016992736e-02,6.692312313761816789e-02
-1.823654613614870690e-01,-1.046852929550619038e-01,6.304109373872529565e-02
-1.864862162483737484e-01,-1.084661429274351163e-01,6.410991486187159194e-02
-1.881096955111367097e-01,-1.080419775153969031e-01,5.909003467977316792e-02
-1.754001215489675580e-01,-9.726756565926780729e-02,6.479817349857491804e-02
-1.706825686133405795e-01,-6.595475449665730294e-02,7.237263958570108735e-02
-1.807866481041963125e-01,-5.623941679296112772e-02,7.422522762046263045e-02
-1.830482319620985732e-01,-6.128489729165911837e-02,6.721220250349690950e-02
-1.784077510430257529e-01,-6.828741380905975489e-02,6.281901966951852767e-02
-1.617440690693298655e-01,-8.257979172933099798e-02,5.704756919442774410e-02
-1.662694177962173447e-01,-9.505325087068075551e-02,5.080074215483604272e-02
-1.665881195655038449e-01,-1.063134903040756363e-01,5.407739886897483528e-02
-1.673017110501005544e-01,-1.102354318481038042e-01,5.253274896974330366e-02
-1.734198827401020049e-01,-9.991771772722363165e-02,5.589982828009498750e-02
-1.784299056704452546e-01,-8.881150464233067421e-02,6.213580843231636397e-02
-1.792773345937833107e-01,-8.387144327654430520e-02,6.448216918663435271e-02
-1.774494538536485755e-01,-8.394372793634616303e-02,6.161051609862980283e-02
-1.751801767104673169e-01,-7.895776799606846197e-02,5.968526841806923167e-02
-1.743566436481022719e-01,-7.184434547472939858e-02,6.075581500251475697e-02
-1.785628712178795041e-01,-7.519678147699693227e-02,6.325210543107195882e-02
-1.851452350663415625e-01,-8.324412735638481164e-02,6.250101412015238167e-02
-1.884223113905066360e-01,-9.133552471238554071e-02,6.038615787110748756e-02
-1.847155395637768427e-01,-9.332204897015983214e-02,6.115826625495016100e-02
-1.788318724697488538e-01,-8.692503535235154843e-02,6.657092913415657565e-02
-1.791502197003952968e-01,-8.198747972665235140e-02,6.548311958948180300e-02
-1.901239176821669097e-01,-7.399405401511169322e-02,6.672512645554642963e-02
-1.917792741944786550e-01,-7.492812888542446648e-02,6.782121004509297779e-02
-1.852484707843533029e-01,-7.732860604570113150e-02,6.852807048171524751e-02
-1.825576091117452338e-01,-7.419052366771572427e-02,6.691879019295834952e-02
-1.845243437333475289e-01,-7.270386256672492498e-02,6.669014321384855726e-02
-1.768487781091480082e-01,-7.656290089130535215e-02,6.349850086193314924e-02
-1.662631356244143044e-01,-8.089658219682854812e-02,6.070446940280246895e-02
-1.668299877986659796e-01,-8.458902826472330938e-02,5.711769115976719768e-02
-1.757054140661640229e-01,-8.765926716530164642e-02,5.283254262109113308e-02
-1.744208390876033632e-01,-8.856011575160582794e-02,4.938266276136368815e-02
-1.760370163106275143e-01,-8.683771537055340328e-02,5.197228212525653590e-02
-1.844362309146754808e-01,-8.535466972472641189e-02,5.524349551955287652e-02
-1.863977323088933380e-01,-8.605234236898573474e-02,5.834472567194370907e-02
-1.795100085790530264e-01,-8.625473578798614760e-02,6.156350478351138578e-02
-1.764343922524116426e-01,-8.452319755329779083e-02,6.587464870434006636e-02
-1.786456893124893086e-01,-8.125521017979020488e-02,6.847584513203916479e-02
-1.737980574097435227e-01,-7.848621531125296591e-02,6.988096271355243028e-02
-1.670166396442302470e-01,-8.120109466573913193e-02,6.901241730285281872e-02
-1.671411765061873722e-01,-8.169197853803095155e-02,7.175626654719755027e-02
-1.750227373625629634e-01,-8.562323930436807617e-02,7.098314688154949703e-02
-1.772374763160359246e-01,-8.629854274155504545e-02,7.098108893613208625e-02
-1.746516060478609522e-01,-8.725161008747875369e-02,6.829269456837014363e-02
-1.746401878660353568e-01,-8.512018643989410771e-02,6.798515894593584741e-02
-1.794000998604069474e-01,-7.680940040517686418e-02,6.748544467455441787e-02
-1.785101877042895024e-01,-6.662813104458481517e-02,7.102294825630039998e-02
-1.750841387149475459e-01,-6.846144281124327824e-02,7.430066127964310430e-02
-1.775191460329021975e-01,-7.107770518037292984e-02,7.251702174993521210e-02
-1.771160363366310886e-01,-7.967877717405691396e-02,7.116232824630489007e-02
-1.761542779687772509e-01,-8.077126968764405945e-02,6.714477059608006670e-02
-1.777496227414901431e-01,-7.837869086684148834e-02,6.507463063021565186e-02
-1.796076191910698228e-01,-7.276157529198179486e-02,6.711964996469124700e-02
-1.801495585945234734e-01,-7.411393663091664363e-02,6.740672516371937206e-02
-1.792023981240401520e-01,-8.070139661223771355e-02,6.638116009546804475e-02
-1.800905179782890664e-01,-8.387155727472833666e-02,6.439722292911706503e-02
-1.789011714182565105e-01,-8.105514784627060321e-02,6.691134494689199297e-02
-1.788643566220628478e-01,-7.765893491130534954e-02,6.742011158646019076e-02
-1.803040591902566048e-01,-7.569103718246564250e-02,6.603327456312757526e-02
-1.796936268577247753e-01,-7.498070953339061595e-02,6.603732670547618477e-02
-1.776753913004577856e-01,-7.125921607516821910e-02,6.698590179482952212e-02
-1.766943838925015275e-01,-7.307493913049650791e-02,6.722716546430951290e-02
-1.779063721144733545e-01,-7.627007503391777798e-02,6.989175695720059589e-02
-1.806046203569992570e-01,-7.962485304855360102e-02,6.985307303056353945e-02
-1.803782939326580292e-01,-7.648199439308212000e-02,6.852963992707516994e-02
-1.772337896749263675e-01,-7.681288024528437619e-02,6.664661086922368805e-02
-1.774058136678571262e-01,-7.414215113129432599e-02,6.530043704205956701e-02
-1.771108564698850585e-01,-7.299080303197802433e-02,6.752515822840909898e-02
-1.808544730408225831e-01,-7.254429160895681239e-02,6.846909910993589921e-02
-1.841850574054499923e-01,-7.665014922921475904e-02,6.914329792073845016e-02
-1.838966748010150143e-01,-8.707469028915099107e-02,7.014985718895710987e-02
-1.798633592717302498e-01,-8.784727172593068123e-02,7.004673134336295015e-02
-1.811924408497522232e-01,-8.446443371307590930e-02,6.919152811020951033e-02
-1.830960110073714397e-01,-7.761787816169188337e-02,6.908344786695988504e-02
-1.831793346966172353e-01,-7.154069545188351809e-02,6.885600471637287612e-02
-1.840665484327328461e-01,-7.092706030619419511e-02,6.914953398778100890e-02
-1.848023630954232499e-01,-7.264927455564712533e-02,6.906470562777153321e-02
-1.845472257085540302e-01,-7.347254974338990330e-02,7.086055550647241130e-02
