-7.501267817741832933e-02,-1.910169803126519211e-02,3.663626134000885770e-02
-8.356435969047146251e-02,-1.968287978920961814e-02,5.244514485029487527e-02
-9.093806042878957441e-02,-1.234147432184941849e-02,6.617485894148486536e-02
-8.842876616321750094e-02,-1.175738603389768488e-02,6.368448271093093971e-02
-8.658691280093143428e-02,-1.160653867594487951e-02,6.164865382805297112e-02
-9.054388389300267737e-02,-1.585415992311779709e-02,5.807987972887874994e-02
-9.450433618141128311e-02,5.118432256757884935e-04,1.700493376762416201e-02
-8.645321392980186148e-02,-2.083122672914296605e-02,6.636720933809238387e-02
-8.983358143812407437e-02,-2.007194641730179752e-02,7.292215317747252623e-02
-9.468715624089382721e-02,-1.291053372122501208e-02,7.717595160405979482e-02
-9.420841162048966544e-02,-1.645378045208816670e-02,7.500445889772658359e-02
-9.313760461322330431e-02,-2.098587922493546157e-02,7.562671482950623913e-02
-1.073805281524410071e-01,4.365800003204069885e-02,2.738298991977770533e-02
-9.559396992169150176e-02,-2.283638533868734277e-02,8.067536132527169945e-02
-9.724047749106928817e-02,-2.122425692672397224e-02,8.298212213061242903e-02
-9.632020740887498045e-02,-1.957955938349968325e-02,8.151995729846875371e-02
-9.821211852040014068e-02,-2.378125103159715523e-02,8.358983296377509031e-02
-1.020419530015433535e-01,-2.744936418418278401e-02,7.942317342216881348e-02
-1.128472643077886584e-01,4.875332440104171439e-02,3.315429579445291347e-02
-9.990618103451401333e-02,-2.280982911996902798e-02,8.501931329830603179e-02
-9.935423720555194849e-02,-2.006588256703632431e-02,8.793495429686379317e-02
-9.965452935472776663e-02,-2.049946483816644793e-02,8.939676244026957541e-02
-9.860447814465309047e-02,-2.229770206648793579e-02,8.611258743401942195e-02
-9.851975111847545430e-02,-2.663810742993495684e-02,8.791549235406764806e-02
-1.134562061966694624e-01,3.801689355352252941e-02,3.879469733374636686e-02
-9.722592153509512780e-02,-2.091067292733463090e-02,9.528020400747291840e-02
-9.811285301953914795e-02,-2.005502074148375266e-02,9.629995790164358471e-02
-1.003363822640037095e-01,-2.592539250520303762e-02,9.793000668418765098e-02
-9.898109851465652920e-02,-2.358105696631940251e-02,9.623319380617820218e-02
-9.943584869856944564e-02,-1.803915906309520173e-02,9.573905345630674690e-02
-1.121985353194913937e-01,2.278073159619987617e-02,4.153999041209551629e-02
-1.001619812866287040e-01,-1.905300904633297487e-02,1.014251121607705614e-01
-9.993192502766082286e-02,-1.772966102062393037e-02,1.059085764092415061e-01
-9.785583037679373986e-02,-1.634987686078970270e-02,1.056177894686932406e-01
-1.001336853333764654e-01,-2.061508673737256353e-02,1.023359561995805661e-01
-1.024712261096520638e-01,-2.169856122607105239e-02,1.013369502852501380e-01
-1.104614187214400939e-01,8.687804575894238907e-03,4.308469111839066668e-02
-1.005110930883252179e-01,-2.260141318131498808e-02,1.086579574910061519e-01
-1.010252243158132890e-01,-1.570710378383051789e-02,1.119143018511576798e-01
-9.826844937979679895e-02,-1.654821713477788725e-02,1.084350220997677694e-01
-9.743605190917586922e-02,-2.220991461731956773e-02,1.043137786994140226e-01
-9.908956771221119619e-02,-2.007449076047343461e-02,1.049670138256516283e-01
-1.083129177382196606e-01,-2.422984499567727018e-03,5.000453370334374814e-02
-9.832893971750197859e-02,-2.616575008518520762e-02,1.141205984479453650e-01
-1.009236368377755128e-01,-2.551665061984324107e-02,1.167905170207940851e-01
-1.004740663152901559e-01,-2.149049922975329249e-02,1.177540727997087866e-01
-1.036006367315780441e-01,-1.781209593221038529e-02,1.156729799383297563e-01
-1.026115631725206812e-01,-1.770198789400881378e-02,1.162597305604078091e-01
-1.070744274151260028e-01,-9.498073356067079573e-03,5.428184372539330421e-02
-1.008225296375284963e-01,-1.555728755690046795e-02,1.202970134043372941e-01
-1.028449931905832532e-01,-2.253004787210111104e-02,1.200927854231799985e-01
-1.012864261208496625e-01,-2.184274635125264125e-02,1.228792055999010091e-01
-1.016180446955876476e-01,-2.236041446233612284e-02,1.239657455553072329e-01
-1.011523456589376313e-01,-2.310878127927437631e-02,1.217905918074231320e-01
-1.066006173035979193e-01,-1.280432606705336936e-02,5.295108854552124655e-02
-1.035163264490390200e-01,-2.431581253311949214e-02,1.195492793567860812e-01
-1.028792697447069304e-01,-2.338990447185649094e-02,1.218180944635249285e-01
-1.038689819246538804e-01,-2.260606659297627330e-02,1.237566668641486012e-01
-1.013026240110838083e-01,-2.156646265051873415e-02,1.246168841994927112e-01
-1.068587252351473199e-01,-1.098562434429731921e-02,4.963411483070327701e-02
-1.030388838888174619e-01,-1.973199863978996466e-02,1.246231755475429026e-01
-1.010077520463353168e-01,-1.945492532615124281e-02,1.260910964677575685e-01
-1.040784238919145455e-01,-2.153553768509056110e-02,1.283351456055733530e-01
-1.035371981798786090e-01,-2.079289907341348026e-02,1.276169645263003360e-01
-1.017129705491937736e-01,-2.067261811750277165e-02,1.261855913493785120e-01
-9.813316973619989891e-02,-2.409253712924851881e-02,1.248726781367646421e-01
-9.619016060436792748e-02,-2.767762423587994541e-02,1.287411726871195983e-01
-9.814997529276094090e-02,-2.394248178720671111e-02,1.294151033893112257e-01
-1.018889741774720581e-01,-1.760072392097524266e-02,1.320630974089646303e-01
-1.000828576949387705e-01,-1.838185186826404860e-02,1.323030648748371174e-01
-1.070591337746082672e-01,-1.635093407437403917e-03,5.044521613147100181e-02
-9.776953687675336846e-02,-2.603430104665051953e-02,1.308034567510866497e-01
-9.891150961059465285e-02,-2.356022308641615715e-02,1.347329042788360798e-01
-1.019165093306079461e-01,-1.947971979252481611e-02,1.353568101291260373e-01
-1.028896857289258865e-01,-1.815187112800553323e-02,1.362455307876191402e-01
-1.052088605689044248e-01,1.150367375114907248e-03,5.036804877950257220e-02
-9.710266156780125724e-02,-1.260375920755793869e-02,1.306497905005571947e-01
-9.001657293739417920e-02,-1.023664513147359498e-02,1.362244047877518016e-01
-9.934505141994100230e-02,-2.459287013812393174e-03,5.442606446538359594e-02
-9.819688664588911708e-02,-3.460954254138049607e-03,5.549484915719088418e-02
-9.818510032059836468e-02,-3.471237669508235590e-03,5.550581989803587968e-02
-1.063986590600206894e-01,-8.916880992669870207e-03,1.500737081081327806e-01
-1.009714725082147546e-01,-3.339611103082192056e-02,1.489912739288368482e-01
-9.781689081115946260e-02,-3.990239482758702050e-02,1.425171459559699538e-01
-9.780400279211046155e-02,-7.439699885419813127e-03,5.923619474862668044e-02
-9.983237551845303148e-02,-5.686959639706525710e-03,5.976243461523308986e-02
-9.933830863134282541e-02,-5.636858180541843427e-03,6.006963291279208972e-02
-9.905836979677702658e-02,-5.608525678235916703e-03,6.024362366104484001e-02
-9.890611000008392439e-02,-5.593132207334702150e-03,6.033823718239592071e-02
-9.623832036891474817e-02,-2.633396086490390198e-02,1.598414151249274440e-01
-9.832658700172469679e-02,-2.161878837533266762e-02,1.578086303227817511e-01
-1.019441242256035746e-01,-1.380790108314697458e-02,1.536234456637612933e-01
-1.031770081008280826e-01,-1.465563506151443263e-02,1.521722010232298139e-01
-9.686211272564873576e-02,-2.171229219960322393e-02,1.584731419836239164e-01
-1.038480161053806639e-01,-3.651746086100606664e-03,6.029096693055063794e-02
-1.012516754623509208e-01,-2.928391331351061500e-02,1.585102247916863882e-01
-9.994520123828952440e-02,-3.396290981670093551e-02,1.565773014963595389e-01
-1.013872081361167771e-01,-3.300100010265381856e-02,1.562959628401953405e-01
-1.022074586375475852e-01,-2.731223598217616053e-02,1.536852452978001715e-01
-1.032167649143419380e-01,-2.458583021162799587e-02,1.583593381300693048e-01
-1.032929123539552130e-01,-8.680120616984466492e-03,5.986570425420170705e-02
-1.075760669637381289e-01,-1.787224803866378081e-02,1.596379254427497951e-01
-1.036463581221658825e-01,-1.608423365285636605e-02,1.578511274478952287e-01
-1.020172236876824290e-01,-2.373433656456166302e-02,1.613068381709939214e-01
-9.931462451992559282e-02,-2.737773220224265502e-02,1.607596443239718842e-01
-1.004315591674041358e-01,-3.044311941170370003e-02,1.586827715697055885e-01
-1.002647098840685758e-01,-1.301224399466827802e-02,7.000374667003012030e-02
-9.889028463116406042e-02,-1.538670536886569025e-02,7.221733942456916300e-02
-9.886672667079098031e-02,-1.542740666218475089e-02,7.225527156184050059e-02
-9.163639244257748562e-02,-3.574115764713878263e-02,1.711562877898503421e-01
-9.805349566123272576e-02,-1.651763594894537293e-02,7.726242861027685094e-02
-9.444348152186443635e-02,-2.066992984025251348e-02,8.129995770940807998e-02
-9.506785213435016424e-02,-2.065190655156445843e-02,8.486507170513965526e-02
-9.715072082928646879e-02,-1.922698069479831379e-02,8.848981851139214871e-02
-9.560043480451836662e-02,-2.082631388695737121e-02,9.046817139658272500e-02
-9.376642382338651327e-02,-2.271656458895602790e-02,9.280431548714804246e-02
-9.349971122254008282e-02,-2.299129420932138901e-02,9.314366618977128198e-02
-9.535170220541233643e-02,-2.089947593250495242e-02,9.530601286624407198e-02
-9.586048219003923121e-02,-2.032466834342570167e-02,9.589965043517990895e-02
-9.602474381877709741e-02,-2.013907647795550732e-02,9.609127163057010201e-02
-9.610407685280611401e-02,-2.339216172610642658e-02,9.914580930493635536e-02
-1.055015006758767970e-01,-3.629684041249921916e-02,1.889591856573122064e-01
-9.302724043555719857e-02,-2.255493967609943293e-02,1.030755465603497290e-01
-1.025275562311263322e-01,-2.202113348428449274e-02,1.056838716075239049e-01
-1.028641692864099844e-01,-2.200222102859777928e-02,1.057761959119160045e-01
-1.003938411152570931e-01,-2.105388545370173725e-02,1.067615965793707739e-01
-9.581046795221652423e-02,-2.077000724028394210e-02,1.073543233391223289e-01
-9.462961581445912540e-02,-2.069690161182539609e-02,1.075067032300127123e-01
-9.454518225291808076e-02,-2.069167491512959034e-02,1.075175935731442628e-01
-9.937047275732263651e-02,-2.073230312728252187e-02,1.073941557522754275e-01
-9.991783858498792803e-02,-2.073692389023722854e-02,1.073800225694951926e-01
-9.994995779843975081e-02,-2.073719511349913017e-02,1.073791924122990543e-01
-1.105339030933588651e-01,-3.762183058521511442e-02,2.004394994237757577e-01
-1.186772851064376300e-01,-3.952602452514180492e-02,1.915099525913367684e-01
-1.096912231825117046e-01,-4.972728883646031911e-02,1.966213598830230946e-01
-1.141191661471480240e-01,-4.254753825637619391e-02,1.884202339016333716e-01
-1.042603787965298984e-01,-1.943835767766030620e-02,1.051110126859552407e-01
-1.085461502244111087e-01,-3.689831742457122532e-02,1.980496655512439808e-01
-1.181650899697962165e-01,-3.312121947067315358e-02,1.979674441672302221e-01
-1.212530886253843920e-01,-2.562132315236434477e-02,1.910852443414542967e-01
-1.147363568902518560e-01,-2.893121245234769184e-02,1.893542984099821358e-01
-1.018839798399828189e-01,-4.302127075353434638e-03,1.016727448482260127e-01
-1.094612002495189418e-01,-2.661838852863133986e-02,1.896351494747580690e-01
-1.048230438030050005e-01,-2.832509867604739162e-02,1.929345850103768023e-01
-1.007018095280966113e-01,-2.441975053689749570e-03,9.899502036893349788e-02
-1.008433888026747660e-01,-2.307490679299036007e-04,9.681340924375714252e-02
-1.019183451207176794e-01,8.955202019514177381e-04,9.382672603961664248e-02
-1.029164662771521466e-01,9.800639354678661319e-05,9.068678728881225670e-02
-1.035970109711259191e-01,-5.070018601162698535e-04,8.854141999906409155e-02
-1.036401821798127315e-01,-5.475525789552758427e-04,8.839974789361383645e-02
-9.708056371888920677e-02,-4.028296581973442314e-03,9.438643096792251330e-02
-8.152299325872656988e-02,-8.924669515558227711e-03,1.108172102738465697e-01
-7.732052629047388159e-02,-1.025222533937963920e-02,1.152420413090247953e-01
-4.878631604639623032e-02,-1.539338261860819304e-02,1.518170456801960500e-01
-1.562809203402300284e-02,-1.705468699424503298e-02,1.931045417970793654e-01
2.331038616989405954e-02,-1.383101027257764917e-02,2.416427745339700395e-01
2.469590140975956583e-02,-1.371617667260663538e-02,2.433696899069727193e-01
7.162188572165573142e-02,-9.757241361815483655e-03,2.981111635664156490e-01
1.196113762113854284e-01,-9.776108942340759611e-04,3.584243827456837228e-01
1.656808698469899033e-01,8.810831322812941180e-03,4.135770985012304779e-01
1.996563161752462900e-01,1.436002802590356092e-02,4.525597089432598641e-01
2.544644241033319765e-01,2.214474664144538280e-02,5.076544776761260369e-01
2.690392239773113925e-01,2.410960788105734678e-02,5.211938999443325171e-01
2.933045724116545294e-01,2.598506824564549358e-02,5.415938585841578723e-01
3.161427773139520725e-01,2.775055695795080810e-02,5.607828942672743455e-01
3.617113609646960826e-01,2.072919778254167858e-02,5.904411500180766215e-01
4.069002925031712792e-01,1.668044395222599563e-02,6.115386841255473493e-01
4.158346990065339144e-01,1.588063914697128431e-02,6.157078785334370030e-01
4.487736107759582316e-01,1.122080452913108012e-02,6.297564410230450660e-01
4.671953084607267659e-01,8.616759319089395408e-03,6.376115629430650911e-01
4.765500323997181598e-01,7.294961758699897159e-03,6.415999765672256716e-01
5.518087676866741953e-01,-2.401358732558447201e-03,6.693179222003006190e-01
6.266521137300368194e-01,-1.032408201697862168e-02,6.933349387204028602e-01
6.298847293532093827e-01,-1.066503669976013452e-02,6.943722518625545792e-01
6.995691851311984788e-01,-1.366840338725078263e-02,7.105852532943608413e-01
7.033933091877579979e-01,-1.382982377610769524e-02,7.114676177495974363e-01
7.742452793041505466e-01,-1.170259956806956290e-02,7.229893898592150148e-01
8.457717665055761724e-01,5.716741408410067060e-03,7.334555061757994654e-01
9.207979054135982944e-01,3.719958869322367856e-02,7.397854149453463313e-01
9.974504120981745325e-01,8.432492634899790840e-02,7.390745401627977218e-01
1.062343123427689218e+00,1.329348499127870620e-01,7.396445403676521479e-01
1.077751600951162958e+00,1.444771927732808603e-01,7.397782091185878262e-01
1.114323810192002107e+00,1.744692836736694008e-01,7.463029845930181372e-01
1.143053996939933370e+00,1.980221143768466641e-01,7.514218874988881636e-01
1.149147359616999431e+00,2.030164827849353648e-01,7.525067928983362187e-01
1.198214044269233280e+00,2.496186651410211843e-01,7.703535260389089423e-01
1.204232044074449837e+00,2.553347399049727406e-01,7.725423718155410846e-01
1.208954324979031991e+00,2.598201552554869065e-01,7.742599360191625424e-01
1.256344005983135004e+00,3.095866745453373925e-01,7.949164568508977347e-01
1.287420401655297253e+00,3.532934964403522393e-01,8.056982888247390395e-01
1.293780227099734059e+00,3.622206080646941384e-01,8.078950046035471289e-01
1.320047648302281162e+00,4.311056077804694686e-01,8.090234835310445849e-01
1.338960627228280575e+00,4.974177701214889114e-01,8.039679442983972413e-01
1.342577548068680127e+00,5.099644383550120397e-01,8.029713436717984543e-01
1.343478458816839582e+00,5.132068814482948493e-01,8.027943714406832187e-01
1.354196902074958020e+00,5.517605019916850262e-01,8.006839116840033244e-01
1.363782742534706216e+00,5.862048415167782078e-01,7.987885782543014956e-01
1.374689912913065637e+00,6.298919654191383888e-01,8.017663194729609533e-01
1.390953017917248236e+00,6.912442827191539463e-01,8.085498584497908814e-01
1.401441082407586469e+00,7.280245036819203985e-01,8.146569291812787439e-01
1.404238221182312785e+00,7.378308992010468303e-01,8.162859911474487085e-01
1.420259212080658973e+00,7.766630268742004128e-01,8.258166749110492644e-01
1.425926791230032409e+00,7.903541604850516933e-01,8.291801839551766751e-01
1.432331350597355168e+00,8.057968646436579618e-01,8.329758231701642757e-01
1.446693194796176973e+00,8.401431871922750982e-01,8.379608232446512650e-01
1.468939191329094562e+00,8.921213110479760955e-01,8.437310525448256104e-01
1.476133197655664198e+00,9.080042422463143748e-01,8.441084149587267937e-01
1.518561577398601870e+00,9.990161724208990179e-01,8.474955757946585067e-01
1.539386499374906236e+00,1.042332591491198501e+00,8.497810337648002976e-01
1.584603532399153858e+00,1.129051694094664438e+00,8.636926025556270758e-01
1.620058173512039623e+00,1.216017145047115999e+00,8.803045079932306782e-01
1.641442611744435398e+00,1.291376815177504689e+00,8.962910049632794030e-01
1.645900548386192597e+00,1.307067669372626195e+00,8.996182956576239675e-01
1.657437802265560256e+00,1.368356757084965514e+00,9.086951464881691809e-01
1.662937739798830750e+00,1.397569574525078684e+00,9.130168298484206968e-01
1.664089496271281554e+00,1.403686745821836279e+00,9.139214082771083270e-01
1.675096909511310628e+00,1.503136832044590587e+00,9.215211793733145695e-01
1.677682703439266509e+00,1.604972547383563430e+00,9.201946104641395285e-01
1.677756786326831007e+00,1.694662634483520280e+00,9.218432459890192332e-01
1.677772014293061664e+00,1.710084864842933206e+00,9.221258115133600386e-01
1.675416106482102485e+00,1.815168265596379671e+00,9.310509312377136526e-01
1.671053162400727654e+00,1.919511730308502973e+00,9.444306354463154474e-01
1.668322943214329834e+00,2.015403286290410101e+00,9.594075942680185820e-01
1.668262257309591767e+00,2.017542691730042748e+00,9.597416669517374599e-01
1.616947275732681710e+00,2.109234223822493703e+00,1.005440397846149025e+00
1.667156102419635744e+00,2.207663415520801475e+00,9.699355587759097563e-01
1.673362551487161509e+00,2.284079842376400826e+00,9.654848954426221708e-01
1.674886148234292271e+00,2.302828435576732780e+00,9.643915506967650764e-01
1.683164111025512222e+00,2.354474002263707177e+00,9.631225896092084904e-01
1.691190171383218921e+00,2.404500200327910342e+00,9.618853958117747904e-01
1.711785634672867484e+00,2.508739917389788854e+00,9.638507574957004831e-01
1.730927357129869115e+00,2.606739221941395179e+00,9.709268641687958112e-01
1.732475806439970567e+00,2.614664617079776487e+00,9.714991163575881217e-01
1.747426108963807678e+00,2.696360467446342390e+00,9.759775391807187228e-01
1.750400515920541800e+00,2.712610406078695746e+00,9.768681675514110374e-01
1.771836183204106741e+00,2.812563613071579205e+00,9.779358335927912371e-01
1.789222560998688483e+00,2.895405026420096561e+00,9.688292474714925717e-01
1.792370979486902494e+00,2.910383515237616514e+00,9.671813489303054956e-01
1.813609600641880482e+00,3.014104387933878026e+00,9.491321716190902480e-01
1.838027041626510538e+00,3.123139753507262029e+00,9.360558870540417464e-01
1.866046170437164475e+00,3.231427003292184796e+00,9.327149621877077745e-01
1.835642387765895833e+00,3.318959218101147357e+00,9.348110731650253191e-01
1.878822737175376734e+00,3.423512259031881388e+00,9.241218911786218682e-01
1.920733361576804077e+00,3.516281694143822634e+00,9.158863678336970349e-01
1.992341751469010713e+00,3.622617612531373155e+00,9.055325088556357427e-01
2.010006222355692262e+00,3.685232526859123059e+00,8.966488313837559510e-01
2.049205933701008675e+00,3.833758306117244885e+00,8.838276865064772503e-01
2.076472961819777474e+00,3.945062475413308789e+00,8.863755718705428333e-01
2.092872484870673677e+00,4.047276569453846840e+00,8.935633204139125096e-01
2.048398607487146972e+00,4.189649944071700105e+00,9.212061802275092193e-01
2.105048241376147544e+00,4.255942535134844995e+00,8.960119804839413726e-01
2.102462226114337085e+00,4.363042272680169198e+00,8.883305919674874263e-01
2.101349832634709092e+00,4.404430723788172131e+00,8.867131404652806026e-01
2.100722083738381318e+00,4.427795146005849780e+00,8.858000537539200137e-01
2.100091358356672266e+00,4.451276153783826572e+00,8.848824036502995760e-01
2.099345417347699971e+00,4.479053987242858526e+00,8.837968223062125928e-01
2.098978911344938414e+00,4.485809108903683118e+00,8.839068693286769030e-01
2.097203299287210942e+00,4.518618500618063472e+00,8.844393242208066219e-01
2.093678113431598042e+00,4.584169659064126101e+00,8.854928605865279856e-01
2.093509675446882490e+00,4.587315757806655014e+00,8.855430754906904456e-01
2.093592156604641374e+00,4.595109217259291334e+00,8.865954424731652406e-01
2.094554692611429569e+00,4.682137622904264163e+00,8.983585947619010526e-01
2.094711674797164580e+00,4.695710552639776658e+00,9.001949987980981671e-01
2.093188159255360059e+00,4.795907899844818800e+00,9.146738815719320792e-01
2.093171148029574713e+00,4.797037285362536707e+00,9.148370575610380584e-01
2.091779703761237119e+00,4.898921044370971423e+00,9.198762155443889199e-01
2.091772406011113805e+00,4.899462513754786919e+00,9.199029986521609636e-01
2.090265350214805640e+00,5.001024975645182558e+00,9.155735786020119393e-01
2.090854294532750401e+00,5.113003955475735829e+00,9.142983839091710641e-01
2.091279814215019073e+00,5.218241348678434477e+00,9.204759880037186592e-01
2.090941644840686120e+00,5.317627607643029108e+00,9.331752587598957094e-01
2.090918885947068429e+00,5.324834244105585590e+00,9.340958183376411039e-01
2.083929261573854941e+00,5.409167353597235106e+00,9.433996113084650581e-01
2.083095123036488694e+00,5.419288159060263510e+00,9.445151091628619655e-01
2.082119421857163921e+00,5.429449451074047417e+00,9.453603698493583396e-01
2.077438843724352058e+00,5.470657891628449399e+00,9.473527235204951547e-01
2.075103245808024077e+00,5.491255142333359096e+00,9.483519511279429048e-01
2.070341857046026579e+00,5.532268641952191146e+00,9.499870175129143668e-01
2.060891435554706330e+00,5.601231572773308187e+00,9.482428368890181147e-01
2.058200261756612193e+00,5.620923456494892001e+00,9.477429019116868636e-01
2.054308582973489727e+00,5.641301724337789203e+00,9.461217163937803987e-01
2.047899958192902936e+00,5.672166726659852110e+00,9.431464573579344535e-01
2.041489508482037696e+00,5.703077425067067274e+00,9.401636233144140542e-01
2.035041615127486825e+00,5.734183183773433612e+00,9.373979488178346697e-01
2.021744234818882546e+00,5.798182739670943775e+00,9.336490334942889602e-01
2.015090129938748920e+00,5.830212550622327683e+00,9.317732404787940625e-01
2.008441053416431199e+00,5.861141776132391179e+00,9.313065727845565300e-01
2.006224495645956285e+00,5.871406030841818335e+00,9.312154998586431587e-01
1.999597876284008757e+00,5.902101979300040213e+00,9.309430040213165780e-01
1.992962623414552992e+00,5.932852849181215582e+00,9.306698411428385720e-01
1.988551342680916045e+00,5.964440076226996013e+00,9.325983810888394121e-01
1.984423918670046083e+00,5.996136162009308990e+00,9.348054469231869001e-01
1.980297443256681555e+00,6.027847448187710455e+00,9.370129206462419758e-01
1.978917254251069124e+00,6.038459005009712222e+00,9.377514553912963402e-01
1.966616548567000411e+00,6.116818915099546672e+00,9.409188690913042885e-01
1.963556317468703849e+00,6.136299938543428034e+00,9.416892680846231656e-01
1.957905629162515870e+00,6.166418360429912759e+00,9.398998068663112493e-01
1.954115615844844056e+00,6.186491307289141872e+00,9.386227501152226704e-01
1.952217191375176242e+00,6.196550097537113722e+00,9.379832023544254493e-01
1.948426392355185888e+00,6.216644055253556012e+00,9.367064073506770061e-01
1.946529888889895865e+00,6.226701109044090465e+00,9.360677685577598606e-01
1.942882041408723559e+00,6.246993594631936375e+00,9.343359589348846361e-01
1.939386157356813190e+00,6.267449166903634961e+00,9.321461512144791905e-01
1.923075631816632880e+00,6.372316778255500580e+00,9.238601468370359893e-01
1.913786084324233139e+00,6.447275951193912391e+00,9.222885548590311622e-01
1.896695244384303924e+00,6.553706201932685715e+00,9.263995102399961157e-01
1.883396778150222550e+00,6.620202936487736167e+00,9.333128414340052803e-01
1.875540844723251777e+00,6.659580847730820707e+00,9.374075925249054642e-01
1.847155002647890676e+00,6.759496364850708261e+00,9.473900156369724490e-01
1.812785658166407021e+00,6.853570991857586669e+00,9.499861234583015790e-01
1.777812683486065914e+00,6.930429819717497608e+00,9.452978226433762510e-01
1.773674987918623325e+00,6.939536142171752964e+00,9.447417897484371441e-01
1.771732693035266593e+00,6.943811738480189177e+00,9.444806830094490957e-01
1.721889421465007342e+00,7.030209531036184067e+00,9.339048023994110936e-01
1.707129881843955310e+00,7.052518327681871035e+00,9.323926528413779558e-01
1.695890569726060448e+00,7.069534651241617951e+00,9.312409673376150776e-01
1.690283168290810822e+00,7.078033451133252996e+00,9.306663081564660045e-01
1.665068539241148171e+00,7.116325839246353091e+00,9.280815495599870069e-01
1.610211384901638620e+00,7.196499554421531997e+00,9.319415037019778136e-01
1.554507598494890175e+00,7.270722375053864539e+00,9.357172452890634151e-01
1.502376902128646607e+00,7.330256320249314506e+00,9.365145906334775283e-01
1.496470537645669285e+00,7.337019350298028542e+00,9.366100745377222703e-01
1.496217733041538045e+00,7.337308903572953511e+00,9.366141850052835949e-01
1.490612199899747026e+00,7.343162762098076612e+00,9.363215851801538481e-01
1.461351469911482903e+00,7.373783071181748028e+00,9.347999511198269440e-01
1.436973445559572848e+00,7.399375462159193617e+00,9.335395074314498665e-01
1.408570761265669491e+00,7.426795597610430733e+00,9.296645652227812917e-01
1.379786471835157569e+00,7.454733004790172757e+00,9.257129958577439144e-01
1.318211322462054635e+00,7.513853225903520894e+00,9.168457614602887329e-01
1.317876355315287462e+00,7.514175917313961506e+00,9.167972792576475349e-01
1.286572729072305465e+00,7.544350095744823292e+00,9.155819177775889051e-01
1.195884005306977027e+00,7.629368010150075818e+00,9.184887950999524042e-01
1.191330052999022060e+00,7.633581967616818176e+00,9.188000786397299002e-01
1.124369771907478555e+00,7.684175681840091698e+00,9.262891074609082009e-01
9.886849416435302684e-01,7.754806738164121249e+00,9.343945538480075141e-01
9.837219005560003948e-01,7.762766785069143971e+00,9.221089814493890202e-01
9.162090903283377497e-01,7.789343158187723937e+00,9.096027705222072823e-01
9.050630594846674759e-01,7.793743137913788033e+00,9.075394252847371890e-01
8.547889880583561251e-01,7.810685932552228650e+00,9.023930462354941007e-01
8.157863354351058138e-01,7.823838227371457954e+00,8.984034758418130151e-01
7.740018862874581407e-01,7.834960775446938364e+00,8.974062932918168700e-01
7.266875392921802179e-01,7.847581039847538520e+00,8.962673413503741138e-01
6.326480282849484826e-01,7.869380492695347229e+00,8.993031079165548780e-01
5.435203884642053618e-01,7.888102249025044976e+00,9.065029457975859462e-01
4.664508335805480077e-01,7.896357633584894842e+00,9.107812942922177690e-01
4.580598114928257081e-01,7.897269689065108622e+00,9.112487054867343117e-01
4.132335037702811187e-01,7.897931563267702515e+00,9.106939501882999055e-01
3.954160702546847816e-01,7.898215813713828304e+00,9.104727999658854820e-01
3.696798488850916442e-01,7.898647768569036387e+00,9.101527856318404330e-01
2.852977959772041161e-01,7.896997723935301750e+00,9.063884004039923781e-01
2.780696339093149949e-01,7.896868145264040351e+00,9.060623024297143058e-01
2.278891770174790998e-01,7.897286688501667484e+00,9.073713947594034268e-01
2.182835655754661319e-01,7.897377468134689771e+00,9.076174203773319515e-01
1.824525254003901975e-01,7.897746462538447254e+00,9.085221311994468030e-01
9.672139116217541577e-02,7.899045796916489337e+00,9.157794915372096112e-01
8.634981636898739210e-02,7.899221846836078420e+00,9.166566561669177160e-01
7.985182808023322254e-02,7.899334222196037203e+00,9.172061251076925048e-01
-2.064222192484403695e-02,7.895802113648065834e+00,9.291407916180240978e-01
-2.700765003522500804e-02,7.895584256724053951e+00,9.298958095130144264e-01
-1.205544719256373409e-01,7.887885437135236266e+00,9.424443682500177610e-01
-1.252445497189304535e-01,7.887508038306818570e+00,9.430742888665836210e-01
-2.139569807758429643e-01,7.870759469114244844e+00,9.440875382641075175e-01
-2.177481848919942398e-01,7.870052803753308623e+00,9.441324823604889671e-01
-3.081497381649193623e-01,7.846692031522267463e+00,9.350664340149617004e-01
-3.562278469612789045e-01,7.831991180849176892e+00,9.282162149371990800e-01
-4.071721484047032269e-01,7.816328706043709218e+00,9.208209422092581420e-01
-5.009616130580155646e-01,7.782615142402134367e+00,9.081020793807210723e-01
-5.029577906325648495e-01,7.781899428406541475e+00,9.078313751166549039e-01
-5.483009935981610905e-01,7.763917671593841163e+00,9.037126523133421907e-01
-5.956128488766505580e-01,7.745192021572087526e+00,8.994168001282996094e-01
-5.975196118666092904e-01,7.744438129343805599e+00,8.992437037594653848e-01
-5.699721213889651361e-01,7.683907620106467107e+00,7.849576133748417117e-01
-6.503360713798970183e-01,7.647207012280078153e+00,8.219966140281813605e-01
-8.336082831509709079e-01,7.625373745716008678e+00,8.525978609526033702e-01
-8.687670344503943820e-01,7.602787013525029280e+00,8.340804752339120443e-01
-9.016189654296445921e-01,7.581781625056194684e+00,8.167936723159910928e-01
-9.660100352706747495e-01,7.538270908997245279e+00,7.772619888852827508e-01
-9.707879674843018503e-01,7.535059584972357172e+00,7.743316212011593924e-01
-9.497617708178570650e-01,7.493963541382216320e+00,7.088200423259739535e-01
-1.110035184333208580e+00,7.429770740660799788e+00,6.934840096381043040e-01
-1.171707230602999195e+00,7.370593886121299398e+00,6.559016708704908938e-01
-1.214035824126600493e+00,7.320080581572140588e+00,6.188205946080647113e-01
-1.220830996968450322e+00,7.312048475824128424e+00,6.129086897557360913e-01
-1.245552341529647444e+00,7.275422434813130224e+00,5.855586347759933474e-01
-1.263197337089778216e+00,7.249366054772440116e+00,5.661108893490105487e-01
-1.265226816546492161e+00,7.246373681872579020e+00,5.638780013960481563e-01
-1.303496339790175984e+00,7.179316934629174973e+00,5.148083049580277626e-01
-1.306252549911360639e+00,7.173655869695725329e+00,5.115332372142600281e-01
-1.317759869479218970e+00,7.150049614995535485e+00,4.978749927245954554e-01
-1.325413200581578410e+00,7.134375334222608167e+00,4.888048140662464847e-01
-1.341624060835501675e+00,7.101242968631299668e+00,4.696289890023032099e-01
-1.374598543183378263e+00,7.021528415140728896e+00,4.373748900357473657e-01
-1.375175716723603392e+00,7.020136895007714983e+00,4.368115849742187917e-01
-1.403130378228999220e+00,6.938796815849751276e+00,4.136663430269879593e-01
-1.403374729424766487e+00,6.938088915366218856e+00,4.134645678343372710e-01
-1.419543852932228623e+00,6.889348461847245808e+00,4.043519270650522413e-01
-1.430496515062451568e+00,6.856377838651242840e+00,3.981896670550838513e-01
-1.430503067101084991e+00,6.856358126078136550e+00,3.981859832170173141e-01
-1.438436862704487229e+00,6.825398952373981309e+00,3.928258327238189906e-01
-1.450185938545873965e+00,6.779725196381784613e+00,3.849156197979295424e-01
-1.459805528564419808e+00,6.738759424675827781e+00,3.776270526175989906e-01
-1.467352084941366153e+00,6.706775631750900857e+00,3.719339974207450661e-01
-1.471009743271076697e+00,6.690347875494845553e+00,3.689237059668896701e-01
-1.486564987007870320e+00,6.618344639042200939e+00,3.554515186460778242e-01
-1.502835181643023876e+00,6.561712638455961866e+00,3.527976521406209209e-01
-1.507989094121806151e+00,6.543865069905161924e+00,3.519533531908083934e-01
-1.512160750807956866e+00,6.529450938660552595e+00,3.512685620842599388e-01
-1.538595513993703978e+00,6.441389814321828666e+00,3.596667570664874303e-01
-1.560223384850421224e+00,6.355818159010429902e+00,3.750037922873808993e-01
-1.561301679582864033e+00,6.351564316238871299e+00,3.757655333154334976e-01
-1.572426819602727344e+00,6.266922336950661254e+00,3.918635163074719041e-01
-1.580814991872374176e+00,6.178765523091956702e+00,4.042656415426184036e-01
-1.588348805749833392e+00,6.091664422823173553e+00,4.084237456899867946e-01
-1.588587530209403686e+00,6.088910727755932228e+00,4.085551582830781459e-01
-1.595254119892282496e+00,6.016908737535863416e+00,4.101153006398909340e-01
-1.596124081886497681e+00,6.007564299619855497e+00,4.103150413844413036e-01
-1.596998422181104660e+00,5.998184652968725494e+00,4.105148824970835109e-01
-1.600156104277700164e+00,5.967465749148787246e+00,4.129626169726269835e-01
-1.607666256796136395e+00,5.895335192219340215e+00,4.190006454705799688e-01
-1.607879955133802996e+00,5.893292187299923768e+00,4.191715081880377225e-01
-1.618394760896336493e+00,5.798831411837705119e+00,4.369631849264063450e-01
-1.618487158711431784e+00,5.798004241108456469e+00,4.371189776441447572e-01
-1.626963595266064377e+00,5.754297300125679193e+00,4.502953804518248226e-01
-1.628685836111064988e+00,5.745422727437376587e+00,4.529709337030157768e-01
-1.635581017177444973e+00,5.709911944386075078e+00,4.636773027790684343e-01
-1.635613506465442901e+00,5.709744695651806978e+00,4.637277290881210434e-01
-1.658116715210721015e+00,5.623295617575083227e+00,4.930669162255613691e-01
-1.671003874752643226e+00,5.581434153488428862e+00,5.060364887883721519e-01
-1.676067164605860915e+00,5.564998352646412627e+00,5.111278996908058536e-01
-1.683121334575192973e+00,5.542110620911660845e+00,5.182172322393117092e-01
-1.707933110169407076e+00,5.473559521219354629e+00,5.318135048316209312e-01
-1.712978104566682536e+00,5.459621889740725820e+00,5.345775407927436662e-01
-1.735485299441832607e+00,5.411919734280510319e+00,5.443670619507658959e-01
-1.752439032558548382e+00,5.376017750754981783e+00,5.517291439356762917e-01
-1.755041357347994158e+00,5.370509234623879635e+00,5.528582766648866276e-01
-1.803213908642644192e+00,5.287724041936063379e+00,5.784172526644234535e-01
-1.805623860451686102e+00,5.282895425032904768e+00,5.801228216218721201e-01
-1.815093097399934852e+00,5.263926015549836634e+00,5.868218301739619447e-01
-1.850322390180710208e+00,5.193397914035640994e+00,6.117086762473751271e-01
-1.870788976187659047e+00,5.142274403975077846e+00,6.310452321855238855e-01
-1.881807120878432826e+00,5.114760652975951949e+00,6.414528731076707402e-01
-1.885491394702903056e+00,5.105561858499401140e+00,6.449326682330284166e-01
-1.886637903513517900e+00,5.102699421281102765e+00,6.460155108564706872e-01
-1.914992486276504868e+00,5.016339354235361370e+00,6.736061732418204828e-01
-1.915684785401550849e+00,5.014231772128376008e+00,6.742797372980473547e-01
-1.929820864172718364e+00,4.960204568032710704e+00,6.850044808138797681e-01
-1.939956681288145912e+00,4.921514855081503548e+00,6.926878260022206746e-01
-1.958669571206346660e+00,4.825820568376078867e+00,7.036675679056436650e-01
-1.970698091589399903e+00,4.727846431512748637e+00,7.143889392452619225e-01
-1.980635682944855036e+00,4.629390082983060317e+00,7.310933942284433273e-01
-1.986375638119220133e+00,4.552255228143681443e+00,7.482152098582212085e-01
-1.987773077971329183e+00,4.533556653098576028e+00,7.523633456375544704e-01
-1.991388874554514965e+00,4.478205146922515922e+00,7.626695338546166658e-01
-1.993749527648394304e+00,4.442725541648378851e+00,7.692652461603115555e-01
-1.995676172738357401e+00,4.395082470336244107e+00,7.746301874622477657e-01
-2.004949957144776196e+00,4.257512532523721305e+00,7.826334745916710967e-01
-2.014958239433368270e+00,4.174306009642716475e+00,7.841983134444113768e-01
-2.016916397180147147e+00,4.158084196962229306e+00,7.844978470244008406e-01
-2.022626037212420069e+00,4.124908294806897580e+00,7.861787529006319941e-01
-2.033694072438349654e+00,4.060924717895781022e+00,7.893624997205520577e-01
-2.042737532123283017e+00,4.008448004331528480e+00,7.941026467004822509e-01
-2.046049099023798057e+00,3.989251266941639784e+00,7.958323943433255332e-01
-2.050089599537803675e+00,3.965842859991298486e+00,7.979385241505934090e-01
-2.060935007116796669e+00,3.878165021303686455e+00,8.070565907428635111e-01
-2.065941171024385792e+00,3.802906804557453668e+00,8.123732072914656710e-01
-2.066721890079346036e+00,3.791205059650979425e+00,8.131980446939659490e-01
-2.069090169404473656e+00,3.704217772784562435e+00,8.090716318490080994e-01
-2.070161164132453990e+00,3.640576599182705486e+00,8.004850128242886331e-01
-2.070497259158464054e+00,3.621572365897619328e+00,7.979192803473782458e-01
-2.070668169103376588e+00,3.612068307926996624e+00,7.966358767808852104e-01
-2.070701708615304337e+00,3.610215464779856109e+00,7.963856524077105314e-01
-2.075087700926217860e+00,3.509953018689273119e+00,7.816442331410481392e-01
-2.076110874799313333e+00,3.422928548638490387e+00,7.734474027156884590e-01
-2.076229816773438319e+00,3.413161865351430624e+00,7.725280199695628847e-01
-2.080586264709146427e+00,3.315908718540979461e+00,7.711945089839297163e-01
-2.088801474683822157e+00,3.225247953980652671e+00,7.655900804989141939e-01
-2.099504292736846356e+00,3.129342898979563525e+00,7.536311187323143646e-01
-2.113800793800961308e+00,3.036167419562042280e+00,7.326203893650796717e-01
-2.131920145713767312e+00,2.941022570117824753e+00,7.134799630075583377e-01
-2.132928706311401967e+00,2.935744305450764369e+00,7.124191230855222434e-01
-2.142915473278637073e+00,2.879101018649082189e+00,7.072878003234327471e-01
-2.150924078132831152e+00,2.833867684604619797e+00,7.032037874228236340e-01
-2.152105679843180130e+00,2.827172264486078834e+00,7.035557558174603265e-01
-2.155920702781173759e+00,2.805604074630771105e+00,7.046870903680634290e-01
-2.165526632576175281e+00,2.751626950072229238e+00,7.075023355584503237e-01
-2.170080211197130016e+00,2.726202809363353907e+00,7.088207075243934119e-01
-2.185521105585000790e+00,2.630710205518208333e+00,7.160198427878485816e-01
-2.186275018049515850e+00,2.624148381079426606e+00,7.164015295220401702e-01
-2.191370118885130669e+00,2.580253640103611357e+00,7.189596820622456974e-01
-2.195790260028702257e+00,2.542790344115774204e+00,7.211509181901243348e-01
-2.205988086064209597e+00,2.454202852733081031e+00,7.247225830521950574e-01
-2.214650772909006360e+00,2.366212328966706746e+00,7.255856117075318856e-01
-2.214787319485316708e+00,2.364864219808408663e+00,7.255987538183842345e-01
-2.225587083070348360e+00,2.275077970187804333e+00,7.295500953123378318e-01
-2.225696623214973968e+00,2.274192696591358143e+00,7.295876808056415141e-01
-2.236841521222651785e+00,2.187329181455396121e+00,7.389122915567138961e-01
-2.249447089620959073e+00,2.138355078721785318e+00,7.474073547066651946e-01
-2.257492724839741616e+00,2.107397994323435331e+00,7.527258240199083961e-01
-2.281147548530125579e+00,2.038477435392240800e+00,7.604844169428317535e-01
-2.281813975045814846e+00,2.036725237235086805e+00,7.604601803446235930e-01
-2.294205240034278503e+00,2.004193629293342660e+00,7.599851160504208503e-01
-2.305671972889686838e+00,1.974169576524466230e+00,7.595047419305231973e-01
-2.332382157338718898e+00,1.908682210889808717e+00,7.523117851228366959e-01
-2.360971243023361588e+00,1.839305943948208011e+00,7.396391554829497839e-01
-2.387387290054318267e+00,1.766041521843972228e+00,7.244860303125124634e-01
-2.388300233462087085e+00,1.763510479140648624e+00,7.239612448277176204e-01
-2.422889677525704499e+00,1.680436292216262339e+00,7.125031869054420097e-01
-2.440699453549123099e+00,1.632575787899984920e+00,7.075049944091708065e-01
-2.446921185747419347e+00,1.615918957001981404e+00,7.057503683372946535e-01
-2.453909371080488899e+00,1.597248063325771739e+00,7.037739450558926357e-01
-2.461873312490878707e+00,1.568516124953232005e+00,5.911207075548889911e-01
-2.490948336128155027e+00,1.424317197325482010e+00,6.809012037502282233e-01
-2.500079699578396930e+00,1.330984708523174742e+00,6.677031300974082262e-01
-2.503088863885828186e+00,1.229670732929326604e+00,6.566294304194749687e-01
-2.503092919421444407e+00,1.229539613523168651e+00,6.566149687579914129e-01
-2.480100684367894104e+00,1.143489177895519182e+00,4.599152847705814118e-01
-2.493117892037915784e+00,1.021352050201082218e+00,6.591508434142638873e-01
-2.494323907683913433e+00,8.198258719949123030e-01,6.837994482678934061e-01
-2.500214047467821832e+00,7.139767611051499596e-01,6.869903912687503889e-01
-2.511842351335167312e+00,6.064655947617317855e-01,6.820901982108802386e-01
-2.531170521407372309e+00,4.899614285138440550e-01,6.761977136787036269e-01
-2.547477192235072074e+00,3.851555606992547176e-01,6.770624653642963731e-01
-2.549903774680089441e+00,3.696013920077308446e-01,6.771886401548140588e-01
-2.567121029091190998e+00,2.508240374887396040e-01,6.847897565775827866e-01
-2.568410726575441672e+00,2.413924163151845437e-01,6.854267334656504174e-01
-2.583321397982935252e+00,1.329340829450574302e-01,6.927639652606428777e-01
-2.597486925609433062e+00,1.407321536105437393e-02,6.976087754572830590e-01
-2.607251436330193073e+00,-1.004179018104101179e-01,6.962955092288019010e-01
-2.616159108829192004e+00,-2.133976591406547829e-01,6.933748329066562466e-01
-2.624680008435122947e+00,-2.953307361215968263e-01,6.945050594993841253e-01
-2.627112482868987353e+00,-3.187031831520544256e-01,6.948254653950451942e-01
-2.628245988001353783e+00,-3.295918695112248220e-01,6.949744321024126092e-01
-2.639067938552416059e+00,-4.210992539222246922e-01,7.019164132392646804e-01
-2.641566853783452462e+00,-4.421134121534020522e-01,7.035039361942563296e-01
-2.645999087680979134e+00,-4.664541846958771276e-01,7.064735023188444263e-01
-2.658367731718580540e+00,-5.343432967860325400e-01,7.147541249342460601e-01
-2.662004338518360491e+00,-5.542936726664633440e-01,7.171870331395709952e-01
-2.687991734656307141e+00,-6.610184392267822728e-01,7.267130736282326753e-01
-2.714582758059323808e+00,-7.684014522729418761e-01,7.250399690779087969e-01
-2.747609556672149012e+00,-8.771345568105554102e-01,7.165567919735794655e-01
-2.781008017631687146e+00,-9.867928109778597578e-01,7.107675291516859506e-01
-2.808822686017946157e+00,-1.089775487934897313e+00,7.130741916070105768e-01
-2.823436338060164807e+00,-1.189392661631051507e+00,7.212163517546853475e-01
-2.823551580149564089e+00,-1.190162839595513278e+00,7.212791059875830468e-01
-2.823480380904348941e+00,-1.285362471182661004e+00,7.265042309972273848e-01
-2.817295538507558206e+00,-1.341419936028329429e+00,7.242654471543799044e-01
-2.814285493316688758e+00,-1.369422597915354922e+00,7.231389031014252566e-01
-2.813291599301990242e+00,-1.378779427315696360e+00,7.227613819221891944e-01
-2.813141382804657642e+00,-1.380198518831580845e+00,7.227040798639200458e-01
-2.797572851270753613e+00,-1.452543102477691361e+00,7.119680839239802550e-01
-2.795619875472323823e+00,-1.461761267583731705e+00,7.105951357825703862e-01
-2.779507721961613775e+00,-1.519901859181506776e+00,7.003838991260962210e-01
-2.768324189015652692e+00,-1.558993348335331319e+00,6.933200123363274514e-01
-2.765651999644016534e+00,-1.568384619174258310e+00,6.916214711885797506e-01
-2.741003336241533361e+00,-1.650643105778313968e+00,6.814863867920770701e-01
-2.737955683334124313e+00,-1.660884152560889060e+00,6.802221034014901413e-01
-2.735102348930821936e+00,-1.670486498373028761e+00,6.790362117849362278e-01
-2.701754728338507494e+00,-1.770351455151668141e+00,6.767854157091284240e-01
-2.676368127626145288e+00,-1.832369819996137572e+00,6.765475305152010010e-01
-2.669073781961557312e+00,-1.850275638421847280e+00,6.764807922970703657e-01
-2.666297244411929501e+00,-1.857101544637455026e+00,6.764555786032588891e-01
-2.626772732102002017e+00,-1.937566816244443491e+00,6.717123727159772795e-01
-2.583698730061829263e+00,-2.017201415468389936e+00,6.577044141844291536e-01
-2.557666683573781796e+00,-2.062164304013589078e+00,6.475169163380696258e-01
-2.536495455105604258e+00,-2.099019147134680185e+00,6.391950883181974907e-01
-2.497781592912646786e+00,-2.170401752077045554e+00,6.298232778350213446e-01
-2.491806966186129291e+00,-2.181524688598216688e+00,6.283604512960738742e-01
-2.447628511313417743e+00,-2.261214152980241199e+00,6.273758848210795325e-01
-2.398119127398458783e+00,-2.331689479174882784e+00,6.305655494598711996e-01
-2.345645572899124787e+00,-2.390406213534193025e+00,6.311072958475044681e-01
-2.289660733837822093e+00,-2.442108934741181070e+00,6.234899587019379075e-01
-2.230261762418066063e+00,-2.489494094795977830e+00,6.077985259324624190e-01
-2.230044999220738511e+00,-2.489667963900354941e+00,6.077410411371524379e-01
-2.175005083003585860e+00,-2.528078133565085484e+00,5.967797280366597956e-01
-2.168113082500472188e+00,-2.532902925090588564e+00,5.954021776604548899e-01
-2.161113697003643530e+00,-2.537806331084525358e+00,5.940020365655085399e-01
-2.117019034884029871e+00,-2.567535771055967420e+00,5.915311526226856298e-01
-2.087707746891332761e+00,-2.587323424072232481e+00,5.898880901201624116e-01
-2.020687601736410599e+00,-2.630871384344462438e+00,5.956955480907879519e-01
-1.998668313900225479e+00,-2.644314908732300573e+00,5.981867635457570609e-01
-1.954763686896007213e+00,-2.670403303026386066e+00,6.036779952376090108e-01
-1.941899680997044131e+00,-2.678060618473265375e+00,6.052922188604257236e-01
-1.874874284143978054e+00,-2.711307294063299622e+00,6.084442270150915988e-01
-1.870476955091035398e+00,-2.713493448783224071e+00,6.086541141098976704e-01
-1.867641210510970318e+00,-2.714790456419851505e+00,6.084677889388714345e-01
-1.860423894683904233e+00,-2.718093347725442754e+00,6.079936055654697746e-01
-1.798787874848403412e+00,-2.746407848293719312e+00,6.039461631759472926e-01
-1.724357813876125300e+00,-2.781855946068590768e+00,5.960492074280793195e-01
-1.676577857844029573e+00,-2.802686517686213019e+00,5.933480217061395390e-01
-1.650909099290465143e+00,-2.813905932575464064e+00,5.918971189918739162e-01
-1.639126381846969682e+00,-2.819062643800181345e+00,5.912311939651401227e-01
-1.555627038710341248e+00,-2.854633228011616009e+00,5.928707273908251363e-01
-1.471289496475822522e+00,-2.884780356029562842e+00,5.998446217364004074e-01
-1.403756835352632182e+00,-2.898348105326592261e+00,5.994504866777936591e-01
-1.395608399575609671e+00,-2.900009719998683622e+00,5.994028154167341249e-01
-1.379953121696206875e+00,-2.900755023795144716e+00,5.974563064753691810e-01
-1.355665219985866310e+00,-2.901944808187674862e+00,5.944449018722876010e-01
-1.339486343372080501e+00,-2.902759852057871903e+00,5.924446257020395956e-01
-1.315100455332014695e+00,-2.904022104767575829e+00,5.894383076404604571e-01
-1.290960065702853488e+00,-2.901375797358577646e+00,5.840893452698853183e-01
-1.258533934985633707e+00,-2.897919691961011068e+00,5.769169324604697113e-01
-1.234626679144571471e+00,-2.895443347516933219e+00,5.716383715968890167e-01
-1.151465450152900027e+00,-2.877146825693138066e+00,5.554028373012712683e-01
-1.076004142754111381e+00,-2.853935509161416473e+00,5.453325982974335240e-01
-1.010138839700480462e+00,-2.827038586618086935e+00,5.420900203338190337e-01
-9.541926157231975791e-01,-2.798982444023629945e+00,5.422101910296937000e-01
-9.469900435021399998e-01,-2.795106260685002120e+00,5.420607561335849534e-01
-9.256421011450930436e-01,-2.783690673289698658e+00,5.416291498931026238e-01
-9.041996789695817549e-01,-2.772332973708979686e+00,5.412118283199459645e-01
-9.008799378583451922e-01,-2.770584125503995132e+00,5.411486002316452382e-01
-8.482257439929682397e-01,-2.745087507147151218e+00,5.343107143808196735e-01
-8.451239821378694339e-01,-2.743602801704823513e+00,5.339111943499038615e-01
-7.823202373766574569e-01,-2.720978209205674681e+00,5.278297122428232679e-01
-7.193088487422730770e-01,-2.705918233766826386e+00,5.274061250530865941e-01
-7.165883437883486806e-01,-2.705272904382663768e+00,5.273870136831664279e-01
-6.624808016721261961e-01,-2.695483255417678858e+00,5.324965180308220969e-01
-6.455304894080023947e-01,-2.692435448521872221e+00,5.341009266474118222e-01
-5.809089324303544632e-01,-2.679815582169176036e+00,5.446425477610313814e-01
-5.765829587963909875e-01,-2.678830447624850120e+00,5.451907223840258832e-01
-5.215782108124842331e-01,-2.666323615470912234e+00,5.521608289303112649e-01
-4.733488424184316701e-01,-2.651394293509736322e+00,5.547585952379644469e-01
-4.600618319949735802e-01,-2.647284566368336645e+00,5.554738351537711338e-01
-4.003621610869655956e-01,-2.622928491111263138e+00,5.511237951116534362e-01
-3.996904405530172233e-01,-2.622654520182059024e+00,5.510748071586053509e-01
-3.331826176774490000e-01,-2.588591142658410060e+00,5.481100013429504036e-01
-3.575777534963824333e-01,-2.590356085371352535e+00,4.756644355234858623e-01
-1.886545478311614510e-01,-2.513037241181710790e+00,5.502929843865483894e-01
-1.129909612431926058e-01,-2.475093551642011391e+00,5.556955686387300419e-01
-7.381642494149860678e-02,-2.454731220219101395e+00,5.560735195827170019e-01
-6.638342292398313749e-02,-2.450867914286034566e+00,5.561450086628735301e-01
-5.897735366561056292e-02,-2.447018686963839063e+00,5.562161650377899225e-01
-3.994214265508951034e-02,-2.437125699437898696e+00,5.563987071473897039e-01
3.011845703613584557e-02,-2.396781682632203925e+00,5.519694588829868742e-01
3.346465146873443819e-02,-2.394855782711672987e+00,5.517582509784365596e-01
9.232783138944600232e-02,-2.360324204842787932e+00,5.462922533780940615e-01
1.106041829108272423e-01,-2.349613213776284848e+00,5.445907014690299919e-01
1.952785747409690464e-01,-2.300756278324139092e+00,5.419637793973489659e-01
2.628369489320068197e-01,-2.264159715232333614e+00,5.464900372040842891e-01
2.829094793191770374e-01,-2.253292842393342710e+00,5.478331467695027879e-01
3.328620520306891373e-01,-2.225582433976037056e+00,5.546994663609408072e-01
3.691877972525566820e-01,-2.205462084313235316e+00,5.596913632951502349e-01
4.423848823611745695e-01,-2.161373683817728431e+00,5.690675347033480325e-01
5.168252762757322705e-01,-2.112257180228018338e+00,5.740695030607665394e-01
5.903209877520623206e-01,-2.059612075579189128e+00,5.720522964424040735e-01
5.907976269750691012e-01,-2.059270699435675755e+00,5.720391980734216286e-01
6.661654440449213954e-01,-1.996226334386657308e+00,5.684513859959621218e-01
7.330833893850796645e-01,-1.945504983841928048e+00,5.713215289863844415e-01
7.400590023515629667e-01,-1.940218326274534055e+00,5.716199362835513442e-01
8.210970156044002932e-01,-1.877205290000566018e+00,5.829371823331928049e-01
9.006772002609353400e-01,-1.815683074244952788e+00,5.941000215986435018e-01
9.733620705550527497e-01,-1.759783133420178114e+00,6.005784267364185913e-01
9.783623392018080400e-01,-1.755937891038611420e+00,6.010237425402003009e-01
1.051728064209723090e+00,-1.693999019120300042e+00,6.011367367345600288e-01
1.055749118400814091e+00,-1.690439377632578122e+00,6.009843112200131676e-01
1.085968417090217075e+00,-1.663693262621706914e+00,5.998359495132696839e-01
1.116189929900474276e+00,-1.636954911578234917e+00,5.986825272539082476e-01
1.126499049427069687e+00,-1.627836171611388716e+00,5.982879459240781905e-01
1.169397499278789887e+00,-1.590646696040493024e+00,5.995932937240040506e-01
1.201558559329685361e+00,-1.562783594154298017e+00,6.005612540989180292e-01
1.275895174575137014e+00,-1.497386373642470847e+00,6.105822247895451582e-01
1.338686116512128210e+00,-1.434119106937508326e+00,6.229743943835764908e-01
1.392708777585704327e+00,-1.372103300372862877e+00,6.303183824142132297e-01
1.443168148047605515e+00,-1.305893553648479477e+00,6.286322831323313265e-01
1.483557609703973545e+00,-1.236533779497893892e+00,6.182324787091861840e-01
1.519251879898223745e+00,-1.166818061429155451e+00,6.118826802160403089e-01
1.522994322262114952e+00,-1.159511918149318754e+00,6.112176215687801228e-01
1.550395319067213951e+00,-1.102963605743000564e+00,6.110549722770360903e-01
1.558169831081604118e+00,-1.086919268436349340e+00,6.110089628573218690e-01
1.561650033285164829e+00,-1.079737165232172114e+00,6.109883870013016471e-01
1.599869795491392521e+00,-9.964073188391124880e-01,6.144678158256272615e-01
1.634936291131725783e+00,-9.147892582440311227e-01,6.121168169428822248e-01
1.662490543566863765e+00,-8.335646307395027099e-01,5.996092256025796763e-01
1.682995218179119457e+00,-7.640483059505798202e-01,5.839939965798122135e-01
1.686482407078427448e+00,-7.522628013320524776e-01,5.813518854170782735e-01
1.708326017625601656e+00,-6.692783740559338224e-01,5.623958010237790628e-01
1.724228991149946211e+00,-6.102777013823724728e-01,5.542845000728338078e-01
1.732092915391370891e+00,-5.812228999492078385e-01,5.502871276197498496e-01
1.758736544956995607e+00,-4.951664192949714050e-01,5.497372659651812432e-01
1.775491837256039096e+00,-4.290081724906635308e-01,5.564676747509614829e-01
1.780183563482693687e+00,-4.105479113622613752e-01,5.583407229789297821e-01
1.793243322851091115e+00,-3.391115733712685154e-01,5.663353539797630898e-01
1.794273737991566975e+00,-3.327930016809130254e-01,5.667595538707824732e-01
1.800230390603979824e+00,-2.962815531653399392e-01,5.692094636347149184e-01
1.805153075906403837e+00,-2.661272175136882301e-01,5.712311340539631965e-01
1.818961943589095354e+00,-1.922127840063389548e-01,5.715973156085059070e-01
1.825662929976548998e+00,-1.522943621857915653e-01,5.708823215191710654e-01
1.827029859250702826e+00,-1.441619273736874651e-01,5.707383090058961717e-01
1.832603801510278130e+00,-1.110370797720203889e-01,5.701574087040270911e-01
1.845381108016925342e+00,-2.992008912925703604e-02,5.719829251695538463e-01
1.859366918601420338e+00,5.265317044139482261e-02,5.826714994549231363e-01
1.880371555877382805e+00,1.315035670079609531e-01,5.979982621437831547e-01
1.881995729875286960e+00,1.375861515210779762e-01,5.991815158007740560e-01
1.906787643768210083e+00,2.073199032485680271e-01,6.081510585695527604e-01
1.909793265608318968e+00,2.157560926282404423e-01,6.092338812392366076e-01
1.925843037284570514e+00,2.589484720181104982e-01,6.090700626053401345e-01
1.942043030400744774e+00,3.022661770906115430e-01,6.081825621700975848e-01
1.943441811678924269e+00,3.060036962024713647e-01,6.081060411091271378e-01
1.983180397899205527e+00,3.975032563027935950e-01,6.022939283831236779e-01
1.984605453401496522e+00,4.007811887756550506e-01,6.020863254003075982e-01
2.016279283642479658e+00,4.698614782446621230e-01,6.023042275674825863e-01
2.030576220336172355e+00,5.010243833687751946e-01,6.024081519732330525e-01
2.031755457767947526e+00,5.035942388870432440e-01,6.024168772034510511e-01
2.057740365084648193e+00,5.615298409443568728e-01,6.073967670835717092e-01
2.076589810718506346e+00,6.035473158171739128e-01,6.110096162006317666e-01
2.107965952544273769e+00,6.846719098063215325e-01,6.234974873357056468e-01
2.111968525414910314e+00,6.950197039484379280e-01,6.250904805020010002e-01
2.116236188631247739e+00,7.060525685562563103e-01,6.267889647752614701e-01
2.133118017146766299e+00,7.544638035701300982e-01,6.331827770353195550e-01
2.146797573571215700e+00,7.936887358557510597e-01,6.383647156643982301e-01
2.165517452825199030e+00,8.523953105392847451e-01,6.423749462927519360e-01
2.168592102846208736e+00,8.622255524236637214e-01,6.429179577204343632e-01
2.180664260944018107e+00,9.008194606388911785e-01,6.450502181275534763e-01
2.187998660689754349e+00,9.314534690594098443e-01,6.437049514565339470e-01
2.192804821097859236e+00,9.515220526174676952e-01,6.428235385000395929e-01
2.204688608084046653e+00,1.001124981302774053e+00,6.406445976552006538e-01
2.225097906904006884e+00,1.108564735138579227e+00,6.344084311554047950e-01
2.240747134332764290e+00,1.214108889275045788e+00,6.325664071624061968e-01
2.247908789372710991e+00,1.270537228769984983e+00,6.367798923673545497e-01
2.252096354813358126e+00,1.303482073916977013e+00,6.392390191702181923e-01
2.254574926084880637e+00,1.322964400419862407e+00,6.406929799752529853e-01
2.261124032610835943e+00,1.375009204510093896e+00,6.464576378312625327e-01
2.264887325591709466e+00,1.404885235912901598e+00,6.497670881476708127e-01
2.267220573830177610e+00,1.423397372634453761e+00,6.518178227416031589e-01
2.273796645999393018e+00,1.498219566844959827e+00,6.552401041561393136e-01
2.274604543816484359e+00,1.507396362075722918e+00,6.556601764341325467e-01
2.275073234121138377e+00,1.512718612493803683e+00,6.559038373195140714e-01
2.280723088366624740e+00,1.599463383571464670e+00,6.516524241175160048e-01
2.281031932819596264e+00,1.604195660758779063e+00,6.514204091396477159e-01
2.288592474687681122e+00,1.699148081425573720e+00,6.459719527652939552e-01
2.288951070919846398e+00,1.703647614092431928e+00,6.457133935965667648e-01
2.358201193392413408e+00,1.712679579855425516e+00,5.751080521349455354e-01
2.299404312480810120e+00,1.909334204195074047e+00,6.505555575002709423e-01
2.297662324142371926e+00,1.969599112846884603e+00,6.557511662937627328e-01
2.296448808059153635e+00,2.012279206071251547e+00,6.594416869584401875e-01
2.292434299628614447e+00,2.059271910287174823e+00,6.610597157350290853e-01
2.288360557294525144e+00,2.107342543094524512e+00,6.627234290369717895e-01
2.279485912735675246e+00,2.208155880900306567e+00,6.588906007184126556e-01
2.267718551958664008e+00,2.290313349800420006e+00,6.513981564936538460e-01
2.264860052014002978e+00,2.310302700082805138e+00,6.495747365943989049e-01
2.251559594661272534e+00,2.385448072649708706e+00,6.471338406650329889e-01
2.245905510529888627e+00,2.417458726585883788e+00,6.460877721467598311e-01
2.244099005947765235e+00,2.427829139095606159e+00,6.464352523577280296e-01
2.224174798515731855e+00,2.541156125038453784e+00,6.527958632808570361e-01
2.218520164145934892e+00,2.571768612167472323e+00,6.559906888093997024e-01
2.210978493077903284e+00,2.612613290387470588e+00,6.602542425352426747e-01
2.209099359394760764e+00,2.622793338886225456e+00,6.613170382365242128e-01
2.200859231534644689e+00,2.681546872944593929e+00,6.639245233541729574e-01
2.198118163516071810e+00,2.701096551878935603e+00,6.647926861178543589e-01
2.195678939735691504e+00,2.718495692628086768e+00,6.655655727575077174e-01
2.186784917030093034e+00,2.769237827509936078e+00,6.620026519502755225e-01
2.179966750718180357e+00,2.808145263540808401e+00,6.592738754382627686e-01
2.178881040522138601e+00,2.814341476818713605e+00,6.588395569374718708e-01
2.160877725447032827e+00,2.902473849243400572e+00,6.407275874618034717e-01
2.160057534627652931e+00,2.906503305224793721e+00,6.398995023426141682e-01
2.158719353315172285e+00,2.912521554471198648e+00,6.386719960122728690e-01
2.149459564144304835e+00,2.954228091937766809e+00,6.301656458314752740e-01
2.137910023942350524e+00,3.006400564326206393e+00,6.195255009066011898e-01
2.137162093132271234e+00,3.009785041182587051e+00,6.188353000149856564e-01
2.122943647394154532e+00,3.070092026840681498e+00,6.104846753153755357e-01
2.112967356291111987e+00,3.112561266169028951e+00,6.046049266351867235e-01
2.112310524855772087e+00,3.115361913881557143e+00,6.042172124981383119e-01
2.086206751690705907e+00,3.217479825514198311e+00,5.983925683989388400e-01
2.085725523500608691e+00,3.219370442740335125e+00,5.982853037749324976e-01
2.058773121516990656e+00,3.292216043751155397e+00,5.951964545187602429e-01
2.051563360036391170e+00,3.311801235721997028e+00,5.943732312936349516e-01
2.016200976842428716e+00,3.386642577125043463e+00,5.876181645036128165e-01
2.011920284434732586e+00,3.395722359718527539e+00,5.868029843146768121e-01
1.972001252525984238e+00,3.475083364618522186e+00,5.729382623677311548e-01
1.971740414589833401e+00,3.475602989200739401e+00,5.728475580824398117e-01
1.958187743132324021e+00,3.499545931467638038e+00,5.669284832833804133e-01
1.925818350346135244e+00,3.556779306295772880e+00,5.527647888774415152e-01
1.925498050203683142e+00,3.557345975013451955e+00,5.526244502893210564e-01
1.871954629159430450e+00,3.644078023703116287e+00,5.363810275575057185e-01
1.871767541103194432e+00,3.644381218429075364e+00,5.363242304122703974e-01
1.821763833408855060e+00,3.728044653739080783e+00,5.298228201720021069e-01
1.772451379389182069e+00,3.814122633838064935e+00,5.333184034826005115e-01
1.731025316029276340e+00,3.893452634778500787e+00,5.444132604276969989e-01
1.727667741414253166e+00,3.899890926960149606e+00,5.453124843279044676e-01
1.684205395812294448e+00,3.982148037578011834e+00,5.600544577738999497e-01
1.637096415550858497e+00,4.072038906225600385e+00,5.756449328742582194e-01
1.612816075854413667e+00,4.123602282431727772e+00,5.868690931574277458e-01
1.599591353723066156e+00,4.151749696820573376e+00,5.929784650231206822e-01
1.595184194582988546e+00,4.161139611736889066e+00,5.950137053287775091e-01
1.576706060248360686e+00,4.199944285185710058e+00,6.047283154101955605e-01
1.547505007506390973e+00,4.261263134448793011e+00,6.202695914367285512e-01
1.502312361658363127e+00,4.352601672351638307e+00,6.489186831065187899e-01
1.455185770031497849e+00,4.430773140801928633e+00,6.791584112265707240e-01
1.454460040053758840e+00,4.431979510454927329e+00,6.796243666527120864e-01
1.417865491386988142e+00,4.485400832188016551e+00,6.984614505868487200e-01
1.408546328294665750e+00,4.499028313635235143e+00,7.032638758580862515e-01
1.408129530630940929e+00,4.499638019869173888e+00,7.034787144381271506e-01
1.383545517198252695e+00,4.530026071702531354e+00,7.101084238152183259e-01
1.358530783878721282e+00,4.560988490987265997e+00,7.168537858700985144e-01
1.358016776635608824e+00,4.561625156950102067e+00,7.169923878927022542e-01
1.324953150624046616e+00,4.599385640634904071e+00,7.192487139381831263e-01
1.313741494081083871e+00,4.612197539265703305e+00,7.200126987032522408e-01
1.302207616018018488e+00,4.625381649834208631e+00,7.207980627634179571e-01
1.271385707511068830e+00,4.657829991725823682e+00,7.203249801504256755e-01
1.239692645389280257e+00,4.691196011734742655e+00,7.198384328036744328e-01
1.182243076177466046e+00,4.746142646624828210e+00,7.181496457370831754e-01
1.176142444541309340e+00,4.751978110980923375e+00,7.179696836788032055e-01
1.110889004700337912e+00,4.810306997150333608e+00,7.217533864893067586e-01
1.104468260473633556e+00,4.816054836640109471e+00,7.221242199668078676e-01
1.037865471831907138e+00,4.877681057786064756e+00,7.268474275191850742e-01
9.711671623380289109e-01,4.936051905583559218e+00,7.274945007260965602e-01
8.992463365345676474e-01,4.993427751942100201e+00,7.234032807194996639e-01
8.234179888518033952e-01,5.051265457062552144e+00,7.170622715536022485e-01
8.201423852669206260e-01,5.053764764825352529e+00,7.167875828056060605e-01
7.429244330014060926e-01,5.109150095694508842e+00,7.159328636076023322e-01
7.309309020083523123e-01,5.117758551662062949e+00,7.157972178300725519e-01
6.443013776288079031e-01,5.174468853785633371e+00,7.212586236531104422e-01
6.422136016891261123e-01,5.175838733255381463e+00,7.213883834291128228e-01
5.674684521838451179e-01,5.227312597226961621e+00,5.335997797464623327e-01
4.386425661041504775e-01,5.263369244849353201e+00,7.450607350030525877e-01
3.386587064149371717e-01,5.285737844688338960e+00,7.466412319679189835e-01
3.385382793382711308e-01,5.285764950094343995e+00,7.466431585957771233e-01
2.350127601880392936e-01,5.296365836415054318e+00,7.382277348872546829e-01
2.349511658560114458e-01,5.296372224192127831e+00,7.382227049483759407e-01
1.500927051440360260e-01,5.295813807104726045e+00,7.257232616291082739e-01
1.290767449468064876e-01,5.295710320064848098e+00,7.226042293493086799e-01
2.163255377106656357e-02,5.284283611135470515e+00,7.005887797792649252e-01
-9.111787990342337662e-02,5.270604353490909944e+00,6.800674042465023605e-01
-1.706478952331634547e-01,5.258641179829352197e+00,6.677376056559296558e-01
-2.013167026726689346e-01,5.254062784681829079e+00,6.629619435065088329e-01
-2.845699665221911312e-01,5.234549962240545362e+00,6.413917758756570997e-01
-3.008183162671418942e-01,5.230784600851968946e+00,6.371699485140320807e-01
-3.452382918709513970e-01,5.218959188432733320e+00,6.226600118586390620e-01
-3.553290061841687386e-01,5.216296254645039099e+00,6.193608195510682535e-01
-4.006189618380088246e-01,5.204451275651615916e+00,6.045413479674088819e-01
-4.523546434980001418e-01,5.186545875066994604e+00,5.816674488900975826e-01
-4.805594079374282956e-01,5.176965420739293222e+00,5.691894483394728255e-01
-4.932338934389466356e-01,5.172701770611011440e+00,5.635815206025357460e-01
-5.790624474944071620e-01,5.137624585118502729e+00,5.222029399550043305e-01
-5.812538142934886576e-01,5.136748241259105008e+00,5.211458928217695963e-01
-6.664945876282452053e-01,5.098392601135959268e+00,4.874999521037662320e-01
-6.680241481297555239e-01,5.097716626170872622e+00,4.868982763677797698e-01
-7.447405746713605668e-01,5.056095137642687476e+00,4.622021861951364774e-01
-8.013509269084347908e-01,5.073039869386721357e+00,3.360724405643955581e-01
-8.430480920666911793e-01,4.957578150581732679e+00,4.227502436092784865e-01
-8.632578772326936489e-01,4.900502513323261589e+00,3.973236629696504374e-01
-8.710454907713933714e-01,4.834170159766758346e+00,3.750911337472984663e-01
-8.667371110226617104e-01,4.771113347019761974e+00,3.589941137782916569e-01
-8.663739695850958267e-01,4.765023007987399417e+00,3.574410756391804833e-01
-8.542133285586733793e-01,4.691898993494847403e+00,3.490552965071317404e-01
-8.362954155984561044e-01,4.616682419585426800e+00,3.525388931130733483e-01
-8.116487393202540535e-01,4.541510326959906862e+00,3.674982617527667861e-01
-7.818589944990320673e-01,4.479057862550392954e+00,3.904665901632721758e-01
-7.486319211623422287e-01,4.431854485228702067e+00,4.151393892304093280e-01
-7.470672109232575631e-01,4.429578919784677105e+00,4.163272515294805798e-01
-7.068021201302279177e-01,4.382789233781124061e+00,4.469729839078853129e-01
-6.821804571452824151e-01,4.359781235488167539e+00,4.647432325858959490e-01
-6.639266419859617407e-01,4.342487564616816620e+00,4.780844729061259346e-01
-6.283603244863243953e-01,4.312153595088248359e+00,5.079295894662245736e-01
-6.243571291640197529e-01,4.308669459187848716e+00,5.113328095223492742e-01
-6.238735181727577128e-01,4.308247562454426749e+00,5.117445399826661134e-01
-5.900929647658720301e-01,4.281197270643276376e+00,5.454808346187260959e-01
-5.860273491836525128e-01,4.277834601217627153e+00,5.496248802033625314e-01
-5.472976362515942217e-01,4.251411670951404709e+00,5.886351505395328587e-01
-5.092842448898466934e-01,4.232462384762229135e+00,6.246998366288919469e-01
-5.000887522877687230e-01,4.227680961539310722e+00,6.335401783825441724e-01
-4.516068570466637011e-01,4.214006824890686786e+00,6.711545135141950835e-01
-4.025623795620889567e-01,4.203985787807186902e+00,6.987655298259963788e-01
-3.976173442973809369e-01,4.202893787393305658e+00,7.015618767721707449e-01
-3.374817256760141992e-01,4.196348338046515636e+00,7.203486147134320339e-01
-2.756832148218261724e-01,4.188011368557908121e+00,7.282976650728405499e-01
-2.698216852541945876e-01,4.187198655210694120e+00,7.290530112056241574e-01
-2.104199774477529261e-01,4.175447012994595752e+00,7.317871737830856649e-01
-2.031269399466494041e-01,4.173989467069042725e+00,7.321196370062090786e-01
-1.969271030686491064e-01,4.172747883513481248e+00,7.324016597066288492e-01
-1.267858435304858311e-01,4.153496036270924563e+00,7.348978517968244306e-01
-8.481380988430597956e-02,4.136725361174513615e+00,7.379815741462827372e-01
-7.785042874940413526e-02,4.133916611811783604e+00,7.384814196237834416e-01
-5.935371107153264436e-02,4.126419765784101301e+00,7.397918170741392130e-01
8.570608700539224245e-03,4.095546390995474795e+00,7.487890326780066719e-01
5.915260448391179704e-02,4.067107833723820676e+00,7.558567790623199611e-01
6.750150955224901161e-02,4.062404911439153388e+00,7.570178962233932163e-01
9.764762385850665749e-02,4.040990709021693661e+00,7.585071853485519933e-01
1.206596265149443015e-01,4.024610671809242923e+00,7.596250871198557686e-01
1.697513351992152586e-01,3.983932437208384858e+00,7.587169027820663825e-01
1.766608665041272674e-01,3.978185476675510479e+00,7.585831531691149543e-01
2.078486602615970402e-01,3.948017379347973588e+00,7.535132220430329486e-01
2.302164413039592405e-01,3.926353192189219854e+00,7.498749268584842254e-01
2.913593760514602837e-01,3.870023696281583270e+00,7.438824894173066138e-01
2.913711312575256174e-01,3.870012864817907072e+00,7.438813365582400694e-01
3.533009176119411010e-01,3.819118345453503593e+00,7.508216067847661712e-01
3.596643632092262899e-01,3.813887983493282174e+00,7.515350057827462349e-01
4.255842747809885918e-01,3.761127406672986062e+00,7.696660640968902012e-01
4.317199814433858585e-01,3.756215325704685970e+00,7.713540979353156191e-01
4.998630709054950327e-01,3.707789004728767601e+00,7.899670249506127728e-01
5.738800639815068161e-01,3.662174250569635081e+00,8.048359109898941544e-01
6.439359991558224472e-01,3.614637303727054718e+00,8.115937526833743032e-01
6.487826876245761376e-01,3.611347645711258991e+00,8.120613468736426199e-01
7.064045131006579936e-01,3.574240816566748080e+00,8.129126965024756624e-01
7.266965412313842743e-01,3.561171064732800318e+00,8.132131092031199548e-01
8.046148427251749169e-01,3.508560275617536472e+00,8.174481245362208437e-01
8.091596614711030755e-01,3.505488835840126605e+00,8.176956058034633434e-01
8.884909971246506277e-01,3.447422700687688746e+00,8.296176541794062498e-01
9.629300909485217774e-01,3.383239964257596544e+00,8.499335250722758195e-01
9.943033970225670926e-01,3.346238022024610181e+00,8.578304654304232946e-01
1.018647483575825019e+00,3.317472636746293890e+00,8.639707302726740146e-01
1.071029011518445317e+00,3.243984320479337935e+00,8.697073061192305277e-01
1.117120225865950944e+00,3.165886106159030877e+00,8.650974213468145546e-01
1.164728978521001546e+00,3.075511215570564616e+00,8.588651358503521793e-01
1.207330705119944447e+00,2.981425832349970051e+00,8.569948183177891199e-01
1.235657812349011841e+00,2.913415865901574531e+00,8.621788384164903452e-01
1.239661032794880935e+00,2.903797059623877796e+00,8.629118931603582121e-01
1.243644117336482280e+00,2.894224762877549040e+00,8.636413702720548979e-01
1.246922849866230809e+00,2.886343786165390668e+00,8.642419318891519930e-01
1.268259682842414859e+00,2.831894471513005662e+00,8.688025752788927081e-01
1.281206633310646659e+00,2.798821320939675950e+00,8.715703184565511963e-01
1.313687502601843970e+00,2.711794131972144140e+00,8.734841159450296155e-01
1.343184227099677441e+00,2.625358359713747980e+00,8.668236035900054315e-01
1.398089130554504900e+00,2.487897875661714053e+00,8.288982919837363239e-01
1.421528502992674969e+00,2.437252624664522749e+00,8.485030542884738347e-01
1.456227694128047423e+00,2.343138095850628488e+00,8.445259033510226221e-01
1.485545063022821299e+00,2.251012390875191560e+00,8.508517443035775729e-01
1.486713100745861604e+00,2.247328688829440146e+00,8.511041014539837413e-01
1.508516008522412077e+00,2.160039693241847303e+00,8.563869869739144658e-01
1.509173198768188673e+00,2.157401926744749066e+00,8.565461750415165332e-01
1.527638853181590983e+00,2.068632124586328835e+00,8.591334043527049102e-01
1.527993145068738512e+00,2.066922282291688173e+00,8.591826498663367451e-01
1.539555860139429688e+00,1.983392688568059725e+00,8.538350548311929300e-01
1.540862464209992178e+00,1.973920104188052527e+00,8.532282972477620575e-01
1.541008591463930655e+00,1.972860285235269018e+00,8.531604074167046248e-01
1.547901815990810226e+00,1.883273448548619999e+00,8.462747176086050649e-01
1.548679913125315055e+00,1.873099315016901967e+00,8.454944985405465907e-01
1.551377371918025272e+00,1.769232843891843432e+00,8.436714982369931670e-01
1.551248500536532182e+00,1.673589901571677308e+00,8.496962153103175819e-01
1.551230384429502784e+00,1.664412131312986487e+00,8.502740546660494392e-01
1.554302701392797026e+00,1.577212724540861144e+00,8.572032064438009913e-01
1.554576556288979283e+00,1.569345169380383931e+00,8.578275915698065912e-01
1.561013345143973163e+00,1.477251503775040442e+00,8.611524850605222214e-01
1.564819673342255912e+00,1.390455523446497921e+00,8.564965613231187991e-01
1.565084092925415948e+00,1.384348836066815691e+00,8.561687675825609967e-01
1.570736276022730804e+00,1.297346247398002861e+00,8.460368127281508999e-01
1.576038386624806886e+00,1.240121596230304490e+00,8.415262965835784703e-01
1.579666674546594818e+00,1.201874301283193835e+00,8.386773245108607444e-01
1.580195533536044472e+00,1.196268524053629490e+00,8.382599334314970729e-01
1.585040473054637911e+00,1.125048950202657050e+00,8.391308024002092081e-01
1.585679200950997458e+00,1.115471522604720489e+00,8.392484506724293691e-01
1.586641182225710933e+00,1.100960592819971939e+00,8.394269215272758267e-01
1.586387135383680924e+00,1.050069373762736680e+00,8.437228886538210570e-01
1.586264016074897754e+00,1.031493059847268912e+00,8.452891857416298116e-01
1.586124236831395473e+00,1.012866553712723050e+00,8.468587726350532696e-01
1.586079874075936758e+00,1.007371166497528892e+00,8.473216715112416031e-01
1.578131162682867350e+00,9.283440233599092872e-01,8.499057518751713669e-01
1.577843914049079199e+00,9.255361421426739899e-01,8.499973171366043134e-01
1.562974998610768607e+00,8.378402293328093275e-01,8.476672189314957695e-01
1.548831075883664532e+00,7.699456402879464312e-01,8.414560128958193941e-01
1.544973508503540316e+00,7.515183883618971050e-01,8.397743078867921929e-01
1.530766858004710906e+00,6.955904897076290450e-01,8.348831214518630528e-01
1.520909137467126193e+00,6.569066491545211273e-01,8.315029707337591169e-01
1.494205257267637421e+00,5.605364994518142741e-01,8.285441507526354332e-01
1.480238550420666543e+00,5.100006660135418812e-01,8.316678414451769141e-01
1.466315016287960571e+00,4.597239110243719895e-01,8.347744340848430866e-01
1.446797939224329754e+00,3.861642344012054529e-01,8.387126617018275665e-01
1.444365122454937644e+00,3.769962345423513161e-01,8.392026035595271383e-01
1.442406577492134634e+00,3.696165493476172292e-01,8.395969844673506488e-01
1.421296999406185702e+00,2.885165106765275045e-01,8.410077671215043793e-01
1.419458934613621715e+00,2.814936429684773422e-01,8.411280588102523215e-01
1.413289238883100429e+00,2.619749382932091697e-01,8.399082651802005639e-01
1.404922523094360942e+00,2.355348588185998682e-01,8.382561224153159962e-01
1.393733343557722160e+00,2.002275303524926331e-01,8.360501930472269416e-01
1.391816393474496483e+00,1.941845673893745905e-01,8.356726701469348040e-01
1.367377464165719481e+00,1.116646489472953724e-01,8.244775787882743234e-01
1.365095983033154825e+00,1.039949876101244342e-01,8.234378077852003708e-01
1.340139703894630108e+00,2.258029412902159277e-02,8.123954841903877622e-01
1.338534417428176804e+00,1.735778320792918245e-02,8.116865729381324002e-01
1.313079512109374791e+00,-5.834499725122328090e-02,8.085978402848156277e-01
1.308323677062805945e+00,-7.241129009759464386e-02,8.080154803579127076e-01
1.270924804316769352e+00,-1.532983257629754181e-01,8.087723301752524074e-01
1.229869732705525465e+00,-2.206880684493826017e-01,8.066483086888215359e-01
1.228219450259616208e+00,-2.233845714914744762e-01,8.065601815867756708e-01
1.181251697463228778e+00,-2.870725132807918634e-01,8.018317849452074597e-01
1.180214577856085301e+00,-2.884756855255239949e-01,8.017270101510235447e-01
1.132141284315654639e+00,-3.486562348461471061e-01,7.901552458576499571e-01
1.130847185257656484e+00,-3.502741796016164977e-01,7.898444671802709038e-01
1.073855656895473576e+00,-4.126267382881351198e-01,7.805484691869920555e-01
1.014249730018016882e+00,-4.794726126954897971e-01,7.791498683852774443e-01
9.499802721452517140e-01,-5.408652672650274829e-01,7.879892889137052325e-01
8.940464230965333714e-01,-5.946185806853386824e-01,7.966603132797251963e-01
8.428668503478267127e-01,-6.434650898893018445e-01,7.979727471675556183e-01
7.892522832353593421e-01,-6.894518164138048189e-01,7.915538467274144674e-01
7.345202780208579529e-01,-7.346830367790637695e-01,7.824956360077628403e-01
6.809126353417307431e-01,-7.794385120437251624e-01,7.754001620166499631e-01
6.279578891649640893e-01,-8.206627129465821069e-01,7.728484514205509193e-01
5.768193258298890402e-01,-8.533262600975040080e-01,7.737687847573697653e-01
5.742141580456689987e-01,-8.549752251622957377e-01,7.738127888300265766e-01
5.332024452395617287e-01,-8.759520051146747477e-01,7.697783759102724277e-01
5.268277532276640640e-01,-8.791842427710812036e-01,7.691458687179275611e-01
4.759828859334501727e-01,-8.939082180318510540e-01,7.620190077080130076e-01
4.247203154287435001e-01,-8.994371425331036951e-01,7.513205412134361660e-01
3.729991206532983772e-01,-8.998554297641947475e-01,7.409712893311417581e-01
3.164335512303372289e-01,-8.950086107958709070e-01,7.346688768371310019e-01
2.755456126551685259e-01,-8.890253073913342297e-01,7.335898714489758055e-01
2.586563633282370489e-01,-8.865088046087116203e-01,7.331241453591543777e-01
2.344660618333868352e-01,-8.803020841605460056e-01,7.328886455888861118e-01
2.113515916784875770e-01,-8.743012512278307558e-01,7.326444884672679292e-01
1.737387237602790180e-01,-8.647757327555586349e-01,7.298399767783556591e-01
1.383462579777887669e-01,-8.531747918376180184e-01,7.243064863458230640e-01
1.165519977001146928e-01,-8.413539617757336275e-01,7.192801499667933474e-01
1.083732600192936768e-01,-8.368305809517406768e-01,7.173834434187572606e-01
8.127154985084060479e-02,-8.212663024138735501e-01,7.123034853343810369e-01
5.701547040058980997e-02,-8.042518173411916660e-01,7.115537856444946740e-01
4.869673807595018000e-02,-7.950036710251543459e-01,7.119830849549514395e-01
3.866450404308421906e-02,-7.836845211790389731e-01,7.125004416261623286e-01
2.691343011023568377e-02,-7.626319895856793485e-01,7.122716244337632396e-01
2.655103206002368266e-02,-7.619735608572681951e-01,7.122648607266653942e-01
1.713616504611839564e-02,-7.267393998308725456e-01,7.155495984887904060e-01
1.668867922727805542e-02,-7.232078937292680809e-01,7.159461126666244457e-01
1.454719283279959363e-02,-7.062513140888007079e-01,7.178512226209544655e-01
1.401211728374990306e-02,-7.019998263579133591e-01,7.183292146023488867e-01
1.241267548148210220e-02,-6.892557692916153611e-01,7.197628263286646177e-01
1.185005413933294671e-02,-6.847601123201498829e-01,7.202688468069986527e-01
5.983843256678181288e-03,-6.422397290963870464e-01,7.239939240811371635e-01
2.910124055298612955e-03,-5.999230263954438147e-01,7.257077293045678390e-01
2.600539765160059247e-03,-5.956032588966353458e-01,7.258804814137617134e-01
4.104468279840650657e-04,-5.574601529841515246e-01,7.240198426980383184e-01
2.088861665192481842e-04,-5.539429084885015842e-01,7.238480727707874429e-01
-6.357253918981259355e-03,-5.158852818759056547e-01,7.173802987317022817e-01
-1.221821925448468571e-02,-4.786659246531090317e-01,7.042154643349062271e-01
-1.644818343656643395e-02,-4.397960341647033644e-01,6.839682162115281461e-01
-2.530582292476663692e-02,-4.064368588552585426e-01,6.571045644058959301e-01
-2.709018741872067093e-02,-3.997117504714368108e-01,6.516881882239059509e-01
-5.054740281987007283e-02,-3.613568624422074382e-01,6.012303500280463675e-01
-7.421661727469872072e-02,-3.130824930209455959e-01,5.430001288048764696e-01
-9.631084184605698262e-02,-2.496744487559208192e-01,4.824803149188394702e-01
-1.138639174016115863e-01,-1.930921580342494226e-01,4.178370684102872823e-01
-1.144880608141016359e-01,-1.910799426581150928e-01,4.155378452883286000e-01
-1.284161628992069870e-01,-1.378665350746820506e-01,3.441556806506629318e-01
-1.287811414272722887e-01,-1.364722155029126083e-01,3.422846542336434594e-01
-1.322757616943146808e-01,-1.107764860350525932e-01,3.006081288760440451e-01
-1.347975184861821552e-01,-9.223127686423783500e-02,2.705295046763059319e-01
-1.364776224096270196e-01,-4.921605233119241696e-02,2.043467048179518353e-01
-1.359058110829605703e-01,-1.375989381580240353e-02,1.492667811538299916e-01
-1.324686270215942596e-01,1.499162168192742436e-02,1.050331501725800670e-01
-1.324593893626657970e-01,1.506797822600317374e-02,1.049156835893918088e-01
-1.293440127357747271e-01,2.559605636163637607e-02,8.589449028312956536e-02
-1.283002617065897855e-01,2.912215142724982123e-02,7.952270449262563434e-02
-1.273016056910552529e-01,3.249536666013613795e-02,7.342663549504580001e-02
-1.253841449715290823e-01,4.312012152786023900e-02,5.618519054098633503e-02
-1.246035846682229942e-01,4.744566138804650474e-02,4.916500078587053568e-02
-1.476076641892550556e-01,9.249306447563049316e-02,-3.803262323031408876e-03
-1.165186565235243887e-01,5.829812628605655911e-02,1.877770802829059615e-02
-1.131940327273035646e-01,5.609753885386194877e-02,9.049746841480011544e-03
-1.129814154271567145e-01,5.595724968198217270e-02,8.428945230022917567e-03
-1.117352881851182422e-01,5.466359324691775351e-02,6.715955757745618870e-03
-1.081025065369510541e-01,5.089123291893437456e-02,1.722160166949690541e-03
-1.078347103847041161e-01,5.061308738989769157e-02,1.354034261604918771e-03
-1.035198690101152147e-01,4.632584632180899303e-02,-7.120412445352303221e-03
-1.033328632907752759e-01,4.614043387256783202e-02,-7.487421426718363082e-03
-1.027414655004379729e-01,4.324133075519123043e-02,-1.255511509562637351e-02
-1.020952123063184058e-01,4.008704436725978038e-02,-1.807380229719453973e-02
-1.020322041562334581e-01,3.978026826950906147e-02,-1.861080910046447601e-02
-1.008154418950616277e-01,3.626432015333581199e-02,-2.161757408894133398e-02
-1.001486785759713172e-01,3.435044422956966270e-02,-2.325397665308732292e-02
-9.373822687097799200e-02,2.540833076047788533e-02,-2.025090823435903714e-02
-8.873817575060385932e-02,2.744060943592276439e-02,-1.863050163635453921e-02
-9.360405297339213782e-02,2.691890987235252830e-02,-1.697208845398727461e-02
-9.360756216680210517e-02,2.691852185257570529e-02,-1.697091277841177026e-02
-8.792571376375579728e-02,2.505313950643048640e-02,-1.569614298060882651e-02
-8.799772699598487624e-02,2.359754452216741849e-02,-1.374906513412688103e-02
-8.970307861980211794e-02,2.626107340187035580e-02,-1.191261187326353443e-02
-1.015159952445189029e-01,4.337938777091429610e-02,-2.329975732492509111e-02
-1.129836341460044302e-01,5.411812275582384563e-02,-2.169386283082504197e-02
-1.139657206515563292e-01,5.438411644051382998e-02,-2.308760414509218595e-02
-1.172919716067983287e-01,5.439875641829994973e-02,-2.658639104748432291e-02
-1.184125513788159556e-01,5.134427769141636233e-02,-3.064016237438900447e-02
-8.442480062520925366e-02,3.951393888457759018e-02,-8.050256531975504004e-03
-9.863418521311159703e-02,3.346995753505352389e-02,-3.985813232298771047e-02
-8.559160808108182139e-02,2.357162166790174179e-02,-3.710062875249425796e-02
-7.098621760957524174e-02,2.026394773772790397e-02,-3.657089527653870076e-02
-6.069692916184790676e-02,1.812681024881580838e-02,-3.541610024812977264e-02
-5.995625436293200439e-02,1.890958850659282819e-02,-3.432224941960129727e-02
-7.946176116939762668e-02,4.327935101499628956e-02,-7.720176469367637240e-03
-7.246699024694382152e-02,3.345514842789612531e-02,-3.298935705283018160e-02
-7.416102609846798865e-02,3.533001775095213903e-02,-3.527791928302623226e-02
-7.263704871866089041e-02,3.391995931019269050e-02,-3.732898099063225450e-02
-7.040555681319116132e-02,3.243658965462767330e-02,-3.538303408439949505e-02
-6.801672734980490631e-02,3.049555188262959710e-02,-3.548001266025258005e-02
-7.267985909397341182e-02,4.321552413396118064e-02,-9.876869343750302455e-03
-6.185904942437583931e-02,2.314722291319503550e-02,-3.722117168036459534e-02
-6.106100726894475583e-02,2.354675391544888696e-02,-3.547289948162829498e-02
-6.091796544850983097e-02,2.527731831473077617e-02,-3.551704337453379101e-02
-6.585648591875954694e-02,3.652849638061379800e-02,-7.892117488219517474e-03
-6.980298068522382271e-02,3.110026866588658928e-02,-3.612990491925369141e-02
-7.313062511273864252e-02,3.355758921051925359e-02,-3.882723628039785879e-02
-7.387563496190516221e-02,3.263957639729020421e-02,-4.009526974885674333e-02
-7.364512913343206069e-02,3.616922914627409419e-02,-4.233623215800402795e-02
-7.647513451713697230e-02,4.359623138472902559e-02,-4.123680883115490858e-02
-6.061636550739017693e-02,2.705903668973485762e-02,-3.509519038258891721e-03
-6.905496093316533524e-02,3.930611439512506078e-02,-3.470477111830860828e-02
-7.051790488612130758e-02,2.361228098795111613e-02,-3.006620510040690364e-02
-7.130679592054416094e-02,1.673524156542829239e-02,-3.006485256593879885e-02
-7.348900758238020858e-02,2.428450275238408507e-02,-3.427430497675282295e-02
-7.337526643996888920e-02,3.091257886703620283e-02,-3.437245690355536509e-02
-6.961073240867365897e-02,2.537283066370955159e-02,-3.298680791540682666e-02
-7.343626249490237123e-02,2.625789185891641564e-02,-3.138690156538570530e-02
-7.528168892269970769e-02,3.057355806547672195e-02,-3.663429078219523904e-02
-8.215907851676948481e-02,3.485907746246137695e-02,-3.761075016098963664e-02
-8.311345055059377041e-02,3.571525880618298121e-02,-4.133376517706702225e-02
-8.426286118330485186e-02,2.925561995569129353e-02,-4.101092993652058483e-02
-6.540842923024170474e-02,1.993325453930552479e-02,-3.447407845017763650e-03
-8.683351969295591277e-02,1.737673531945511246e-02,-4.037821806599881103e-02
-8.648200093950218770e-02,1.338901139599497220e-02,-4.481648546810987344e-02
-8.983275480242827737e-02,1.793817294284626163e-02,-4.452572517720912448e-02
-9.128523253851453245e-02,2.802316536814071501e-02,-4.403235059299898113e-02
-8.424026401390508068e-02,3.189580558229324764e-02,-3.774762441133003299e-02
-8.254724667269056071e-02,2.549604715625854862e-02,-3.849567397713760109e-02
-7.945970721816725257e-02,2.189122363724227416e-02,-3.971976199269494634e-02
-7.658612091745391204e-02,1.879672824866097242e-02,-4.074306965304824724e-02
-7.814554050081745640e-02,1.984093411188628947e-02,-4.117426546263389109e-02
-6.757330552236495702e-02,1.501104680877774281e-02,-3.463267761148379476e-03
-6.670673536028705330e-02,1.404288244591107848e-02,-2.705402882402674347e-03
-7.232445357757340265e-02,1.988367683292362187e-02,-4.029108544635540134e-02
-6.320872347009698355e-02,1.076518596019639465e-02,-2.417064347192049434e-03
-8.359886580785327870e-02,1.296900338196738806e-02,-4.226420337419570239e-02
-8.200460751610273713e-02,1.377076902162035349e-02,-4.269477499884119509e-02
-8.502755230135179698e-02,1.898614873989864366e-02,-4.329462560138169769e-02
-8.292483421061483395e-02,1.854114314280450732e-02,-4.377119022595665765e-02
-6.781032294051640708e-02,1.712117907771502565e-02,-6.442785104911204208e-03
-7.827963124677639328e-02,1.740485040916144033e-02,-4.468314341735346584e-02
-7.473122581211533166e-02,1.805192589738709164e-02,-4.235470762287601998e-02
-7.365842667687821921e-02,1.767267399018110363e-02,-4.084271304279299408e-02
-7.882361484495259418e-02,2.763196071439887047e-02,-1.159268819649379029e-02
-8.098772582922060537e-02,2.931226361911575679e-02,-1.212507969709569755e-02
-8.158584566503665481e-02,2.977662881151890359e-02,-1.227230760445420510e-02
-8.168356336468984846e-02,2.947147295043242229e-02,-1.227123234948093722e-02
-8.172392734308379925e-02,2.934535602432293555e-02,-1.227082481031233074e-02
-8.178435153207024022e-02,2.915648797072807608e-02,-1.227025482199527173e-02
-8.178593528160438275e-02,2.915153646150275141e-02,-1.227024052949116789e-02
-9.073014255985485665e-02,2.730383754371817212e-02,-4.378190486993360775e-02
-8.903860701119660492e-02,2.201029659456049670e-02,-4.458458371520510055e-02
-9.203286493734663676e-02,1.801482998471481273e-02,-4.364922477871857609e-02
-8.760025512975315454e-02,1.266594074800068970e-02,-3.927774095701769275e-02
-8.050990693707628376e-02,1.843704991986986480e-02,-1.175345687434809633e-02
-8.770398554251944423e-02,1.316120903849456875e-02,-3.946871654811087704e-02
-9.145608823173438651e-02,1.294418908955990988e-02,-3.723332427871284267e-02
-9.445163581119499219e-02,1.552295810418000827e-02,-3.917027770316264257e-02
-9.189699351254462800e-02,1.652461536507505296e-02,-3.783988654979686395e-02
-8.443333080058716689e-02,2.589708312565755163e-02,-1.087742726180033342e-02
-8.564629172018664582e-02,2.725907250977280954e-02,-1.088057408887316280e-02
-8.211792301929113358e-02,2.585284004200249716e-02,-1.032897964143421332e-02
-8.200645788562774263e-02,2.580841081910574542e-02,-1.031156190236825337e-02
-8.285646585749230353e-02,2.518562872280278447e-02,-1.034673303060941463e-02
-8.434427996209527267e-02,2.149341134344588677e-02,-4.521082104873871965e-02
-8.650893444926258113e-02,2.131330861358822493e-02,-4.353504057306195607e-02
-8.738536480857587996e-02,2.232418650348001049e-02,-4.270619413345372317e-02
-8.544996748783709184e-02,2.235544620926373932e-02,-4.005500251605625950e-02
-8.049034127734031041e-02,2.061114999635058065e-02,-1.050429602434729826e-02
-8.953134962443291822e-02,1.640494229923503133e-03,-4.146666653991515350e-02
-8.997645112880200968e-02,-1.273991460052109614e-03,-4.238180225582507954e-02
-9.030932092624582852e-02,1.115058954158920645e-03,-4.213850588105072514e-02
-8.790245796399737133e-02,1.105356771619823986e-02,-4.169481121132473378e-02
-8.724168000647460064e-02,1.545792667520537456e-02,-4.228580997664316277e-02
-7.976092306576824942e-02,1.911006693962088998e-02,-1.050539456953922257e-02
-8.795021668436985018e-02,1.997926810694140853e-02,-4.331811844459401706e-02
-8.758002006401097161e-02,2.619583290145595378e-02,-4.451552702466360367e-02
-8.738412234753131780e-02,2.819223494134420055e-02,-4.345028040435799932e-02
-8.961141608403766501e-02,2.532590682045642722e-02,-4.317703569760231175e-02
-9.136307583115052533e-02,2.319371163992765827e-02,-4.233687517768963682e-02
-7.740317072831802425e-02,1.478381021797042782e-02,-1.232713867389269302e-02
-9.212332663576423830e-02,1.494348346366804192e-02,-4.405448106117032525e-02
-8.746542667185167041e-02,1.088315242825303730e-02,-4.400890220294931265e-02
-8.134354504419874510e-02,1.030235372071519606e-02,-4.312349400825785106e-02
-7.968426510021624221e-02,1.262553100765362313e-02,-4.097416955738716893e-02
-8.128734274274382332e-02,1.887601799374644118e-02,-3.967672431055729865e-02
-7.358933312453107278e-02,9.859530036875119308e-03,-1.225184227278420385e-02
-9.131318942456728704e-02,1.742714976218372180e-02,-4.583114204816562953e-02
-9.219493337728772164e-02,1.698673618864070256e-02,-4.536281395829944163e-02
-9.192539608527494632e-02,1.806726496509696717e-02,-4.715653606903830175e-02
-8.905520143331484284e-02,1.994512637205005795e-02,-4.724169690378912656e-02
-9.509587925918769336e-02,2.023824847327490573e-02,-4.436927091011208524e-02
-7.887283970687192225e-02,8.982960881840723610e-03,-1.104881156630091454e-02
-9.549301568896988168e-02,1.950096621017429616e-02,-4.791478213828437305e-02
-8.948899251324383963e-02,1.459565961844477844e-02,-5.324363299194681542e-02
-8.241087112138496817e-02,1.392184026292034998e-02,-5.041985086340849964e-02
-7.903392074686005353e-02,1.359522755875954697e-02,-4.489815600563623610e-02
-8.384154262705992289e-02,1.392030236430426282e-02,-1.275574357518018814e-02
-9.746091482657492922e-02,1.811576949296395816e-02,-4.523363639377145362e-02
-1.054763701421001787e-01,1.834630888801806747e-02,-4.911103021027973803e-02
-1.077439042498738175e-01,1.665708459962485233e-02,-5.216415193355214419e-02
-1.079129077700680950e-01,1.039565130831997253e-02,-5.360179385622929060e-02
-9.044011798083660680e-02,2.144946000265097324e-02,-1.370450954755948053e-02
-1.063180089932567185e-01,4.232886910633011646e-03,-5.096797068711295120e-02
-9.247301913172897847e-02,2.282250486578768153e-02,-1.434445021073303683e-02
-9.839588233430729414e-02,2.328452654389619181e-02,-4.606004964068685648e-02
-9.168423152244796481e-02,2.339765070501865010e-02,-1.555059372826960579e-02
-9.181476654303179219e-02,2.645212119569155529e-02,-5.015839606726976707e-02
-9.001418384854630028e-02,2.430678669527853997e-02,-4.987457684642138123e-02
-8.860320316703670929e-02,1.719933734060747482e-02,-1.741930759461964018e-02
-1.034084859340779899e-01,1.794074656788786915e-02,-4.721200195483410411e-02
-1.077221159160655084e-01,1.405369141241689240e-02,-4.976020824123841835e-02
-8.996472406065748884e-02,1.740246755655466479e-02,-2.001161671699663164e-02
-9.083018678543477997e-02,1.979142412390966915e-02,-2.090512752812066777e-02
-9.097070619315925089e-02,2.017926551323785678e-02,-2.105022414912611356e-02
-1.041890767471544271e-01,1.634466824042891953e-02,-4.301036818431025477e-02
-9.254162127160016349e-02,1.724041195619013464e-02,-2.233873104743323151e-02
-8.931653953720805617e-02,1.380092224895304934e-02,-2.270392948339697292e-02
-8.920307396932231070e-02,1.367990605213647431e-02,-2.271679562205509290e-02
-8.969149991272724887e-02,1.549617888243952010e-02,-2.336697112307550839e-02
-8.969643734823670722e-02,1.551454323357327400e-02,-2.337355736345281265e-02
-9.656152462258917046e-02,1.779461900455678314e-02,-5.102801978035365060e-02
-9.072950345055739996e-02,1.636269344055112790e-02,-5.230027481989391047e-02
-8.184474597260392448e-02,2.274183429393220046e-02,-5.188389154123865254e-02
-8.291019326551368751e-02,3.057802360779848794e-02,-2.473790895028576270e-02
-8.265283960774005845e-02,3.435108038290736465e-02,-2.499200456671854531e-02
-8.242064652260400193e-02,3.775497467905122168e-02,-2.522119666815448441e-02
-8.371579434634976447e-02,4.649869130858778898e-02,-2.541544069965813446e-02
-8.379735041183260236e-02,4.704997977434158263e-02,-2.542765236812109114e-02
-8.604360434274664626e-02,5.880979481118323721e-02,-2.600405110477947007e-02
-8.871109874142898977e-02,3.519953525240650249e-02,-2.974553573222768477e-02
-9.088748154924909672e-02,1.592574939618771404e-02,-3.280137304062096665e-02
-8.516968169138008915e-02,1.200241689447281712e-02,-3.278338000573688404e-02
-7.463800411432290616e-02,7.446052674537087523e-03,-3.728238994322483069e-02
-7.390590655089404604e-02,3.867877117887164040e-03,-3.287320856589748264e-02
-9.017978768042733684e-02,3.502858684611455387e-04,-2.807620521417412973e-02
-9.435148832382762862e-02,6.347517896033723350e-03,-2.964843773352482392e-02
-8.953099613375403720e-02,1.345192845748286598e-02,-3.626284274218702364e-02
-8.585500635584202012e-02,1.332194444485639007e-02,-3.608725048372588007e-02
-8.035571403142677260e-02,1.277220466135332855e-02,-3.292546114383232414e-02
-7.670976562194496695e-02,1.122703589753468179e-02,-2.988638292127757112e-02
-7.719633645627388407e-02,6.909053114425967035e-03,-2.975219509029036757e-02
-7.568704327966399581e-02,3.708925161289844397e-04,-3.431914383235670774e-02
-7.907817817771436997e-02,-2.196328179405265812e-03,-3.718546133214303828e-02
-8.290384445076584563e-02,-1.719279050755001537e-03,-3.532137952890043731e-02
-8.457347866606990117e-02,3.810521594484965469e-03,-3.099586224426939540e-02
-9.171606127806342101e-02,4.963606470151548516e-03,-2.845736972309151347e-02
-9.178885333646519262e-02,6.991333076270742075e-03,-2.594558664958809824e-02
-9.067614966869816384e-02,6.255458237799417509e-03,-2.501129388914949403e-02
-9.067014351633735647e-02,2.936550040961237451e-03,-2.255432908809787418e-02
-9.430343391861564784e-02,-1.353650476998702334e-04,-2.292448054833931548e-02
-9.731550132503377637e-02,-2.865672197278054667e-03,-2.615450056875009283e-02
-9.799939837342713789e-02,1.587635954962141049e-04,-2.688321215268990594e-02
-9.110074381634288010e-02,3.057797697137286386e-03,-2.620844223964463593e-02
-8.887006279769175954e-02,2.409786254226359281e-03,-2.477393739575772802e-02
-9.150943121694152249e-02,3.247276536337780073e-03,-2.521425319368419959e-02
-9.706452000532349300e-02,8.069132023216324390e-03,-2.252062990805192566e-02
-9.530385042404802831e-02,1.198345192448552199e-02,-2.252351182070830987e-02
-9.342863184133590182e-02,1.236099962260531204e-02,-2.317033239086002672e-02
-8.980159961567768523e-02,5.562481941617382353e-03,-2.472511642480892946e-02
-8.791671639352893752e-02,-3.174219507093484216e-03,-2.682206560703309650e-02
-8.622706841999072669e-02,-3.191337856724804634e-03,-3.096942059099513922e-02
-8.316321808099663704e-02,2.630731033969956056e-03,-3.539055393684370499e-02
-8.060685610231080322e-02,7.219898147164158231e-03,-3.561566132611283103e-02
-8.336644788482190649e-02,9.534751546926463484e-03,-3.547793991205799857e-02
-9.260853713094326090e-02,9.528496867482756649e-03,-3.323817266177109264e-02
-9.311823563454429964e-02,3.437845652398976992e-03,-3.135724645416626544e-02
-9.079077812994812424e-02,1.674897998529378818e-03,-3.043592284894880429e-02
-8.439232640626129212e-02,4.529254505760554883e-04,-2.988052049986086867e-02
-7.645010808890503884e-02,-1.022346908200574139e-03,-3.159303914419726855e-02
-7.726199075089563995e-02,1.076644303977455919e-03,-3.395198009950278761e-02
-7.731705820058899781e-02,1.446317885696379868e-03,-3.528789569950180338e-02
-7.797897626653370329e-02,7.785616624358490667e-03,-3.247348693163648603e-02
-7.662688478261356351e-02,8.744715074687360590e-03,-3.144797517856079416e-02
-7.872443382480405483e-02,1.116912371061464654e-02,-3.247809809968679740e-02
-7.739170322716014405e-02,1.104509141559292459e-02,-3.519372645927001941e-02
-7.489921568339004410e-02,8.393281526169665829e-03,-3.616807983551512118e-02
-7.470563690978357374e-02,8.213874315824806760e-03,-3.414595337315434742e-02
-7.533344132958322281e-02,6.803361175767817792e-03,-3.479818614124893794e-02
-7.738807537612764353e-02,7.440689425981451832e-03,-3.736935960375234456e-02
-7.694395072929252621e-02,9.551382443559894297e-03,-3.685245142894147397e-02
-8.081097430391760705e-02,1.021022820057277541e-02,-3.575035477763220670e-02
-7.975303512831487251e-02,1.178986612839871134e-02,-3.292073628341635194e-02
-7.561732384382160999e-02,6.603833955362958807e-03,-2.991618525953546048e-02
-7.354389855254930830e-02,1.709242587913259448e-03,-3.172200862592536308e-02
-7.258215263620917956e-02,-1.470362771725103324e-03,-3.401542778250921106e-02
-6.942367236066168679e-02,-3.663470684137581923e-03,-3.438958658219656850e-02
-6.865910938104409500e-02,-2.232424829131430394e-03,-3.611292527287605914e-02
-7.032829078164362646e-02,2.874816770840941949e-03,-3.606154876008582644e-02
-7.379270652458688740e-02,6.392071855827449745e-03,-3.247458751920040410e-02
-7.625412587914345841e-02,5.542567907379218617e-03,-2.998133576318695592e-02
-7.673972084004405947e-02,1.950631078251496842e-03,-2.838958514390904631e-02
-7.496076137728412137e-02,-1.741090047107748950e-03,-3.039758996542524239e-02
-7.388294835644557135e-02,-3.759041136691051999e-04,-3.063584564924291820e-02
-7.147970322695687551e-02,1.558211657022190444e-03,-3.246494194859628202e-02
-6.893416976979620248e-02,1.032558977195882632e-03,-3.217317304645400666e-02
-7.062562103414078696e-02,2.840104047674291143e-03,-3.145525624301490075e-02
-7.391747912625352968e-02,3.621055128178993221e-03,-3.003247165197325819e-02
-7.526825090138974939e-02,2.631294649584219048e-03,-3.027435878992987273e-02
-7.520191643621598754e-02,1.358687598806574554e-03,-3.036813548571584698e-02
-7.490846697393567510e-02,-1.324530774471116557e-03,-3.233962183932057033e-02
