-7.083992548843215387e-02,-5.851828857624184060e-02,-1.491431578661199520e-02
-2.065986835260679999e-01,4.374678583180947600e-01,-1.988976642963549979e-01
-3.381408412783796225e-01,9.154002355541608349e-01,-9.246100698917185390e-02
-5.469672458380102631e-01,1.372393347140005826e+00,-1.747215104731675017e-01
-1.021618754995378353e+00,1.648427821903347468e+00,-2.062750357677400059e-01
-1.526975842649237025e+00,1.909741044028387291e+00,-1.712181544965397095e-01
-2.056858253308543549e+00,2.075368655357959558e+00,-8.867254977202906896e-02
-2.497249704697404038e+00,2.465538208318593494e+00,-5.445657536612080740e-02
-2.738794765027626088e+00,2.953116577040578505e+00,-8.359619617498609268e-02
-2.875968131899749647e+00,3.550394055944633642e+00,-8.722380334691078041e-02
-2.880739367339603785e+00,4.052450462725333935e+00,-7.371445576923485454e-02
-2.878883224157493981e+00,4.558651947740536059e+00,-6.860146519614383764e-02
-2.831296283701211447e+00,5.085824633225803915e+00,-2.050133034326561549e-02
-2.790574585304594457e+00,5.650496978536685866e+00,8.059157546209555836e-03
-2.840791401792636339e+00,6.211770219046828245e+00,8.855427248030366127e-02
-2.936014058484476941e+00,6.698369671366782185e+00,1.724792279738353307e-01
-3.203674287485155148e+00,7.165841087842958146e+00,1.264674159941009957e-01
-3.617389660470258228e+00,7.471363052803028815e+00,2.074214055681512445e-02
-4.058742775151062965e+00,7.678160552670503236e+00,-1.350747369920454188e-01
-4.622569957787903583e+00,7.703195560702099876e+00,-2.050690436551980689e-01
-5.178917644843013868e+00,7.684330930319449138e+00,-1.886236032925581174e-01
-5.737063697613337787e+00,7.645805630156599975e+00,-9.268759174474010265e-02
-6.290997831874078905e+00,7.703852844130572031e+00,2.664245090875482641e-02
-6.880854592517263946e+00,7.886037948628415784e+00,5.558086306136049426e-02
-7.388608088168011179e+00,8.082628383877443312e+00,2.869091368894586061e-02
-7.847035842917889248e+00,8.351860576994045715e+00,3.302328589632928801e-02
-8.298323186772663007e+00,8.640941053107839664e+00,9.598617282768329151e-02
-8.724582096860848068e+00,8.898142343065613247e+00,2.495072933347404209e-01
-9.165588172823493807e+00,9.139484312596726667e+00,4.472009212837414482e-01
-9.641153981036241660e+00,9.313161590030054171e+00,6.528092754363225003e-01
-1.016773644999642379e+01,9.494612180843848392e+00,7.677779897111928209e-01
-1.070594361077056078e+01,9.677723753907841342e+00,7.381338283986119686e-01
-1.116217187528443944e+01,9.797702407112998557e+00,5.713476041627626456e-01
-1.164906942641092868e+01,9.934423885326943093e+00,3.294277627626663874e-01
-1.204689340326673452e+01,9.900592704332929372e+00,1.636694235005343653e-02
-1.241843972184757483e+01,9.660447230128749396e+00,-2.481092620890215095e-01
-1.277548456610456995e+01,9.286829424724377446e+00,-2.780265211415787197e-01
-1.287386056613202712e+01,8.791074232139513001e+00,-2.822102127501591173e-01
-1.293828828619815141e+01,8.211674857095312419e+00,-2.475012207880742388e-01
-1.294639442908420257e+01,7.720065700660775576e+00,-1.078735788619292202e-01
-1.291657134385744499e+01,7.262999229233408016e+00,1.204395241420788409e-01
-1.298576118126681322e+01,6.795101201821589498e+00,2.939813329425301491e-01
-1.323282900621754621e+01,6.298196805691563149e+00,1.429595946371814141e-01
-1.349801463451465366e+01,5.838023731648886105e+00,1.233637003866471099e-01
-1.364144038532568537e+01,5.275386132760838009e+00,2.291536330585335346e-01
-1.379970921485957014e+01,4.806295609586603845e+00,2.996016452212212910e-01
-1.406174040211391940e+01,4.252565861905889477e+00,2.735404241584576956e-01
-1.423126295066266778e+01,3.694390998723664499e+00,1.436496659300715018e-01
-1.452896865487502254e+01,3.204096273736665612e+00,9.178745442054932202e-02
-1.498953432652449180e+01,2.793569562256706273e+00,8.434606832260314879e-02
-1.555656352178141866e+01,2.630669027334801235e+00,9.894902846097909654e-02
-1.618570528972167466e+01,2.651804010032369874e+00,8.291573537057339571e-02
-1.671338457269916589e+01,2.718615872964953439e+00,1.427830756172336346e-01
-1.721720466505749769e+01,2.909114942100978318e+00,1.859526123800987196e-01
-1.769244133300521327e+01,3.138304828895088772e+00,1.744108028283938572e-01
-1.819444567507276744e+01,3.399756968598280249e+00,1.434639316192007075e-01
-1.872237567712589623e+01,3.680973844979294807e+00,8.562667860061512481e-02
-1.927478484228013045e+01,3.699776040579252800e+00,-1.588711580909742127e-02
-1.972657627825512705e+01,3.409746708704334495e+00,-3.434094682077772076e-02
-2.003748208471867542e+01,3.013802602669627628e+00,-2.935778532692504689e-03
-2.020192888918893104e+01,2.498057538891103491e+00,1.259429693399836091e-02
-2.030179959219965724e+01,1.949523178710540705e+00,-2.091977928469282780e-02
-2.032895904556798783e+01,1.398649378890364670e+00,-4.972390101047541311e-02
-2.031237415693363246e+01,8.382898014943935827e-01,8.826824310078043578e-03
-2.033223608993594311e+01,3.202050102508853247e-01,5.930393250978463482e-02
-2.037845053199045608e+01,-1.827946513465630862e-01,8.748808440588365376e-02
-2.045061846612917122e+01,-7.905027046316515094e-01,1.049786188292598788e-01
-2.051413052457877839e+01,-1.382880174845814159e+00,6.867268298834439122e-02
-2.052057908622473903e+01,-1.895851241026978773e+00,7.149980229530907005e-02
-2.056110665165153151e+01,-2.503624984523984853e+00,1.330852933747871947e-01
-2.057823963200526052e+01,-3.079936988581273294e+00,1.802385312528717309e-01
-2.070244287281228068e+01,-3.602242272039618332e+00,1.641245137366724727e-01
-2.092523432638921577e+01,-4.121051598923926029e+00,1.143490252892759573e-01
-2.125177644018438272e+01,-4.607141399705473539e+00,1.175471725802031686e-01
-2.169647128575806150e+01,-4.998668211732893774e+00,1.143721597417474145e-01
-2.214424507515184715e+01,-5.379503470824468003e+00,1.104736839636265289e-01
-2.261875507788230166e+01,-5.636232328022371618e+00,9.337484635933890331e-02
-2.319418490501350050e+01,-5.825125763529078071e+00,9.425338867367832885e-02
-2.374640903817426718e+01,-5.895653171853387775e+00,1.021971897544261126e-01
-2.426629178446809476e+01,-5.782028052024767106e+00,1.171595745925801263e-01
-2.474926346742867977e+01,-5.557735665874574238e+00,1.409363193556438798e-01
-2.507316701452925400e+01,-5.135709442792318669e+00,7.199353709667685730e-02
-2.531551559943716612e+01,-4.623095396347698838e+00,-4.531262372908403252e-02
-2.544088371414417082e+01,-4.036151098211789190e+00,-1.235420935097287648e-01
-2.537407930392210886e+01,-3.487528148004907624e+00,-9.499431545505845897e-02
-2.532121757035514165e+01,-2.966616945198901067e+00,3.692991311377459562e-02
-2.528641600881842422e+01,-2.409110788117167168e+00,2.118695008771369348e-01
-2.527448614334338117e+01,-1.909651885113525127e+00,2.816275610090521742e-01
-2.525873928174811667e+01,-1.377999634101317428e+00,2.683593494518868861e-01
-2.521289604095120396e+01,-8.468302150765221192e-01,1.688519292738095978e-01
-2.520506566884980870e+01,-3.375740639286640143e-01,9.760353089679019156e-02
-2.509266104164721156e+01,2.471683195403159283e-01,2.289911428777208213e-02
-2.494370548127895759e+01,8.356299615557525318e-01,-4.731126297536748099e-02
-2.478629231856839610e+01,1.323216304588832104e+00,-5.833131937015900020e-02
-2.452545836083405817e+01,1.861217736719271487e+00,-8.636535134718592577e-02
-2.429386925112662965e+01,2.413157584393261779e+00,-2.479534302183607902e-02
-2.402607922051855738e+01,2.936779081986072182e+00,7.951165443146832046e-02
-2.380298144476328659e+01,3.453373324688576496e+00,1.765119388475344664e-01
-2.360107971346160838e+01,3.971610529248447374e+00,2.178696032862421361e-01
-2.336554693881097222e+01,4.475565836051425883e+00,1.607357844327231278e-01
-2.323091933273190790e+01,4.975131847755962511e+00,1.139213400449483327e-01
-2.316127339130933649e+01,5.481510337305967262e+00,1.058598708002046196e-01
-2.307495938214002962e+01,5.994277747209705076e+00,8.007696532793395772e-02
-2.302693889049638898e+01,6.507488418408605924e+00,6.519519267035814303e-02
-2.300632834259959125e+01,7.037729424832660285e+00,9.955702742609331968e-02
-2.298256785227738774e+01,7.589557519894884585e+00,1.138406411365473631e-01
-2.300466854954986218e+01,8.120295364786034753e+00,1.338054489473183284e-01
-2.297434966173245741e+01,8.648909820588789543e+00,1.770204383836903872e-01
-2.272972563401798141e+01,9.171366511925773679e+00,5.626801925238029273e-02
-2.244658714807839317e+01,9.688482807997685242e+00,-4.290769854495293106e-02
-2.216402143688965509e+01,1.011078727381139508e+01,-1.021475276152345318e-01
-2.195691377829102109e+01,1.060243430887770266e+01,-1.766516672910925512e-01
-2.184506210571598217e+01,1.109710844592393464e+01,-1.448169463406309976e-01
-2.179398676813805125e+01,1.167778111488203585e+01,-7.517709910234283976e-02
-2.187122333073243396e+01,1.221334132794736149e+01,-1.136771334762168989e-01
-2.200807066557883118e+01,1.275219871294654794e+01,-1.310118134653988631e-01
-2.220538301295236749e+01,1.323351702564466947e+01,-1.542394173932489509e-01
-2.241637322034463509e+01,1.371190244799635138e+01,-1.938308020028161605e-01
-2.258070160819356786e+01,1.418997117064264657e+01,-3.273354360073142955e-01
-2.271984378581500152e+01,1.466476585975918923e+01,-4.240615422533038359e-01
-2.281350986678169335e+01,1.525850710999935878e+01,-3.763862439268038096e-01
-2.277591406673389329e+01,1.574876285818297639e+01,-2.536191020738213231e-01
-2.257857691383054544e+01,1.628201032435475426e+01,-1.063076004074303138e-01
-2.221745711837361270e+01,1.661415022346778869e+01,-9.766382301795897836e-03
-2.170758368031548002e+01,1.684446978899342540e+01,-2.803571410735675173e-02
-2.115115213911140657e+01,1.702116178707477800e+01,-5.186622047054301188e-02
-2.065385184605624502e+01,1.710668029554982539e+01,-1.209618412703746537e-01
-2.016717654718258146e+01,1.718113062858215656e+01,-2.164603259411269076e-01
-1.959938660580855085e+01,1.717038796468755280e+01,-3.452897979526875494e-01
-1.901558720528851154e+01,1.706440223942057344e+01,-4.707089280977692081e-01
-1.841143811085633786e+01,1.696355371193249084e+01,-5.888734767408844162e-01
-1.782755926921064571e+01,1.686812712718930030e+01,-6.660577769177846719e-01
-1.723766135452867232e+01,1.679358318808257522e+01,-7.382567494086085258e-01
-1.673655628532867823e+01,1.683135940751686732e+01,-7.156100833784285742e-01
-1.624045593010024646e+01,1.688540881371855207e+01,-5.916019099982388063e-01
-1.578484971610349241e+01,1.691954649453514037e+01,-3.236462783852185332e-01
-1.530955595201279174e+01,1.681927810433050041e+01,-1.712193250476603257e-01
-1.476096672739453730e+01,1.677694219421891120e+01,-1.324475589351594151e-01
-1.421048751262243925e+01,1.678039242008388854e+01,-1.333381591792023868e-01
-1.363130804219450987e+01,1.680361624023883849e+01,-1.538213079774213843e-01
-1.312584176892655563e+01,1.684903903928502444e+01,-1.533271443001120726e-01
-1.261573251037644461e+01,1.673865417539202838e+01,-1.668718205677570121e-01
-1.208792979124184441e+01,1.652339502145695249e+01,-1.546136710958753435e-01
-1.184452834928042719e+01,1.603109916525502143e+01,-1.369627002573219898e-01
-1.177553478366333906e+01,1.551678742255408139e+01,-1.316189797527347605e-01
-1.189952061964529051e+01,1.494814684143218564e+01,-1.063779953666104255e-01
-1.210093207364199408e+01,1.438949691621257720e+01,-5.687629211852313071e-02
-1.235224458824729332e+01,1.385925304222951127e+01,-3.397465497361296105e-02
-1.270885312728545458e+01,1.342569740650799659e+01,-3.219350213897337332e-02
-1.306347516429372035e+01,1.293610524027731223e+01,-7.157787058500619803e-02
-1.336229585003288101e+01,1.252757366946387840e+01,-1.475444373000006915e-01
-1.356869959329386255e+01,1.206562247650713005e+01,-2.327190048832825375e-01
-1.364810078544562266e+01,1.155633845111630009e+01,-2.944112127451320449e-01
-1.365096614993623625e+01,1.095774636691185044e+01,-3.624481749210621273e-01
-1.341631416100672247e+01,1.046411090631558416e+01,-4.125954414115119429e-01
-1.305305463130524402e+01,1.008298716001092465e+01,-3.552495079156051672e-01
-1.074683959218152829e+01,9.805464613832635123e+00,2.177900041234439588e-01
-1.030050412612878574e+01,9.395056086443188903e+00,1.235610353819039942e-01
-9.937914587012382839e+00,9.052947950600159999e+00,-1.515321639152911876e-02
-9.534160197717744367e+00,8.654696822744071483e+00,-6.977252471153258528e-02
-9.104905709299769612e+00,8.382571344464663454e+00,-6.825230477046995148e-02
-8.605769846546213131e+00,8.306890074875338925e+00,-1.294969475457495300e-01
-2.814945954266136141e+00,7.425611165240435518e+00,-5.649666566730213862e-02
-2.278151245754349130e+00,7.354038513695212664e+00,8.210839967972977105e-02
-1.751417390801897955e+00,7.402543473214521441e+00,1.007155788278793485e-01
-1.226778691399299959e+00,7.461109475245297773e+00,6.134970809648367801e-02
-7.066495850920169186e-01,7.468045928757610419e+00,-6.258453295188842747e-02
-1.410995273349534285e-01,7.565354132278979016e+00,-2.139243938509461374e-01
4.182198526072948841e-01,7.706144223961886475e+00,-2.861128717713830039e-01
9.510067827371833094e-01,7.747203352067865367e+00,-2.142905494783806652e-01
1.429996893763094246e+00,7.733562556445574110e+00,-6.180830445311988330e-02
1.906079680399752618e+00,7.455480118414810065e+00,8.010482325955742278e-02
2.262330023049294425e+00,7.011845371608033339e+00,8.562506698240629488e-02
2.443836313185569598e+00,6.467970160522164669e+00,-1.364049654476322260e-02
2.471982173361898738e+00,5.959149165366745216e+00,-8.521102559789128783e-02
2.447180780700563218e+00,5.366440958105591186e+00,-1.705547618667133669e-01
2.303137037582325686e+00,4.865746861809438606e+00,-1.896113069462513623e-01
2.108657624931208119e+00,4.286677159512236379e+00,-1.186030466489492313e-01
1.994914419075218159e+00,3.785566199365281381e+00,-3.291341705011960328e-02
1.777305014372054792e+00,3.249363495588892370e+00,-8.777272728829808163e-03
1.597077104485685739e+00,2.759719091300813609e+00,6.555579183259990783e-02
1.534680004456667746e+00,2.238345448119467562e+00,4.248357775117493629e-02
1.389930590060743931e+00,1.657187794193991648e+00,-3.764092897702749074e-04
1.324121670470040035e+00,1.153156355498037300e+00,-7.895876920508559937e-02
1.088476813319165570e+00,6.971843945084319483e-01,1.090506484720544511e-01
8.333021689563274714e-01,2.871429374697078707e-01,3.225148864647390812e-01
4.621606947430005885e-01,-2.049648856870559255e-01,2.957056238215391430e-01
8.562080092269705456e-04,-5.288802277290991505e-01,-1.696745319559112564e-01
