-6.783732161733947719e-02,-3.295318584180653709e-02,2.131551815269868561e-02
-9.493461257158274103e-02,4.553460739757858033e-01,1.295227953003542931e-01
1.822680887793579063e-01,8.893909416519821809e-01,1.355402717556306313e-01
4.517764703768164525e-01,1.320023781911837446e+00,3.167449457788848455e-02
8.640175443370449182e-01,1.612147444706067079e+00,5.326121255872098836e-02
1.301725656836694167e+00,1.897570828246400776e+00,1.358608816450052326e-01
1.768177044487569738e+00,2.090456434338141545e+00,1.058916553993098780e-01
2.300809914592459648e+00,2.150009109101516103e+00,6.523870467399034423e-02
2.802250332247695042e+00,2.230841262149380277e+00,-1.475170423023212940e-02
3.305404596026036312e+00,2.204777577253442367e+00,-3.193666414197953579e-02
3.822942589856576312e+00,2.170932505874189733e+00,5.720943630001983082e-02
4.318375058038677494e+00,2.176697963324954799e+00,1.465029202241000805e-01
4.880195088170858675e+00,2.148887116342905301e+00,2.214869305180863224e-01
5.384474718264725901e+00,2.255178622676481837e+00,2.784761572188041989e-01
5.822106647335735907e+00,2.502848539540381889e+00,3.290917417667457157e-01
6.241621968725113767e+00,2.852537302650727025e+00,2.327112835653516454e-01
6.462005416836848148e+00,3.279942969339341818e+00,9.088076133268924162e-02
6.624728357257279932e+00,3.771166741512583798e+00,-3.593067845434005925e-02
6.750965156831188807e+00,4.288798224827841565e+00,-1.039617468960473690e-01
6.686845723907684835e+00,4.812152303456111113e+00,-1.687774030382223345e-02
6.371107410698209073e+00,5.213599324703494631e+00,1.201926283470191731e-01
5.824206820243896132e+00,5.342405627473342022e+00,1.705009021847503914e-01
5.326880192675249148e+00,5.466158597396156615e+00,1.749745758361503922e-02
4.905063546355230564e+00,5.772850895915548008e+00,-2.172013757377511400e-01
4.611663794639558667e+00,6.148694361661530827e+00,-4.020809666473395549e-01
4.398445311839376259e+00,6.647058167366665771e+00,-5.143419367720573065e-01
4.210184195657343587e+00,7.161829274652927069e+00,-5.786596470995912789e-01
3.965921999167879797e+00,7.607542926681228224e+00,-6.071760676408615165e-01
3.510413739262209454e+00,7.976006505916381606e+00,-6.919725941356751342e-01
2.955200472332618400e+00,8.055985569212031905e+00,-7.693412576163596306e-01
2.356703761920937001e+00,8.015589991665764913e+00,-7.631718723671088167e-01
1.833554794851625092e+00,7.938765596171029060e+00,-6.797936531747486022e-01
1.280331205070578848e+00,7.994869321276480534e+00,-6.198153306775366911e-01
7.796455601541514291e-01,8.096250453890943888e+00,-6.591276884295517169e-01
2.628018524489946772e-01,8.125845836629553176e+00,-6.840817927683887634e-01
-2.546614897515269149e-01,8.156871310623325044e+00,-6.770760658796619591e-01
-7.712531142271232820e-01,8.172527626313689453e+00,-6.891330994042104141e-01
-1.281671911831316457e+00,8.163776780356030827e+00,-6.900504100148009412e-01
-1.885870882540561677e+00,8.170451313814554695e+00,-6.808261851494872285e-01
-2.450631353651831379e+00,8.129974184911093360e+00,-6.822129782121523212e-01
-2.989775023470854887e+00,8.158913504429120778e+00,-6.650193447624668242e-01
-3.521666059593421494e+00,8.185800255655466984e+00,-6.694399115976324977e-01
-4.030442625962328940e+00,8.225266775863843804e+00,-6.545272353119587772e-01
-4.590145952069346613e+00,8.279745449204444441e+00,-6.843316473836410507e-01
-5.097169476791194143e+00,8.281411254670487665e+00,-7.066997172804632132e-01
-5.621912143170096243e+00,8.225204816032521293e+00,-6.978913285444452441e-01
-6.122190378158784974e+00,8.157656749817164155e+00,-6.234555222726047008e-01
-6.573775308996642863e+00,8.213873510821025903e+00,-3.977164349897434059e-01
-7.041177303290441003e+00,8.284431918922168236e+00,-1.038250798464929320e-01
-7.516741111807015763e+00,8.315783909374530936e+00,1.498647069821150701e-01
-8.033452785783085304e+00,8.379006115500446938e+00,3.061835295119764155e-01
-8.519761955549450150e+00,8.440086791018856616e+00,4.374200859854031065e-01
-9.108236179665638588e+00,8.558852126691235185e+00,5.930276121200808159e-01
-9.636208293694854987e+00,8.650778704855307311e+00,6.795664720973129125e-01
-1.023742772666115819e+01,8.760995633375602054e+00,6.970941177155652868e-01
-1.075040271234184885e+01,8.930025739680793606e+00,6.377635684770583957e-01
-1.122108447805942610e+01,9.106227967526288936e+00,5.088776190856912907e-01
-1.163212653865189949e+01,9.361183035229307947e+00,3.454429344370483768e-01
-1.203588400212664311e+01,9.664584744490245072e+00,1.923202930459210203e-01
-1.242151824585556419e+01,9.985792914377601193e+00,8.877749426017200740e-02
-1.278561226418394803e+01,1.037515152893068127e+01,9.281779233955497754e-02
-1.300018251947459902e+01,1.084406895643022040e+01,7.596166384447999853e-02
-1.321016450504582629e+01,1.132934272842227053e+01,8.754144474187433578e-02
-1.342032429085707967e+01,1.184141397769072235e+01,1.394058792714341632e-01
-1.354740081998129497e+01,1.236976622775901191e+01,1.352251376901136559e-01
-1.373088314520317077e+01,1.285029263177635350e+01,1.103149500255709847e-01
-1.393591610806176817e+01,1.336006353876963537e+01,4.759435167053861077e-02
-1.406170585372712800e+01,1.387862768029990335e+01,-6.508647093578756593e-02
-1.422079863932292731e+01,1.439258677049373070e+01,-1.376538078105342677e-01
-1.437337868357481696e+01,1.490125706878322731e+01,-1.209209299152834982e-01
-1.441481398226020971e+01,1.542266663513884417e+01,-8.573523951669799470e-02
-1.442477150619278348e+01,1.593459059755603313e+01,-3.218830363261974969e-03
-1.430528836865549103e+01,1.646441420916058718e+01,1.093761998541149805e-01
-1.405730609252679031e+01,1.690484996238987847e+01,1.455266206149661012e-01
-1.369293230959664420e+01,1.735616672240637826e+01,7.716653770649957444e-02
-1.322426594896005270e+01,1.765067624879341679e+01,8.352826515080000180e-04
-1.274746091436001549e+01,1.782115538891885365e+01,-6.662978067822811212e-02
-1.224874652932679631e+01,1.798520975662558996e+01,-8.452614306105110664e-02
-1.175007851998903874e+01,1.812697247481520435e+01,-9.099199589929947429e-03
-1.118519715862926489e+01,1.829357426991904134e+01,9.129554980993898755e-03
-1.074341053744322849e+01,1.849491694904495986e+01,-1.371056817688228735e-01
-1.028139788660793563e+01,1.866952271136967667e+01,-2.841250557681695432e-01
-9.791574228522128109e+00,1.889579359126799218e+01,-4.255692499692240727e-01
-9.303042593003779004e+00,1.922950210071156008e+01,-5.800079022050318445e-01
-8.912256652681781688e+00,1.959094252813953929e+01,-6.795590292445239378e-01
-8.638892020633313962e+00,2.003241415791228874e+01,-7.313531978911301801e-01
-8.489166950499898334e+00,2.052292943007982728e+01,-7.540284622525862401e-01
-8.409614770302626496e+00,2.109196847883083237e+01,-7.268368272138175934e-01
-8.399392100326696919e+00,2.160144648269594470e+01,-6.567893990661297643e-01
-8.402649634187790539e+00,2.211629151425336559e+01,-5.470971438324968572e-01
-8.394261541116879499e+00,2.262015483212481470e+01,-4.193221910232525773e-01
-8.409100981902978944e+00,2.312958624328651069e+01,-2.478348926315438461e-01
-8.383251928726989988e+00,2.362848789166690722e+01,-6.974158124082051324e-02
-8.357478617191087977e+00,2.414603882236376009e+01,9.673786344052646979e-02
-8.397802579315971627e+00,2.466718640714077182e+01,2.359079718348773280e-01
-8.461822021831189033e+00,2.515049804510808329e+01,3.591049511505795544e-01
-8.555096421310924626e+00,2.564703049301943594e+01,4.934080882473150798e-01
-8.698859227866647004e+00,2.617899152174704724e+01,6.021955163726623317e-01
-8.858501452465954884e+00,2.666543501194185950e+01,6.081961664784423238e-01
-9.103746055277296634e+00,2.711577206979952948e+01,5.484544602333062402e-01
-9.464540285275189646e+00,2.760034209176215114e+01,4.876050849634571693e-01
-9.912368749840785753e+00,2.798613514505159472e+01,4.377119804177201923e-01
-1.036588259230204478e+01,2.822008303287517350e+01,3.544484311511533203e-01
-1.092180394375747454e+01,2.844100205774745405e+01,2.018778309014203354e-01
-1.141492942737603045e+01,2.853012174844093707e+01,9.109442180376688125e-02
-1.195940979034600282e+01,2.862269661812946708e+01,-6.236292318725293604e-02
-1.248772589409034062e+01,2.868612522732717096e+01,-2.200681644863880515e-01
-1.300828186780879392e+01,2.862037038920009024e+01,-2.559407651750746360e-01
-1.352631687306851660e+01,2.857860596738709447e+01,-2.027569696862347448e-01
-1.408350904626788846e+01,2.849302819671628839e+01,-9.660907037927676799e-02
-1.464172633476747976e+01,2.843927837425676941e+01,-1.490340245858359225e-01
-1.521292654129301347e+01,2.840964036617588562e+01,-3.333037493116920436e-01
-1.568500528467840738e+01,2.819879059924686615e+01,-4.330174624651998427e-01
-1.611735683077421655e+01,2.779559893278289096e+01,-4.321685191650690427e-01
-1.636306868192585284e+01,2.728444536131148013e+01,-3.533339246143032963e-01
-1.648442168053320245e+01,2.677098163641109707e+01,-2.926627929627717006e-01
-1.650489920113627917e+01,2.626704920741953586e+01,-3.130459286873895075e-01
-1.644993878977767210e+01,2.573802015096104867e+01,-2.999085340302549696e-01
-1.641771700123565836e+01,2.522759793447357524e+01,-2.372403342928074421e-01
-1.641588857578083349e+01,2.472233771050786544e+01,-1.314454590701020220e-01
-1.635823641093314862e+01,2.420466647471568677e+01,-7.671373495652079877e-02
-1.638078459535499931e+01,2.367790071143357977e+01,-1.336763733709161184e-01
-1.646631572494005979e+01,2.313261893274722070e+01,-2.286901879214521538e-01
-1.651471678616801242e+01,2.254671419347326022e+01,-2.808266740777333736e-01
-1.651531242826239421e+01,2.200088986374733224e+01,-2.319662396017203310e-01
-1.648499444189150154e+01,2.149120553288732793e+01,-1.431873632376958472e-01
-1.642100414427445543e+01,2.096301154024258295e+01,-5.115137727427371273e-02
-1.631521447118581136e+01,2.046885653655683157e+01,-6.270284055338570806e-02
-1.610975543966350543e+01,1.996191342563488291e+01,-1.789945840794877618e-01
-1.583822520615231610e+01,1.947079915669968031e+01,-2.386349659321005401e-01
-1.554066597952200368e+01,1.894446676439670796e+01,-2.508143942485988598e-01
-1.521126000125691213e+01,1.850015450039407128e+01,-2.168401269160185052e-01
-1.484090976591616062e+01,1.811594864685538298e+01,-1.572693236580222642e-01
-1.453522246896964454e+01,1.772154502194307213e+01,-5.459711124559239043e-02
-1.404066358855083152e+01,1.575853953196909529e+01,2.666908642781022909e-01
-1.405058462764009519e+01,1.529475067584323611e+01,4.669590977665935561e-01
-1.411232976366101077e+01,1.473133180338500736e+01,6.881844513695419829e-01
-1.412041190714695205e+01,1.411956471383955503e+01,8.014371356075207231e-01
-1.421440631664689036e+01,1.359041813456687287e+01,8.228184339390859359e-01
-1.421376159390122673e+01,1.308232913987136570e+01,8.504020762483580631e-01
-1.401588295165027631e+01,1.245206450076236315e+01,8.426473878021328856e-01
-1.379302029061801882e+01,1.194200276798606630e+01,8.325874202684645509e-01
-1.354462868239185269e+01,1.149898998955263885e+01,8.555778316251814175e-01
-1.329731187972011064e+01,1.093304952356149862e+01,8.583938645727074990e-01
-1.313864911715099559e+01,1.042316160047253071e+01,8.772480492892299475e-01
-1.298476331301633913e+01,9.876264062757886819e+00,8.915778490680881241e-01
-1.293475244227392196e+01,9.334459198605280505e+00,8.857092156902905966e-01
-1.292425888740452677e+01,8.827170411331307420e+00,8.916948758431254562e-01
-1.292907839121223823e+01,8.263995783688324437e+00,8.585423302662396061e-01
-1.301204118280267608e+01,7.744124719919841304e+00,8.365562895360794116e-01
-1.314162258627305135e+01,7.158272420150452398e+00,8.240617101261119570e-01
-1.330537480669366346e+01,6.550732430664048422e+00,8.187973549319551569e-01
-1.349732542144882075e+01,6.017661134326374395e+00,7.754509448526335502e-01
-1.360819154249804619e+01,5.517955594924324636e+00,6.950451494575633493e-01
-1.360933131568493692e+01,4.918780618518736603e+00,5.978424916127289546e-01
-1.355614965271144889e+01,4.398001345474707335e+00,4.742014017714100693e-01
-1.342514724174889551e+01,3.912206223588461818e+00,3.039220190396738075e-01
-1.319453107108061651e+01,3.414237789709346771e+00,9.786868540662771454e-02
-1.288639176902563399e+01,3.021686576132744051e+00,-1.075337566261713867e-01
-1.250531500763817050e+01,2.756954967889791330e+00,-3.131184306463452027e-01
-1.207566264761275221e+01,2.544902623535794106e+00,-4.661682120343735858e-01
-1.161124925544031861e+01,2.365031216008567139e+00,-5.715854521716202674e-01
-1.108753052336428269e+01,2.246480180351571931e+00,-6.216490034337253112e-01
-1.050909053918895353e+01,2.205508973763238512e+00,-6.303151624595884073e-01
-9.932661622548767610e+00,2.169454305149483453e+00,-6.279341771903153013e-01
-9.418662141246858965e+00,2.136604813981744844e+00,-6.205303406841186087e-01
-8.873411522085305592e+00,2.058013770749135496e+00,-6.147247305239469384e-01
-8.342394949038506979e+00,1.971096852471148297e+00,-5.943941624057291762e-01
-7.786475362831110303e+00,1.932066250947423125e+00,-5.862894786200443242e-01
-7.264421502076388037e+00,1.905146280581968332e+00,-5.945988842584216671e-01
-6.664812417962299840e+00,1.884126201641903364e+00,-6.392122788526921617e-01
-6.122272594864338835e+00,1.850093577381324517e+00,-6.209558308326433851e-01
-5.607475636552676335e+00,1.753036847257364306e+00,-6.169867519301133196e-01
-5.097652019518670308e+00,1.656281506773505274e+00,-6.118260974080317327e-01
-4.604852585304809232e+00,1.557780538233468848e+00,-6.034449033516500194e-01
-4.022609472179456525e+00,1.414986475187235415e+00,-6.060018900300345734e-01
-3.523048428959815404e+00,1.333014761901992529e+00,-5.799555285956086159e-01
-3.014483139120492705e+00,1.253657679105782075e+00,-5.521087442987513416e-01
-2.423643400533673553e+00,1.204702993663431476e+00,-4.022402189131825678e-01
-1.925324654336759478e+00,1.121140254675222048e+00,-2.555243504232816987e-01
-1.456774868450180005e+00,9.586643216303909476e-01,-1.226826385639424866e-01
-1.008785268349470465e+00,7.893069246601063238e-01,4.384026054786273330e-02
