-7.563215963213502924e-02,-2.752326717751539184e-02,1.863603399858700799e-02
-4.455414612325798163e-01,3.091433503144093153e-01,1.210262748891128837e-01
-5.972385427288162685e-01,8.072176539682320850e-01,8.918286216436685510e-02
-7.229316708376449796e-01,1.313108278177167909e+00,1.330243287502542310e-02
-8.838833843764042353e-01,1.790548607022574679e+00,-5.100073370220045699e-03
-1.266464797041098933e+00,2.178685233136210542e+00,1.625847306819167351e-02
-1.667356777377751342e+00,2.508834827882267415e+00,-6.644131087360352628e-03
-2.190793949235036564e+00,2.553361863503649687e+00,-1.198163244030781005e-02
-2.687032990266206678e+00,2.460335778453581312e+00,4.115001134902707136e-03
-3.195411461230573735e+00,2.374916259950937469e+00,2.788733855324243560e-03
-3.638195679721484943e+00,2.128503227765725203e+00,1.297986880941043308e-03
-4.152245140312596838e+00,2.213786718937460929e+00,1.815535130646014211e-02
-4.637513456282343682e+00,2.342036204064177785e+00,9.995993468343879196e-03
-5.158319815690578736e+00,2.295680130141127595e+00,-4.398678375457404366e-03
-5.628667125481801037e+00,2.103683458884180624e+00,-4.896782230394546021e-03
-6.017574923558749234e+00,2.467683683934039252e+00,5.311374843658248079e-02
-6.296826252112156297e+00,2.892572854062879451e+00,3.843382719895326038e-02
-6.819216070524548812e+00,2.783684977471742705e+00,2.242280543113429545e-02
-7.334163776292975889e+00,2.769127666620363026e+00,7.436894100812166397e-02
-7.836221426639066401e+00,2.767024334299406529e+00,1.382950402662806375e-02
-8.314475688402879427e+00,3.007298499156981553e+00,7.472407513598586237e-02
-8.775657975330066307e+00,3.093968651042708018e+00,2.548799052853182312e-01
-9.291534470447487593e+00,3.217796896579289800e+00,3.330350475550090117e-01
-9.829934389962549091e+00,3.338735811636994733e+00,2.732497783877227970e-01
-1.031726504827182289e+01,3.176751019036066381e+00,2.505320658937338907e-01
-1.082736427236242704e+01,3.196751124216941076e+00,2.385671471630975982e-01
-1.133615071036057209e+01,3.275089732282087773e+00,1.847145397378222864e-01
-1.183475139747376126e+01,3.392620576631210305e+00,1.049831162497933262e-01
-1.232351857480333379e+01,3.417821987326411293e+00,-6.593287642213840893e-03
-1.278996752072201204e+01,3.631893493921318772e+00,-3.370893337845004556e-02
-1.320745831791773384e+01,3.937200402359327889e+00,-6.047816333254614485e-02
-1.370176784445318141e+01,4.087106164361156146e+00,-9.759980500214301968e-02
-1.429494832660546066e+01,4.255952320174156256e+00,-1.206732603967943657e-02
-1.470428094543683528e+01,4.523481423311809912e+00,9.733171872600163144e-02
-1.524294723247699856e+01,4.675131604994172463e+00,1.287577418126866768e-01
-1.575527256703133894e+01,4.804768118740496696e+00,7.569414065720191098e-02
-1.625373385547477056e+01,4.889776520707560969e+00,2.711200701431276672e-02
-1.682754437211387355e+01,4.772636164857012808e+00,-3.882572221097764509e-02
-1.731487093151764256e+01,4.661009736873027443e+00,-1.382960036294393902e-01
-1.788512572981890614e+01,4.561727648114070277e+00,-1.599468187497171123e-01
-1.841644909668157126e+01,4.512348771377965306e+00,-1.237117599581452759e-01
-1.894701528551837200e+01,4.493335811725247098e+00,-8.785051862724321814e-02
-1.948786953649140585e+01,4.298305038422666868e+00,-8.907676633794209264e-02
-1.991696617886529808e+01,3.959070659697066841e+00,-1.600669856031618488e-01
-2.030586423432120569e+01,3.549807364238225738e+00,-2.560545331016857440e-01
-2.080770961394608776e+01,3.326906582024507841e+00,-1.792415179748140519e-01
-2.130711019072040457e+01,3.263844145304990452e+00,-7.496184313649953412e-02
-2.180037873102248724e+01,3.158135410643784002e+00,-8.338593498854893205e-03
-2.237288670533974155e+01,3.225477473427493358e+00,1.200511615802275778e-01
-2.291087586917731755e+01,3.237907561385539257e+00,1.895477195617751853e-01
-2.351205612512201171e+01,3.195016383422348838e+00,2.745069143085001606e-01
-2.399878224129939852e+01,3.140178207811460176e+00,3.865845131695057613e-01
-2.444843796776670786e+01,2.905584783823301986e+00,5.503174792963387851e-01
-2.484575554773637052e+01,2.649196216747549126e+00,7.412554832797842996e-01
-2.525696427074170103e+01,2.313965378866486233e+00,7.668110709364311939e-01
-2.555416920994867880e+01,1.866174290578217043e+00,6.464468697863756663e-01
-2.573232663723556612e+01,1.352696970275440336e+00,5.914909877966162410e-01
-2.575881106930721387e+01,8.363022145814080766e-01,5.172938868890455399e-01
-2.586149207248050530e+01,3.505785739974060511e-01,3.731532072010869117e-01
-2.589266564654289837e+01,-1.679736788549457405e-01,1.718277474516797798e-01
-2.593580847953796109e+01,-6.532501870126378174e-01,-1.038269636820182001e-02
-2.609062089980695731e+01,-1.141443333038358432e+00,-6.217003748465920604e-02
-2.613574064152218668e+01,-1.688072117728439459e+00,-3.089201111639853364e-02
-2.626466188386442724e+01,-2.209868524089719788e+00,1.439414661244278748e-02
-2.646664643416321994e+01,-2.690503497158331481e+00,1.330491411096518944e-02
-2.668685558515732481e+01,-3.147122011397978980e+00,-3.724205713893505298e-02
-2.695282021375256321e+01,-3.589766953172444985e+00,-1.046086584428525118e-01
-2.738626427314074263e+01,-3.864449763303156260e+00,-1.234342712981868623e-01
-2.789048874267490774e+01,-3.918757305326693974e+00,-1.245866477546193618e-01
-2.835382424722975614e+01,-3.668681716373606960e+00,-1.282919559590295910e-01
-2.851188744411802034e+01,-3.179251993138687116e+00,-1.531316830099140047e-01
-2.855080270575744095e+01,-2.618889320926435893e+00,-1.320054176530575107e-01
-2.858326485472733225e+01,-2.113142883541654360e+00,-4.911838613810889931e-02
-2.800336788304858260e+01,-3.163904306556712065e+00,-5.174725986736364997e-02
-2.707501722118824006e+01,-4.291773224962464717e+00,-9.289476680763389393e-02
-2.689332907575849774e+01,-4.777552500791647283e+00,-1.252832449829516803e-01
-2.651647312539857992e+01,-4.951724801810398979e+00,1.756844484212975455e-01
-2.602920947623470838e+01,-4.918449288565756028e+00,2.869359927938707200e-01
-2.551031834600127723e+01,-4.775757712774227670e+00,3.697369881423461235e-01
-2.496490957062531635e+01,-4.602678211149266119e+00,3.792945838482005283e-01
-2.447736390579099108e+01,-4.361761834674363847e+00,3.510032504935665099e-01
-2.398012606326237162e+01,-4.272082243547887792e+00,3.434211096490192294e-01
-2.350454446687970389e+01,-4.202611609543205340e+00,1.879811222998238884e-01
-2.296648821839337273e+01,-4.093553705552409383e+00,7.590495845048426948e-02
-2.245920072597694528e+01,-4.052242570231422647e+00,5.225480552362635894e-02
-2.191299942537954948e+01,-3.937702686767842408e+00,3.472055627476217099e-02
-2.136678149168642094e+01,-3.784488626195654959e+00,3.473502916588652734e-02
-2.100505838145904391e+01,-3.428547057461524883e+00,2.885188604886079755e-02
-2.081947205117570121e+01,-2.904068331145833071e+00,4.196884553333500578e-02
-2.074060204336223734e+01,-2.402359540180030173e+00,1.092199364817821039e-01
-2.073100141884629721e+01,-1.887772537406196438e+00,1.592168455608149735e-01
-2.061417971484738132e+01,-1.389630853061098126e+00,2.172769720201716548e-01
-2.077638653298504323e+01,-9.082234859725845100e-01,2.433297250895469777e-01
-2.115616368015909288e+01,-1.305563832162885296e+00,1.736272528715967489e-01
-2.139580859553260694e+01,-1.789467823720729545e+00,1.746391878654626750e-01
-2.152922941530200873e+01,-2.283978270466200389e+00,2.674199515618477796e-01
-2.175281683601442140e+01,-2.819354115472538780e+00,2.682015898946075727e-01
-2.214600844754193432e+01,-3.249567185298556815e+00,2.130625437585568771e-01
-2.368596778796890234e+01,-4.665962706929171588e+00,-3.942733950745236360e-03
-2.388227509072353882e+01,-5.169663323982677028e+00,2.976630817689295688e-02
-2.400490558099952310e+01,-5.653664894562631993e+00,1.492370382658273209e-01
-2.422011753965389502e+01,-6.118316923776020211e+00,2.536076463355587673e-01
-2.445839102444030999e+01,-6.660171548299508082e+00,3.724114807758316381e-01
-2.464081074174142927e+01,-7.205606101429255617e+00,4.261657349355947866e-01
-2.469035938192434187e+01,-7.684126712029478945e+00,2.809145086629464827e-01
-2.483107205815728236e+01,-8.152144620325886493e+00,1.045412657119661470e-01
-2.477876146161689874e+01,-8.677496525502329305e+00,3.460205354819562151e-02
-2.479787069839735025e+01,-9.126311857239608472e+00,-1.877106099333156197e-01
-2.493766369118340265e+01,-9.420063362146759545e+00,-5.792011280031267306e-01
-2.505873479110553248e+01,-9.702426313492807708e+00,-9.755692904388830744e-01
-2.513983324374704154e+01,-1.002967823786593193e+01,-1.507524717317168195e+00
-2.514580184144679365e+01,-1.042232320014489488e+01,-1.940358430690134695e+00
-2.493940582400657391e+01,-1.068923589491787318e+01,-2.342454410125519360e+00
-2.440577030797793157e+01,-1.076036701088855274e+01,-2.434472800207597487e+00
-2.392976018543297201e+01,-1.040710220341433612e+01,-2.308260726184347522e+00
-2.364180204959243525e+01,-9.955234074577857584e+00,-2.320995575399499522e+00
-2.369306957399033919e+01,-9.746711184894637725e+00,-2.794237798775389692e+00
-2.359716143908540076e+01,-9.547992338179341232e+00,-3.257989121344802008e+00
-2.341408074444681731e+01,-9.095187133565387327e+00,-3.489526583902592183e+00
-2.333996521092465315e+01,-8.636254896186407848e+00,-3.715010206556879080e+00
-2.325513023316144512e+01,-8.180803798021562656e+00,-3.997580741067964016e+00
-2.324134030631254788e+01,-7.706341909592214101e+00,-4.358183820543794162e+00
-2.329304532098361946e+01,-7.284615137290185949e+00,-4.638765973293506484e+00
-2.334486505918920685e+01,-6.877327767358284660e+00,-4.959996514427907677e+00
-2.346967050555946344e+01,-6.336936580675513575e+00,-5.066214037216619559e+00
-2.363695705599929653e+01,-5.854837106785552692e+00,-5.086974574663207349e+00
-2.342179621795082767e+01,-1.036487647109091803e+01,-2.507699284607414203e+00
-2.322200299860230643e+01,-1.081238079405807362e+01,-2.757223053512842803e+00
-2.438636865027311629e+01,-1.046467112734385019e+01,-2.013696565735263011e+00
-2.454681554654528242e+01,-1.000790217791506365e+01,-1.848983904838243042e+00
-2.458222970436019850e+01,-9.507297667447796030e+00,-1.675969087691462578e+00
-2.452175272166257258e+01,-9.056298565360748398e+00,-1.387648793237805211e+00
-2.450844422342710160e+01,-8.570426953717754870e+00,-1.067471123939643718e+00
-2.457951294557639343e+01,-8.040268614858030460e+00,-8.182315815506567835e-01
-2.457046478556713254e+01,-7.631529275012922220e+00,-4.557916401584002353e-01
-2.465342863113559702e+01,-7.187994929784859544e+00,-2.366614090327169850e-01
-2.394094150461545922e+01,-4.904611081332162392e+00,-4.133551226761313369e-01
-2.426856281048516806e+01,-4.466562911365418387e+00,-4.617568032543900580e-01
-2.480845308196910537e+01,-4.315538900484694906e+00,-5.313203422089757266e-01
-2.533777834231047876e+01,-4.306087754271350043e+00,-4.860281523528005021e-01
-2.584268981297431367e+01,-4.450624296760136822e+00,-4.107657098728370038e-01
-2.631824267992030997e+01,-4.795863529699585293e+00,-3.542168915853587396e-01
-2.665163287498929634e+01,-5.207145217907991785e+00,-3.388528181330824895e-01
-2.686920035298750520e+01,-5.688756242580979006e+00,-2.904298794011111462e-01
-2.713558328595664193e+01,-6.130705379925467824e+00,-2.203803197424761273e-01
-2.733381216499758537e+01,-6.586501594546533056e+00,-1.433883026934225646e-01
-2.751151070674057664e+01,-7.084779220543715006e+00,-1.017552628263170555e-01
-2.763254936739668111e+01,-7.600495775414620070e+00,-1.455338848632046767e-01
-2.757379654663417412e+01,-8.108124340283332288e+00,-2.072822340792095930e-01
-2.749805315683060059e+01,-8.634708442415517382e+00,-2.624203040726178493e-01
-2.744101051044616568e+01,-9.155783109501385297e+00,-3.611443906138618876e-01
-2.728228885085431088e+01,-9.639409372706213119e+00,-4.652472541065544309e-01
-2.715700056438983623e+01,-1.022162047847050914e+01,-4.872523071217543800e-01
-2.710610083317181207e+01,-1.072811005504995485e+01,-3.969633446961964296e-01
-2.700764418583012016e+01,-1.126265889820856536e+01,-2.072297151373742041e-01
-2.696665388509324757e+01,-1.183327228003703269e+01,-1.097612773880499021e-01
-2.695062663721575547e+01,-1.234856968695183888e+01,-1.491520970916960231e-01
-2.694191137215870668e+01,-1.285418267443171203e+01,-2.243797058481753204e-01
-2.704549101219125973e+01,-1.333866168060562352e+01,-3.267697227918255898e-01
-2.713098391039434176e+01,-1.387213187742091947e+01,-3.799252298646073611e-01
-2.720709514376007832e+01,-1.443079484598800377e+01,-3.350470729745255172e-01
-2.731138547471062594e+01,-1.493920207346553752e+01,-2.310339684366201907e-01
-2.733522428090527612e+01,-1.544175946677642486e+01,-1.312901468871824351e-01
-2.736372768941132705e+01,-1.604456411648387970e+01,-3.468822035727672087e-02
-2.748715611827378424e+01,-1.660979506106987458e+01,1.003650846189153567e-01
-2.760626429158574879e+01,-1.708332377784415712e+01,2.611578964591899643e-01
-2.792892860732748161e+01,-1.758823937183849750e+01,4.090441590251630011e-01
-2.817194022758632244e+01,-1.806054154698366077e+01,4.802041755939435164e-01
-2.828060508729170763e+01,-1.860949825932605251e+01,5.123530564042604318e-01
-2.827226547953931046e+01,-1.914992169030449887e+01,4.663151858712859532e-01
-2.816962771792897158e+01,-1.968884361893632473e+01,3.118491042971444638e-01
-2.819315815698280048e+01,-2.018793628600344903e+01,1.440235645234189676e-01
-2.832173633189729145e+01,-2.071189321438844999e+01,2.313645760568319373e-02
-2.847250617722447075e+01,-2.132723613544455077e+01,-8.383534947887578970e-02
-2.864896779922300141e+01,-2.188098705592748416e+01,-1.176447524470866507e-01
-2.885304817156595192e+01,-2.235746464746011242e+01,-9.573040018488004899e-02
-2.903276699110480052e+01,-2.287604531376669215e+01,-2.943772666926597337e-02
-2.919464185295833047e+01,-2.339513549667007197e+01,1.387234367982501451e-03
-2.923870226408325479e+01,-2.406296110962420798e+01,-1.450916507120402765e-01
-2.920765403280985240e+01,-2.463990388028225453e+01,-1.876062221244253481e-01
-2.921707467615104648e+01,-2.523172518607286818e+01,-2.024879927485662146e-01
-2.917829490809043236e+01,-2.575481301729469763e+01,-2.318594214467945558e-01
-2.927814658252934876e+01,-2.625632617542376224e+01,-1.710735564118074370e-01
-2.935231869119204262e+01,-2.671485874095305846e+01,5.239936289599601837e-02
-2.937294629884174668e+01,-2.717180884946461461e+01,2.948207107272945438e-01
-2.939735943566589427e+01,-2.766306925358552604e+01,4.069902991400677905e-01
-2.935822011397774034e+01,-2.817274228873807829e+01,4.041951083347640195e-01
-2.929590549257187249e+01,-2.867871921540140789e+01,3.610514915837810257e-01
-2.922889430188086379e+01,-2.920803559363885427e+01,2.672378338810716958e-01
-2.907215571245679797e+01,-2.968855136488539515e+01,1.934192322291187760e-01
-2.893692989665536786e+01,-3.023900314829021241e+01,2.032043490612815972e-01
-2.891667372480245390e+01,-3.076693684440456522e+01,1.363049012157729334e-01
-2.889514329772995538e+01,-3.127826564652901453e+01,-5.702658240086203034e-02
-2.891815326870944247e+01,-3.176649854533038919e+01,-2.619820171812914378e-01
-2.900906491040406365e+01,-3.229145817361909820e+01,-5.244758384131756879e-01
-2.906299941987951030e+01,-3.282772551291437679e+01,-6.896837643721015487e-01
-2.909458318415778422e+01,-3.334249847291353319e+01,-6.727825089573343798e-01
-2.915260289024252671e+01,-3.385667703919290261e+01,-5.766539923331129858e-01
-2.915452750065462340e+01,-3.434475707356661189e+01,-3.840383661045392305e-01
-2.914499520747590111e+01,-3.480907061408609593e+01,-1.596672487800434026e-01
-2.924497185940617783e+01,-3.537677338599311128e+01,3.575685547373597117e-02
-2.940548322403088477e+01,-3.596594686072683089e+01,1.578167130371280480e-01
-2.968867122987741425e+01,-3.649113688146713486e+01,1.341786899562532054e-01
-2.995095037145629391e+01,-3.697752586835785849e+01,5.439657488803815305e-02
-3.011431459430461999e+01,-3.747063835102796503e+01,8.381949389053570953e-02
-3.029324114790839317e+01,-3.793845402617995433e+01,1.721138931487700696e-01
-3.044326709726176006e+01,-3.848666714548718915e+01,2.541043082602284509e-01
-3.058794291160607770e+01,-3.896831584942872695e+01,2.217635598002875574e-01
-3.075846174811474043e+01,-3.944877728853010979e+01,3.031464274661570257e-02
-3.077091910272533326e+01,-3.994444941101267688e+01,-1.827173483594997094e-01
-3.065058690012527975e+01,-4.045984961830563265e+01,-3.207711444279252588e-01
-3.048057110035397699e+01,-4.096509142810339199e+01,-4.495024869244284016e-01
-3.027036719781836993e+01,-4.144934696555160514e+01,-5.215422695351786819e-01
-3.015707882276008078e+01,-4.194672909400988914e+01,-5.578619643827520402e-01
-3.023017742345284020e+01,-4.242960102375607079e+01,-7.027769726851579302e-01
-3.034026552554959011e+01,-4.302702375201629792e+01,-8.148942439734485621e-01
-3.043266395420215886e+01,-4.353144884905609047e+01,-7.555378094411391299e-01
-3.057364566376141468e+01,-4.402192729323076748e+01,-7.178583840572261288e-01
-3.068571001459344316e+01,-4.454052988563498872e+01,-6.360622576350826174e-01
-3.079613755677627651e+01,-4.505502066173118436e+01,-5.754017632011598771e-01
-3.104918648390280111e+01,-4.560182858720331467e+01,-5.237675108183343919e-01
-3.118571110529353874e+01,-4.617690452484325903e+01,-4.592725253175205524e-01
-3.133018298112311584e+01,-4.673206804935111336e+01,-4.195025049424137009e-01
-3.139394045987693715e+01,-4.723886313990205110e+01,-3.908419184817166214e-01
-3.139356023823746966e+01,-4.774836376195184329e+01,-3.303789108043553302e-01
-3.138889789398814401e+01,-4.823862732442502477e+01,-2.278381059757819127e-01
-3.104967715208999834e+01,-4.860849467676142410e+01,-1.586318513076711567e-01
-3.066828141079666992e+01,-4.893279718139108070e+01,-2.818429403749567186e-01
-3.021453193413481486e+01,-4.910755917126603265e+01,-4.741189452353161693e-01
-2.964258809103302994e+01,-4.914265341999260528e+01,-5.281251768645445210e-01
-2.912426768235804886e+01,-4.921080076696073036e+01,-5.058373042469564984e-01
-2.861894363706516131e+01,-4.926189833391477890e+01,-4.880043978498770363e-01
-2.810196124302308363e+01,-4.929458009606291569e+01,-4.610664227774357582e-01
-2.755143353280284657e+01,-4.926241490052063199e+01,-4.115130541696209177e-01
-2.704887351743612456e+01,-4.919048822586710656e+01,-4.353075128001914762e-01
-2.656063512519213532e+01,-4.929537187976369950e+01,-6.597224902601608321e-01
-2.608453360043965219e+01,-4.936461012724505082e+01,-7.991324022516891334e-01
-2.557266886040557452e+01,-4.941537786424275680e+01,-7.341660840919339570e-01
-2.513502491822541884e+01,-4.952030604814728321e+01,-5.049710554862198997e-01
-2.470694030912060413e+01,-4.961835174508615154e+01,-2.548181935081816341e-01
-2.426488973756917034e+01,-4.980868985636548985e+01,-1.096702449032726234e-01
-2.376185714441524155e+01,-4.991924279531361464e+01,-1.284832176516248481e-01
-2.325620668410837055e+01,-4.990418131327484730e+01,-2.412937901621451942e-01
-2.274660079064416607e+01,-4.992209712392098453e+01,-3.688539791128748191e-01
-2.225341936601938286e+01,-4.999637854372043932e+01,-4.362076024193883295e-01
-2.173111863849416636e+01,-5.002004548810845108e+01,-4.681069184841266662e-01
-2.123495672255457478e+01,-5.008296307029731054e+01,-5.784390897926889874e-01
-2.074739381612471334e+01,-5.012881567938288185e+01,-7.150171267826982424e-01
-2.021125839149797443e+01,-5.018432235430933019e+01,-6.722750449924369542e-01
-1.966450521034121834e+01,-5.030576185928627098e+01,-6.082432898397635013e-01
-1.914344398027287042e+01,-5.043590686045720162e+01,-5.992039096423955602e-01
-1.868998874347712658e+01,-5.072215497629260028e+01,-6.488004610902547986e-01
-1.819878533406512844e+01,-5.092126306829496940e+01,-6.430200700287640458e-01
-1.788965077099685530e+01,-5.132654112278783032e+01,-4.684641281704098326e-01
-1.796850734831872032e+01,-5.178617562137673502e+01,-2.855114469965934765e-01
-1.851378151798178706e+01,-5.163672063612497709e+01,-4.367972175377421995e-01
-1.899200455142264232e+01,-5.132798061034791459e+01,-5.864978999303953611e-01
-1.935425577473485959e+01,-5.097587306788108208e+01,-7.453212662484469675e-01
-2.189179324469619559e+01,-4.956861765129644937e+01,-7.208785095997337633e-01
-2.246264285849772691e+01,-4.951427259062225517e+01,-6.464475662587420013e-01
-2.307635666325742463e+01,-4.952832294520310796e+01,-5.276844503473597792e-01
-2.361553485012723641e+01,-4.946039261134134080e+01,-4.169944967544590431e-01
-2.410497106350556962e+01,-4.934671852704084927e+01,-3.515967286525079061e-01
-2.464641252160003404e+01,-4.911796671485445387e+01,-2.829781662441808177e-01
-2.516218472044074161e+01,-4.898166072127012427e+01,-2.665932787901143519e-01
-2.567278741439310252e+01,-4.895794279565158291e+01,-2.801315959943407319e-01
-2.622897427141158744e+01,-4.891923084726002458e+01,-4.172028125701039425e-01
-2.931332315482669415e+01,-4.885763134812251707e+01,-1.599178776781897127e-01
-2.989796084105476837e+01,-4.881882321247530143e+01,-1.208233375270185844e-01
-3.162472517565056052e+01,-4.874639997044296535e+01,-1.193640108213532142e-01
-3.216030745422229842e+01,-4.883887985642590479e+01,-3.965130249203716040e-02
-3.270277906919751132e+01,-4.905122200832239798e+01,1.044056561397867372e-01
-3.312751488570939529e+01,-4.932923910267777501e+01,1.752161222021544618e-01
-3.357920592158867379e+01,-4.957104211213886913e+01,1.172282540491988434e-01
-3.404172852075852518e+01,-4.992402414593010462e+01,6.776144784967779583e-03
-3.436450673056170757e+01,-5.031261938617847562e+01,-7.811113722471285659e-02
-3.469385636819218632e+01,-5.077809723693838606e+01,-1.901376233596064336e-01
-3.494487967260185002e+01,-5.126006169344205432e+01,-1.407732652142368590e-01
-3.523920241255945029e+01,-5.174564410035468853e+01,-1.324421874939646360e-01
-3.547204710780466286e+01,-5.228038630981953361e+01,-1.307206359296435028e-01
-3.562860582048207903e+01,-5.276247605534420870e+01,-1.078089465389477919e-01
-3.577238029825724652e+01,-5.332068347924593610e+01,-1.376110251291065290e-01
-3.577652799374544657e+01,-5.382428251569118771e+01,-1.994396558065619218e-01
-3.572800829502514830e+01,-5.431619312023275370e+01,-2.829749453205263610e-01
-3.566976801856475987e+01,-5.485522068534439910e+01,-4.008862347468385989e-01
-3.554057240362327263e+01,-5.531626644183717900e+01,-5.744843122781789768e-01
-3.548824984439954733e+01,-5.583490665226168659e+01,-6.646262861869639549e-01
-3.543669267475183915e+01,-5.638999706657683220e+01,-7.481352634639855115e-01
-3.543342059900844987e+01,-5.689910570058698625e+01,-7.627097817159733673e-01
-3.558366150924179294e+01,-5.738007933672589189e+01,-8.002616546685008547e-01
-3.572875737588499589e+01,-5.785580903733082891e+01,-8.737629484203861541e-01
-3.600632675717639586e+01,-5.831061727977829179e+01,-9.048533076964592192e-01
-3.563033849265505637e+01,-5.838810555629139287e+01,-1.275730754093403752e+00
-3.515471672264218483e+01,-5.806254204046891232e+01,-1.325203813899222816e+00
-3.473282266408934049e+01,-5.762783901555616239e+01,-1.375406783496940566e+00
-3.433269616729702989e+01,-5.729454958982287138e+01,-1.428909816961078327e+00
-3.385139649326637823e+01,-5.703095857994710371e+01,-1.402814204247496255e+00
-3.336729025606246779e+01,-5.676582278729625841e+01,-1.356984769397510560e+00
-3.292213667209066585e+01,-5.644016893559452797e+01,-1.286106435832391481e+00
-3.258726615643005431e+01,-5.595896978233255936e+01,-1.197894677638296379e+00
-3.235670110193897386e+01,-5.545699856996927224e+01,-1.166399961618784564e+00
-3.217902034811847756e+01,-5.494245438011977001e+01,-1.144838909212043898e+00
-3.210309140310653220e+01,-5.444312318014821983e+01,-1.200265931955515342e+00
-3.208131747090008901e+01,-5.394126794647291945e+01,-1.250950539219734425e+00
-3.212542105124106229e+01,-5.333739711662504845e+01,-1.211954554389749195e+00
-3.214433781226803433e+01,-5.283487852914987570e+01,-1.186230745539458287e+00
-3.218982235382090096e+01,-5.228700432989790414e+01,-1.170386076160224942e+00
-3.224118338958307106e+01,-5.177833469721813486e+01,-1.078268187346365981e+00
-3.221502103920136051e+01,-5.126579955696194446e+01,-8.686876845740079123e-01
-3.197482721368426084e+01,-5.084086959872050215e+01,-6.477983623424942161e-01
-3.163014203523893997e+01,-5.037240567431771154e+01,-4.623640882013195230e-01
-3.133164721236617467e+01,-4.987642377758356105e+01,-3.501092548633982227e-01
-3.103138937207919668e+01,-4.941473400530043847e+01,-2.520547584448508682e-01
-3.053042826477363292e+01,-4.843704749120771424e+01,-1.383614974737534808e-01
-3.033914750746745170e+01,-4.796771745202021719e+01,-1.562526196163579462e-01
-3.020495879877685397e+01,-4.748322673277324668e+01,-1.580174487973971809e-01
-3.014900468234193909e+01,-4.694860988251262768e+01,-2.051361188502754118e-01
-3.006117044681196759e+01,-4.644874142206454337e+01,-2.699240764017468153e-01
-3.003130660738926494e+01,-4.593152047000599225e+01,-3.551581208906190446e-01
-3.007146193121842970e+01,-4.543996528650026789e+01,-4.690932497643757193e-01
-3.001808991619160594e+01,-4.485969710604607030e+01,-5.818143297184844576e-01
-2.998868087293176288e+01,-4.433974207405324108e+01,-5.314158600598186677e-01
-3.002970134659632961e+01,-4.382787522920194334e+01,-4.269986173882693858e-01
-3.007508848038899529e+01,-4.330332165813669576e+01,-4.144849228837145794e-01
-3.015051268284353370e+01,-4.278654555043650731e+01,-3.257447392169610101e-01
-3.021752104979647413e+01,-4.019443536648837068e+01,-4.206471494259819144e-01
-3.017539089130765007e+01,-3.968923036933450277e+01,-5.277623417185069998e-01
-3.013055556045929251e+01,-3.918449995908738970e+01,-5.920540093297889106e-01
-3.003598551761821867e+01,-3.865271109526161553e+01,-6.588444511585495045e-01
-2.998466419387290216e+01,-3.807861939909427917e+01,-7.043926097411588039e-01
-2.988092098104812422e+01,-3.751353339851917212e+01,-5.748675236729899884e-01
-2.980612332570738943e+01,-3.611365676612287956e+01,-1.784090617874429519e-01
-2.977019291028177150e+01,-3.558830473725518573e+01,-1.267972140943237624e-01
-2.979340158105636860e+01,-3.508040527785395568e+01,-5.336771252340234695e-02
-2.981736545602910127e+01,-3.451218391031557076e+01,5.214297178959374779e-02
-2.975828636497808333e+01,-3.400052567533159475e+01,1.569890331658741478e-01
-2.973271301531967836e+01,-3.341765565234213398e+01,1.972332566769559592e-01
-2.961920267117683636e+01,-3.287001997810138221e+01,1.390841128951269545e-01
-2.944336328848088513e+01,-3.221981023922519682e+01,6.618189942337965315e-02
-2.915227848344169104e+01,-3.074556417114409257e+01,-3.164255400809343199e-01
-2.914522069913312663e+01,-3.022986972110488324e+01,-3.671507597281643553e-01
-2.909742959373345528e+01,-2.973215932564427533e+01,-3.873422000340627225e-01
-2.910070389942930547e+01,-2.916063953433268807e+01,-2.422431569340104951e-01
-2.910503135441604528e+01,-2.848837579565264733e+01,-7.262450159705710617e-02
-2.902699773356223290e+01,-2.798260356820586381e+01,1.457383587359600136e-02
-2.897993523630239565e+01,-2.738550505422503889e+01,4.390290203198567165e-02
-2.887789005954550703e+01,-2.675467823599978701e+01,-1.692017101617975250e-01
-2.872764243534048845e+01,-2.624046347134495250e+01,-3.584170566508829703e-01
-2.858086106200853393e+01,-2.576587275039936742e+01,-5.541495847353348214e-01
-2.834256360606419634e+01,-2.524890515811097202e+01,-7.518231211208371567e-01
-2.818885880551075829e+01,-2.476390207630090146e+01,-7.558048688299046081e-01
-2.807594905169912636e+01,-2.427557447189163398e+01,-5.784608825214955230e-01
-2.786485491038981621e+01,-2.367095945492758702e+01,-3.502717638407212286e-01
-2.778129308023858712e+01,-2.308760553871995569e+01,-1.931540766402028708e-01
-2.769320706936636256e+01,-2.260724774107966084e+01,-8.092514294299869848e-02
-2.764461211682904107e+01,-2.211098679290757474e+01,6.807706471316725405e-03
-2.762261921662643260e+01,-2.156268778427806510e+01,-5.860921013370469501e-03
-2.758124651007532790e+01,-2.081680070658766368e+01,-1.605808492140328170e-01
-2.755903282843679492e+01,-2.024176310941638590e+01,-2.973103506163643495e-01
-2.749982547574283132e+01,-1.975213104651557927e+01,-1.903860500880877604e-01
-2.749325408280355632e+01,-1.914459978249125882e+01,9.236745908687639395e-02
-2.759297753795002706e+01,-1.868583966182612954e+01,3.276862754700616831e-01
-2.761621129178261569e+01,-1.819478595749500371e+01,5.337885377816898869e-01
-2.747350608190484778e+01,-1.637934904018379001e+01,5.667725108082447560e-01
-2.743705220199823103e+01,-1.585685863957227504e+01,5.062568777537542752e-01
-2.741057251293135621e+01,-1.524294627941998748e+01,4.281841547602217579e-01
-2.740474999987886662e+01,-1.473941098653623349e+01,3.493021266143647718e-01
-2.742456707047638886e+01,-1.422372825682488973e+01,2.174366286954960148e-01
-2.738726794577361190e+01,-1.372014479370248274e+01,1.056312851190693292e-01
-2.742391602495704461e+01,-1.261562473653347460e+01,-1.301428329109838855e-01
-2.745675049954430591e+01,-1.202410523096926553e+01,-1.996313799099375674e-01
-2.748518425565812606e+01,-1.148977157856560538e+01,-1.478141045775333007e-01
-2.755494634045552971e+01,-1.092867983414767785e+01,-3.575728916976544242e-02
-2.753993528227389831e+01,-1.040964908108406739e+01,1.247110437518050147e-01
-2.759591675032157809e+01,-9.852352735498135061e+00,2.911472348912723107e-01
-2.768696332165701435e+01,-9.391150262230860690e+00,4.840079301973364556e-01
-2.768099523903553560e+01,-8.813500338006809542e+00,6.379769262599160884e-01
-2.765855442303645972e+01,-8.200781767543162459e+00,6.821546328825828232e-01
-2.756255071083700514e+01,-7.676377151783543518e+00,6.264555544602765647e-01
-2.743495476206546257e+01,-7.077888753626687013e+00,5.326915203023103729e-01
-2.734223512290507330e+01,-6.577685264245554997e+00,3.911210733104432125e-01
-2.627335613859712282e+01,1.350027043322217513e-01,-4.920121987741141872e-02
-2.624416675755957229e+01,6.437848061742962313e-01,-1.588576241280310192e-02
-2.606257963807837896e+01,1.115100321728843769e+00,7.242768862873874558e-02
-2.513004480794235107e+01,2.014841253438253599e+00,3.003047152951756060e-01
-2.451131617218679892e+01,2.261493817842609833e+00,5.310249292700500723e-01
-2.400438958844949866e+01,2.450320060657171783e+00,6.290671791450059835e-01
-2.344431963543510733e+01,2.562745411332434387e+00,6.034983373729615463e-01
-2.292551954664111236e+01,2.624781506332789505e+00,4.807281304289202639e-01
-1.758286148328668830e+01,4.155794422961482049e+00,-6.429915632847565954e-02
-1.709784970795499959e+01,3.961006297427900336e+00,-2.215091556742222190e-01
-1.655647823909273342e+01,3.742590631010643154e+00,-3.893396180222157277e-01
-1.610704557681688698e+01,3.539182993748221762e+00,-5.115040636804613072e-01
-1.557888306417177660e+01,3.335325981561249264e+00,-5.396643195838878304e-01
-1.500212418300180062e+01,3.252930056654363522e+00,-3.635626338374335909e-01
-1.457212478699438840e+01,3.257828246532195049e+00,-5.315923043556345512e-02
-1.406189304994217970e+01,3.348498837713943299e+00,2.096445891306158993e-01
-1.354376878475722989e+01,3.227209544314692646e+00,3.371045723030985930e-01
-1.306226956660249350e+01,3.031314342141550711e+00,4.032805324466307018e-01
-1.250808270602548511e+01,2.870439925684844074e+00,4.484064634952072970e-01
-1.195163295366099021e+01,2.653637301901320189e+00,4.919241166124052600e-01
-1.140938156258927094e+01,2.478283543995557281e+00,5.056570464653189489e-01
-1.085044725513247954e+01,2.376119222467205194e+00,3.754554233313530665e-01
-1.023258696244265131e+01,2.258166560299461612e+00,1.270044774445227287e-01
-9.754943152782118432e+00,2.172572392365234251e+00,-2.566235615698766320e-02
-9.233634453578599022e+00,2.093869989974834755e+00,-1.141512950934449322e-01
-8.726841737073772975e+00,1.991940949076240308e+00,-2.075311414939912946e-01
-8.162794248710353529e+00,2.026246128096239829e+00,-2.035326907832289423e-01
-7.666267018031181379e+00,2.102155582174266346e+00,-2.111148850081736583e-01
-7.011023130130110026e+00,1.939996055235613026e+00,-2.590759568199330065e-01
-6.566532821678296550e+00,1.888446360357690423e+00,-4.859069701053882473e-01
-5.924552051441297706e+00,1.785962021332912819e+00,-3.956622852574092630e-01
-5.325092764863964767e+00,1.858948778123781009e+00,-3.910435659430944733e-01
-4.332949488690867490e+00,2.018398677452349244e+00,-4.121397799233879611e-01
-3.465877613752417208e+00,1.920160803773245606e+00,-4.883105313598457009e-01
-2.958238052708992427e+00,1.750239976242338846e+00,-3.083696509336922853e-01
-2.517195591826705492e+00,1.538884112827059836e+00,-1.958484472433207890e-01
-2.050743321897378735e+00,1.234798823056066031e+00,-1.459506908887171495e-01
-1.573823613693413170e+00,1.060263447684954397e+00,-1.243261101252559619e-01
-1.203661835255186441e+00,8.462968404369221043e-01,1.700941041775728135e-01
-2.411815414019544690e-01,2.129601418305510641e-01,-4.040768750163448164e-01
