-5.955080083565600368e-02,-7.851847098239125855e-02,1.768969128859153653e-02
-4.004158170059142208e-01,9.942163858144108246e-02,3.606402173226056496e-01
-6.083373186197246207e-01,4.283355992748205665e-01,6.753885882141564823e-01
-9.252244431214774467e-01,8.718231293235855217e-01,6.844726449443946370e-01
-1.246279126074701482e+00,1.358364257533411612e+00,7.572534272364734864e-01
-1.412465508873242959e+00,1.846681079731840480e+00,8.253776305137993097e-01
-1.555955586081671393e+00,2.326732181383647902e+00,8.031951259315246450e-01
-1.675064463719080132e+00,2.936436900414512330e+00,7.690818364917582084e-01
-1.803206002685682874e+00,3.472442049762576755e+00,7.742942641249034308e-01
-1.894965587756620717e+00,4.022661017314645093e+00,8.068381274815403792e-01
-1.854857822229555975e+00,4.561401949979183357e+00,7.956539831668156815e-01
-1.807084043569761489e+00,5.059593924719068880e+00,7.768357832831227494e-01
-1.719901197325470088e+00,5.581147183748541352e+00,7.838226088922356505e-01
-1.595977457001228172e+00,6.100399044933266346e+00,7.841929489886113602e-01
-1.509169373829408300e+00,6.622999686460141255e+00,7.568625951151833897e-01
-1.367648953241342058e+00,7.143720602257209507e+00,7.567584965927904861e-01
-1.208110772051095960e+00,7.661573460269686997e+00,7.930971319167716693e-01
-1.102718937483945449e+00,8.196010098707496638e+00,7.517373281223158621e-01
-1.016656886868457565e+00,8.699058581542244539e+00,7.255375639156287360e-01
-9.349929019919338558e-01,9.213040276032106846e+00,7.693807388703539640e-01
-8.602329439689188062e-01,9.745181049948229202e+00,7.910465917692166560e-01
-7.096338990588908491e-01,1.022918943783793111e+01,7.632714462081408024e-01
-5.780757437086766481e-01,1.071479457609444630e+01,7.889526331974086037e-01
-4.674353832802719544e-01,1.123244290674710477e+01,7.996427623590234290e-01
-2.592608728080939007e-01,1.174219859317913084e+01,7.353433971836620398e-01
-6.997331524841450545e-02,1.222778702437137710e+01,6.988857846593677925e-01
9.729672947654439963e-02,1.272672768956947920e+01,6.720851268301178960e-01
1.835425551238992758e-01,1.322397485872588341e+01,6.268253389536553311e-01
6.403878147509139973e-02,1.381873246909368369e+01,6.136590213244440539e-01
-9.240233057290142549e-02,1.439379090743674716e+01,6.216368561445458907e-01
-2.457520402441282503e-01,1.497402439468223712e+01,5.626690328136635388e-01
-5.244509744385348338e-01,1.539079303788489383e+01,5.978246106108472402e-01
-9.804960210051427705e-01,1.569656314935758346e+01,6.081862003850914133e-01
-1.484356323131176270e+00,1.576041893181985287e+01,5.994118433976722837e-01
-2.050923931672917533e+00,1.592983908120515935e+01,6.089484246230478792e-01
-2.555745376012896308e+00,1.609387626629402135e+01,6.414268400412518334e-01
-3.080011954455516232e+00,1.617860004175102873e+01,5.945307331584769317e-01
-3.656574227853805148e+00,1.629162226634526078e+01,5.503955233157219462e-01
-4.207527583089467171e+00,1.642360246392081891e+01,5.428988331564946757e-01
-4.754200377811528710e+00,1.652351600213812688e+01,5.421772350927045458e-01
-5.246866295258580948e+00,1.668510003749704751e+01,5.279825509462923172e-01
-5.846879669724587281e+00,1.676604350496485196e+01,5.338787397103135213e-01
-6.420411173245736514e+00,1.680654870853200933e+01,5.918010130721980122e-01
-7.011931723245309556e+00,1.678123933969604664e+01,6.504924693941825931e-01
-7.554827856768181249e+00,1.669084157525469791e+01,6.429369816930189385e-01
-8.104776621582468366e+00,1.664863252590139098e+01,5.773949357502133894e-01
-8.690247657837529616e+00,1.658990856505675637e+01,5.804342781760132297e-01
-9.282476453963191432e+00,1.654291822962483494e+01,6.117189097767155026e-01
-9.802590650645869985e+00,1.652766509355034685e+01,5.956716344001399266e-01
-1.032871190970402608e+01,1.646007637574746596e+01,6.082701774004073414e-01
-1.082844632015622821e+01,1.642401313535835072e+01,6.018522747829342379e-01
-1.131408527251516638e+01,1.656578519625530532e+01,5.743794948305462889e-01
-1.184291283292451347e+01,1.678863131780337525e+01,5.582074356123607473e-01
-1.225475577884198053e+01,1.711383129855693497e+01,5.574621205356051767e-01
-1.269676061547174584e+01,1.757067581001792433e+01,5.474094039234166376e-01
-1.314360773119115144e+01,1.792964614070492502e+01,5.342323091559263437e-01
-1.352488517055014228e+01,1.830774862205517550e+01,5.454210592311857786e-01
-1.388283775399601083e+01,1.869793265414094563e+01,5.968748993720288665e-01
-1.428700828076379103e+01,1.905989608101762656e+01,5.967475084195593693e-01
-1.469489760637160636e+01,1.943512673742964125e+01,5.517740873816409097e-01
-1.519303019249620412e+01,1.964772294774082440e+01,5.320034180395548651e-01
-1.581196582886146729e+01,1.975575273030034396e+01,5.302436742724064844e-01
-1.636007710052459885e+01,1.991529112504688115e+01,5.100764231852963349e-01
-1.692768960242075948e+01,2.009242472004210001e+01,5.181487727050123615e-01
-1.748828958752120144e+01,2.028693586774684476e+01,5.491835976831359600e-01
-1.801832038139281167e+01,2.047474531687797494e+01,5.323795258375507711e-01
-1.862915234988731328e+01,2.052434636543555513e+01,5.094127593457208336e-01
-1.911972333480630937e+01,2.035867244440724022e+01,5.060000670311937121e-01
-1.953337617763880374e+01,1.994445573812884831e+01,4.299241235267578509e-01
-1.995550623841310411e+01,1.950721328051926307e+01,4.018125578384719732e-01
-2.027058114837069880e+01,1.911858476526921891e+01,4.529779035306302770e-01
-2.046946542675636849e+01,1.858061875928948936e+01,4.422350264471228698e-01
-2.061332122187039673e+01,1.807335662487100691e+01,4.689915038434569472e-01
-2.082448533976583604e+01,1.750139407560440219e+01,5.043401872405803843e-01
-2.101667475681288622e+01,1.698077674114097135e+01,5.448037395758997814e-01
-2.113581191808878046e+01,1.647194062195442044e+01,5.312431755104143338e-01
-2.117516796880391183e+01,1.593872867220966150e+01,4.913568085613483349e-01
-2.122775872432100996e+01,1.539626095952230322e+01,5.177395822163709527e-01
-2.133489818497565693e+01,1.483973553575688520e+01,5.503803923836607659e-01
-2.131608640216344597e+01,1.432104901751996806e+01,6.009297584592081520e-01
-2.146388739728693906e+01,1.381631670615231222e+01,6.322863784518923946e-01
-2.161890979822801739e+01,1.330532299374277905e+01,6.411597750270863205e-01
-2.180182080675869827e+01,1.275571870341048353e+01,6.825676511463328877e-01
-2.201713838093500542e+01,1.224522656801180531e+01,6.742411806568883170e-01
-2.220294712696749073e+01,1.172399695886098847e+01,6.559383435735210988e-01
-2.236394345718140997e+01,1.123320152029080887e+01,7.207800663762502502e-01
-2.255173863440754545e+01,1.072144268790752797e+01,7.906124909232072895e-01
-2.269316492077597402e+01,1.019363951339856023e+01,8.151208152672513307e-01
-2.288232295139231454e+01,9.706528957337029695e+00,8.217412881258966406e-01
-2.308181529371704599e+01,9.233618626107645611e+00,8.446062585075111429e-01
-2.321619385146457049e+01,8.718063484887865755e+00,8.140190223144112558e-01
-2.340966456582251709e+01,8.255088065756277516e+00,7.960064763917152897e-01
-2.365020400977582327e+01,7.676880637870628910e+00,8.058877404410367262e-01
-2.383780067243320033e+01,7.201156611499231808e+00,8.748548441454312430e-01
-2.405618131268648341e+01,6.736700071619277530e+00,8.857588620918822597e-01
-2.418109912105887460e+01,6.242873731994546205e+00,8.423672464217104583e-01
-2.435173110189414558e+01,5.660546209835297660e+00,8.502161369193558249e-01
-2.453240352722142958e+01,5.143811495117190269e+00,9.119262776088917777e-01
-2.471312628619056539e+01,4.655098227186481807e+00,9.423752406952047300e-01
-2.499305800423094581e+01,4.224492148262280367e+00,9.653629840360216097e-01
-2.523418778321052969e+01,3.758210929053581228e+00,9.686180551934242544e-01
-2.539755289326972942e+01,3.274552651555005855e+00,9.305267973804243198e-01
-2.552970394985585756e+01,2.790737087391963911e+00,8.898527140366820909e-01
-2.564593966099299394e+01,2.287239179131660638e+00,8.903434397320593163e-01
-2.584100271563802664e+01,1.777203930773393559e+00,9.292009578033972872e-01
-2.608858117608623672e+01,1.306199798310937465e+00,9.866986048807310228e-01
-2.625246444869250340e+01,7.809972892103822506e-01,9.886662232261641536e-01
-2.639893789767826604e+01,2.619109212143470589e-01,9.309702361577483209e-01
-2.653316372664064815e+01,-2.240842472419512510e-01,8.653496212248280584e-01
-2.663585010195900082e+01,-7.576538054110986131e-01,8.576736505297517521e-01
-2.679399152276832652e+01,-1.256860923522384654e+00,9.824513712856355330e-01
-2.697460548586182938e+01,-1.731121526394696630e+00,1.118784407702726913e+00
-2.708695966704434710e+01,-2.236199265104456213e+00,1.106570414528767365e+00
-2.726684482515447883e+01,-2.733007026958116370e+00,9.790932032548411712e-01
-2.747069472973628024e+01,-3.236606313384059685e+00,8.435531181711438675e-01
-2.767920623866343277e+01,-3.756779438816133965e+00,8.194247587086888052e-01
-2.787725044926833107e+01,-4.275563696624252508e+00,8.273040571061467396e-01
-2.798803936413634474e+01,-4.771352340775037781e+00,9.042489856660789194e-01
-2.807747615089986226e+01,-5.285747691624984590e+00,9.708151678053190681e-01
-2.820305123116620294e+01,-5.826449802452376758e+00,9.677894395472084188e-01
-2.826499975991654878e+01,-6.343850248716704776e+00,8.976285039027486201e-01
-2.836748314066379351e+01,-6.911656509401648663e+00,8.872471361424015823e-01
-2.847970523963251566e+01,-7.422515989043033002e+00,9.287099862641319259e-01
-2.861642678733012346e+01,-7.949847645204934921e+00,9.151303029525357235e-01
-2.881694506112670595e+01,-8.414329645666676072e+00,8.938642587098435399e-01
-2.885573299385773183e+01,-9.020295494403631764e+00,8.867875961523522532e-01
-2.888651494978151391e+01,-9.524630363160698110e+00,9.270760337548226149e-01
-2.901538577562631005e+01,-1.000870435112036994e+01,9.914637423250892700e-01
-2.905474025907662750e+01,-1.051424008076576655e+01,9.594539409190245838e-01
-2.911727488275280606e+01,-1.104032310291652053e+01,9.334108493844001098e-01
-2.925502047616340562e+01,-1.154657517896357533e+01,9.179440668474466714e-01
-2.936250426454340712e+01,-1.209805150852677080e+01,8.782462737279377318e-01
-2.941637764784320908e+01,-1.259473592888313931e+01,8.174654766317256405e-01
-2.946099000384549527e+01,-1.315676432563913067e+01,8.361468598665189322e-01
-2.955377987480951063e+01,-1.369678940816431734e+01,9.442339652741602585e-01
-2.965097882498030657e+01,-1.421849194309101350e+01,9.674331258316253290e-01
-2.962614201711630102e+01,-1.473739894243862913e+01,9.394122107908394748e-01
-2.962571826561402233e+01,-1.528115509204092071e+01,9.250412282343771775e-01
-2.971995547811025773e+01,-1.583572468471096073e+01,8.902054464773219156e-01
-2.978400907941134790e+01,-1.638284548934425189e+01,8.641694913056969796e-01
-2.983015278686230687e+01,-1.690065710390441822e+01,9.080068794518789677e-01
-2.989612926879884824e+01,-1.742438089802177359e+01,9.435850791905869839e-01
-2.996300836198262374e+01,-1.797494661452611808e+01,9.447312302171986254e-01
-3.008521019769797888e+01,-1.849881322649706306e+01,8.939193336725003158e-01
-3.020451692840545732e+01,-1.900577699787680785e+01,8.059221063490248360e-01
-3.023986414777474252e+01,-1.960622494149157191e+01,7.451115601370906782e-01
-3.029536162201628002e+01,-2.023264485756175546e+01,7.585783148429759981e-01
-3.031732492301366833e+01,-2.081013824186761951e+01,7.102838090745045019e-01
-3.041179441764271729e+01,-2.132644796316693458e+01,7.362064548402141861e-01
-3.047279930126990521e+01,-2.183276929084724571e+01,8.159592620934795759e-01
-3.047724264062156507e+01,-2.240550786771071046e+01,8.615373142186943944e-01
-3.059939815527063800e+01,-2.289218642671784210e+01,8.360945591047533876e-01
-3.071218249998135619e+01,-2.338745565106172464e+01,8.388917085321011546e-01
-3.080903486136312353e+01,-2.396840715394006693e+01,8.837089507180839743e-01
-3.095507762190151624e+01,-2.450042823500268341e+01,8.893644530158079098e-01
-3.097607623099577268e+01,-2.506355269317175427e+01,8.773964098919706522e-01
-3.106123770212762025e+01,-2.558556801531155855e+01,9.223145161669977776e-01
-3.123661205601943180e+01,-2.614366664777469396e+01,9.658105982698367287e-01
-3.125587885969412838e+01,-2.671127590832558241e+01,9.963576924666446288e-01
-3.121521499547879941e+01,-2.722057045152232391e+01,9.516050508891628068e-01
-3.118732642229246466e+01,-2.775137216053019174e+01,9.037090408480072945e-01
-3.125465337774662800e+01,-2.825846909365434456e+01,9.758446139742985581e-01
-3.141767118069769538e+01,-2.884854364958800232e+01,1.082373952514279702e+00
-3.153166722095696883e+01,-2.935695928440852143e+01,1.085973071722127647e+00
-3.159115907342514618e+01,-2.986253414723294952e+01,1.085108218427222049e+00
-3.158589223021688142e+01,-3.039519914493919828e+01,1.038238778805919527e+00
-3.147509745976037721e+01,-3.091602615475299132e+01,8.853546817297974769e-01
-3.133870496022675667e+01,-3.152050752152004520e+01,8.814712100919778193e-01
-3.118595713962751859e+01,-3.209455472330531478e+01,9.086902273065939895e-01
-3.099412452496616055e+01,-3.269166955262398488e+01,8.944901835135239399e-01
-3.099860181297889383e+01,-3.325309658884972208e+01,8.450087836779386352e-01
-3.112310341784577972e+01,-3.384937799792768232e+01,8.524121854002985055e-01
-3.129350797640733006e+01,-3.436082504021246109e+01,9.362018690805177235e-01
-3.143063016187815961e+01,-3.491933270223954366e+01,9.912600722284717891e-01
-3.132287474623843693e+01,-3.546539322412669293e+01,9.763194792208951256e-01
-3.114309873536813100e+01,-3.599931233464096891e+01,9.902265301120765084e-01
-3.098884572364545065e+01,-3.652609326778061671e+01,1.025741482653609982e+00
-3.078747583313544567e+01,-3.699426581531210445e+01,9.925679969254763702e-01
-3.056654703474807988e+01,-3.757986100151148889e+01,1.001700811672088687e+00
-3.037603757748473399e+01,-3.811837212735440517e+01,1.064852583591083590e+00
-3.013585653301335299e+01,-3.867423230039155868e+01,1.053230239732974916e+00
-2.993913610159407668e+01,-3.921817219485877359e+01,1.038240763827680935e+00
-2.970895026443990616e+01,-3.970358639616424767e+01,1.089109325713022436e+00
-2.942856844001741479e+01,-4.014250264584298122e+01,1.131416973803577752e+00
-2.913465830732521411e+01,-4.062331283927627368e+01,1.140382526827181664e+00
-2.874945395701510620e+01,-4.102817388134641874e+01,1.107096876236117078e+00
-2.839768037999715133e+01,-4.151957273535374782e+01,1.134113882857043176e+00
-2.808793312143789578e+01,-4.192324721876673266e+01,1.221925514487695263e+00
-2.768609011043100310e+01,-4.223117932360509741e+01,1.237152420137995534e+00
-2.726417766273930354e+01,-4.256635411476896991e+01,1.225367928094151848e+00
-2.684692740892443297e+01,-4.285725138961966252e+01,1.247655814543880304e+00
-2.638614402723255736e+01,-4.312325903612372713e+01,1.260463363676207704e+00
-2.596327391481559133e+01,-4.346574244347760896e+01,1.238155925965653603e+00
-2.554097115443171617e+01,-4.374412627067688675e+01,1.256292164403660427e+00
-2.508946817836289966e+01,-4.395462429695417228e+01,1.313335345097863538e+00
-2.466062771501233897e+01,-4.422832264795912494e+01,1.300942041575725128e+00
-2.421350743039987918e+01,-4.446530248847303568e+01,1.297782336110187673e+00
-2.368341123340142929e+01,-4.463310076492833645e+01,1.346986739530825705e+00
-2.316368453767711699e+01,-4.485874813977699205e+01,1.347327515333655024e+00
-2.268117141064345788e+01,-4.501417468778213760e+01,1.347281870461083164e+00
-2.212953802775720291e+01,-4.521274507954942834e+01,1.402846182206965997e+00
-2.167022468261053092e+01,-4.550573414588259169e+01,1.413234844013443903e+00
-2.108015861716882355e+01,-4.572691746190368178e+01,1.414321096326017546e+00
-2.050523366876615938e+01,-4.595548683843495752e+01,1.464098174686444320e+00
-2.000956161399345490e+01,-4.612667931408046940e+01,1.522896490337187547e+00
-1.945677044648492426e+01,-4.624047340026663022e+01,1.581953853763502948e+00
-1.897393846338054857e+01,-4.641906678076215798e+01,1.583403575112226402e+00
-1.834704475935940948e+01,-4.655874353456185588e+01,1.558213230302210928e+00
-1.783691281109598847e+01,-4.672808163640062418e+01,1.557896631192277281e+00
-1.733153964966924931e+01,-4.700120211195842757e+01,1.601793373800134201e+00
-1.680788135614177392e+01,-4.709930429444480637e+01,1.636281383529502031e+00
-1.627217281574541730e+01,-4.716307742366866762e+01,1.664758730647149632e+00
-1.575894290524873398e+01,-4.731531245654323214e+01,1.691356307521504565e+00
-1.530506855508725650e+01,-4.758812897304075307e+01,1.593432304660041154e+00
-1.491893116052041535e+01,-4.802238440559032284e+01,1.393084846602725246e+00
-1.447872896678517307e+01,-4.826897292702082609e+01,1.245120023899284556e+00
-1.397558658200361492e+01,-4.814791327106991048e+01,1.157116551742530364e+00
-1.355502452814015157e+01,-4.781399041527658511e+01,1.124605457222447313e+00
-1.319848261262671762e+01,-4.729393397222541751e+01,1.114454249634572180e+00
-1.298786531254956955e+01,-4.675667595187756120e+01,1.143751284835015092e+00
-1.293701480323209552e+01,-4.624758401795470775e+01,1.225704474071809713e+00
-1.299783530137693610e+01,-4.572954454679975811e+01,1.227592433338201117e+00
-1.296602198220639224e+01,-4.519683302106648881e+01,1.271972199072255449e+00
-1.289460837113766978e+01,-4.462487209621094308e+01,1.339289971807499757e+00
-1.287107692209265508e+01,-4.405381602528041896e+01,1.381254651698899050e+00
-1.274746149957061547e+01,-4.355366026178997885e+01,1.357325230399282878e+00
-1.273588032019703320e+01,-4.295430368185544978e+01,1.399172758625523816e+00
-1.272404691133951182e+01,-4.245546643118034780e+01,1.454357846875206306e+00
-1.265759924230754763e+01,-4.192791709917527498e+01,1.495813159402523462e+00
-1.262320595713343252e+01,-4.132229094239436051e+01,1.445749104859432199e+00
-1.247923848879593933e+01,-4.079430856033147279e+01,1.443164253917110562e+00
-1.232344025777736896e+01,-4.026915733644791828e+01,1.453491370921685677e+00
-1.224998186649964715e+01,-3.973230779512579858e+01,1.428646228820433128e+00
-1.207039346342817865e+01,-3.923189766068050233e+01,1.405477556784372695e+00
-1.189411652784217210e+01,-3.873180038906988898e+01,1.438399092936533119e+00
-1.177560898940414802e+01,-3.818942447767653903e+01,1.494637408641261489e+00
-1.155922369320158261e+01,-3.769134238985268581e+01,1.485334485740459121e+00
-1.135186815529753446e+01,-3.718486563518069943e+01,1.480888986363716464e+00
-1.118020285993686258e+01,-3.667114578195960206e+01,1.530460857561702248e+00
-1.090298034257314619e+01,-3.617656317107589814e+01,1.499526772085377102e+00
-1.066313266061459508e+01,-3.570501400381754564e+01,1.441660409540866050e+00
-1.044480348936252412e+01,-3.520143584744267429e+01,1.457495130133072969e+00
-1.017248660533056892e+01,-3.469688648481696447e+01,1.426926869728616154e+00
-1.001736922076239189e+01,-3.416357857452595681e+01,1.302151509514118066e+00
-9.849293095814058319e+00,-3.365699127786063372e+01,1.243352239120401048e+00
-9.680611217232620191e+00,-3.311604598907091912e+01,1.272798663886528070e+00
-9.562733156589194650e+00,-3.251691511283119240e+01,1.250831575599615553e+00
-9.458354682132126712e+00,-3.198083548813861654e+01,1.210781787274300525e+00
-9.393490519062577704e+00,-3.144601558809721098e+01,1.229275147670023438e+00
-9.388637374415054637e+00,-3.091771784292614811e+01,1.241369202799174287e+00
-9.322250098706458488e+00,-3.035382595804551187e+01,1.271296421061738346e+00
-9.192051759340939654e+00,-2.985253440627090527e+01,1.314835096023695860e+00
-9.030056553029504940e+00,-2.928948158001454516e+01,1.353061533291631813e+00
-8.800644109497987699e+00,-2.875432297352516287e+01,1.326715224963600948e+00
-8.630838620625969071e+00,-2.824915207662700212e+01,1.275541079067350259e+00
-8.493933246415325655e+00,-2.772650119829177839e+01,1.293757325911101042e+00
-8.364908676188285597e+00,-2.716637597279460792e+01,1.292367780669000821e+00
-8.317427661192144939e+00,-2.661105034738266184e+01,1.278741402919837400e+00
-8.243776783912755590e+00,-2.608643663287305969e+01,1.295480053677180665e+00
-8.144191986471106759e+00,-2.551118530369014081e+01,1.329262498885300570e+00
-8.036133101446663929e+00,-2.496047575325549062e+01,1.283984072992476522e+00
-7.916173974930591051e+00,-2.447040068344491459e+01,1.277745821580547503e+00
-7.849925216300604802e+00,-2.387200111748280662e+01,1.297209857956449719e+00
-7.771066596237434787e+00,-2.326429732335112632e+01,1.230586704362396588e+00
-7.646071716470136614e+00,-2.276728633261724610e+01,1.195085205030188558e+00
-7.592460548134786436e+00,-2.226803980246670633e+01,1.234040876747540594e+00
-7.589725701110125122e+00,-2.172647358730204203e+01,1.232797366467789146e+00
-7.513912337947822095e+00,-2.120274725846267927e+01,1.196339294173640599e+00
-7.472019714110647470e+00,-2.065718522398961099e+01,1.209490120518490253e+00
-7.509373482176712855e+00,-2.015629201239574897e+01,1.246599702872890791e+00
-7.643444258771072697e+00,-1.961846102010815684e+01,1.259345713076176931e+00
-8.073086270152234789e+00,-1.909571544896234130e+01,1.199334248668669556e+00
-8.530976237127688933e+00,-1.877897522006573894e+01,1.079693544306488340e+00
-8.956069066182003269e+00,-1.858896518923865671e+01,8.611224859393346032e-01
-8.674711871008188524e+00,-1.909220567232657828e+01,6.556969057045882732e-01
-8.461657861405058156e+00,-1.956736506514472040e+01,6.787366417208011704e-01
-8.426830997053084360e+00,-2.010764334029378020e+01,8.943167516351223645e-01
-8.420740711900442932e+00,-2.066649689215812202e+01,9.655364837330719929e-01
-8.586010271341640632e+00,-2.127239849801919647e+01,9.937765534462830175e-01
-8.644177415511601126e+00,-2.178592490214339605e+01,1.017788623485164745e+00
-8.514767492920922720e+00,-2.228435118292202333e+01,1.066622384341601837e+00
-8.316185884391623873e+00,-2.280797231289454174e+01,1.090196667841576650e+00
-1.318656726362213050e+01,-4.643838315153314511e+01,1.626634323324901432e+00
-1.337145978792830547e+01,-4.693757322630743545e+01,1.612605480648468204e+00
-1.370517166405404730e+01,-4.743869521203846062e+01,1.661811364757996401e+00
-1.409698803444258175e+01,-4.777019097470148523e+01,1.693672857799387144e+00
-1.570178722342764210e+01,-4.787611346432017001e+01,1.491692812099761234e+00
-1.627413698092992433e+01,-4.775861528144238122e+01,1.555973911201727899e+00
-1.679202355568276417e+01,-4.760617032382377545e+01,1.582579654284476112e+00
-2.088157680827683294e+01,-4.629793871964596264e+01,1.413893910855807512e+00
-2.145899374822795380e+01,-4.626395478275108530e+01,1.429919912056500708e+00
-2.205267522313152639e+01,-4.616645887270293969e+01,1.479441309283714423e+00
-2.260176094321926854e+01,-4.593619959702616029e+01,1.467709965570029640e+00
-2.312487384833472248e+01,-4.569914665019057765e+01,1.430897923188140242e+00
-2.362564168818040855e+01,-4.546016526336173058e+01,1.494733882303027617e+00
-2.410298086828452924e+01,-4.521436476835650353e+01,1.507002182676962176e+00
-2.463525230780261310e+01,-4.502391569785316960e+01,1.441431002194947464e+00
-2.513870891082534342e+01,-4.483609774826547323e+01,1.415571334880497245e+00
-2.564384745078732664e+01,-4.461984885308657311e+01,1.416764571333050338e+00
-2.617229904016859265e+01,-4.438691759358897571e+01,1.406417985967226780e+00
-2.660730097709365083e+01,-4.409476171193580285e+01,1.411164394752005835e+00
-2.709103525696260562e+01,-4.377725287498277140e+01,1.439574325317481751e+00
-2.759954341044563364e+01,-4.346326406400934417e+01,1.409361008345425326e+00
-2.801747134316746113e+01,-4.309688123588115616e+01,1.375971453494623242e+00
-2.844492423124141212e+01,-4.274216136921624809e+01,1.374733637336763792e+00
-2.891061059933777244e+01,-4.233270050070851198e+01,1.402348096188809290e+00
-2.927306170045090639e+01,-4.185448209024932709e+01,1.390273323609068523e+00
-2.966001902017163516e+01,-4.138055361372597929e+01,1.356239408724175810e+00
-3.001366080881530962e+01,-4.088697050511862585e+01,1.378448607725720754e+00
-3.027267247852325838e+01,-4.045474482961956397e+01,1.383474868016507431e+00
-3.057699616755998306e+01,-4.000512691222101580e+01,1.365760210718815371e+00
-3.083029758491495897e+01,-3.957363819129925986e+01,1.403329582668741304e+00
-3.104675537226755822e+01,-3.898627657965423765e+01,1.365454342865729753e+00
-3.130277777594994504e+01,-3.844582077029825484e+01,1.341389801447314678e+00
-3.154094326262505632e+01,-3.792938417556883479e+01,1.372608600177482208e+00
-3.173518990506007142e+01,-3.741085025975540646e+01,1.352349320379099495e+00
-3.189666386366498685e+01,-3.692330202570069275e+01,1.301019025107827520e+00
-3.201041528786034718e+01,-3.639349823662411154e+01,1.293327364356681386e+00
-3.207785918738933617e+01,-3.589518430375439806e+01,1.301425867619670163e+00
-3.220051749864815349e+01,-3.537210386303279108e+01,1.250360450610914276e+00
-3.222608872670713254e+01,-3.486611266547229349e+01,1.228844287204743813e+00
-3.225983297242067493e+01,-3.428748870326386822e+01,1.216219420128875850e+00
-3.232967130826811086e+01,-3.375930438196423466e+01,1.194878696365565318e+00
-3.220130541197256946e+01,-3.313366034620513290e+01,1.196255212832697756e+00
-3.219456616379432035e+01,-3.259109726311805133e+01,1.211387728619548243e+00
-3.218251329250839632e+01,-3.202497936217186947e+01,1.308611326949926879e+00
-3.210711942054560097e+01,-3.147192503450597201e+01,1.332877915216022169e+00
-3.222144445964336512e+01,-3.094805472644361544e+01,1.288482401546024780e+00
-3.234240468364550480e+01,-3.040060322236067947e+01,1.333141192229705618e+00
-3.232675356469081862e+01,-2.983201102199967281e+01,1.338121492450104810e+00
-3.232068109770712283e+01,-2.932933484377546307e+01,1.294300988541710495e+00
-3.226265936475697771e+01,-2.878150931917945243e+01,1.326628394114366394e+00
-3.212899109560004263e+01,-2.824449155475934248e+01,1.388146932441054693e+00
-3.208316430496277150e+01,-2.765341903869997253e+01,1.364863204028555987e+00
-3.201877490809474125e+01,-2.712658018563055506e+01,1.367529082259267836e+00
-3.188783302513945372e+01,-2.659844162341370932e+01,1.414859741432582529e+00
-3.185598461974150197e+01,-2.602641129947030407e+01,1.389739678468138173e+00
-3.176308564666873124e+01,-2.543865984494772547e+01,1.413526162650091900e+00
-3.160732272751842231e+01,-2.483681306795978472e+01,1.378650080021676327e+00
-3.151417758978082162e+01,-2.426585449160445762e+01,1.332801794124284678e+00
-3.135830206665421827e+01,-2.368645418912467449e+01,1.232935790853981084e+00
-3.125868474893563942e+01,-2.312354880986508121e+01,1.128261416523645533e+00
-3.123919208693461513e+01,-2.256531589457333453e+01,1.092561639854178868e+00
-3.116589882662046662e+01,-2.205971257443981415e+01,1.083933799889935656e+00
-3.109341252490040119e+01,-2.149951289705369817e+01,1.088432685178398751e+00
-3.092038101041849529e+01,-2.093092238402535443e+01,1.276752918596862463e+00
-3.077061305418898129e+01,-2.040117007725305243e+01,1.484270443731322553e+00
-3.067103940851566790e+01,-1.989764056994516039e+01,1.567080858012423583e+00
-3.043385040179565593e+01,-1.941514028030778505e+01,1.560281891838867674e+00
-3.039141527461413617e+01,-1.891814259655865627e+01,1.476796777622892076e+00
-3.032258651852274411e+01,-1.832691890339039631e+01,1.376978095824513471e+00
-3.017587775611104206e+01,-1.782303845914148610e+01,1.407262597573089913e+00
-3.009826717519442241e+01,-1.726666391605557394e+01,1.441772077185050627e+00
-2.999164094873135866e+01,-1.674132673844860975e+01,1.457672310931493964e+00
-3.008529228839231351e+01,-1.618656317853728055e+01,1.513493419696177122e+00
-3.023689405773048833e+01,-1.568121791974278345e+01,1.597001314790216231e+00
-3.020925687831756790e+01,-1.510592466602650497e+01,1.606520767274351558e+00
-3.020414315086298274e+01,-1.456947008348141814e+01,1.568726540524037150e+00
-3.010010789255731822e+01,-1.395200031898404447e+01,1.495295206237058805e+00
-3.008234518704238525e+01,-1.339149663009148128e+01,1.488873832056180069e+00
-3.013175698124141988e+01,-1.276378136898214777e+01,1.527783136591889024e+00
-3.010259099814265582e+01,-1.220192754366905419e+01,1.515587305805973894e+00
-3.005212069806632158e+01,-1.161413919647462656e+01,1.505668768800067836e+00
-2.985021604012126062e+01,-1.114006057250974635e+01,1.520363196145230855e+00
-2.957784470147270639e+01,-1.063930973139227731e+01,1.512801526914471895e+00
-2.947441645098399832e+01,-1.012370995254546990e+01,1.441404569920134549e+00
-2.939711579339886072e+01,-9.590168104397893245e+00,1.446504694092379584e+00
-2.929381655689556041e+01,-8.991912172237091383e+00,1.465430047641208988e+00
-2.930087375478676748e+01,-8.497153521289677158e+00,1.371951733520666128e+00
-2.919297020712312829e+01,-7.970464482867951617e+00,1.341862828564954535e+00
-2.910436507478787505e+01,-7.467858258453127895e+00,1.324045100156479915e+00
-2.899559230043782421e+01,-6.937069327268467589e+00,1.273031767159922945e+00
-2.878401330481963782e+01,-6.407539828712385699e+00,1.270448486724649495e+00
-2.867208062258482926e+01,-5.886918369443835175e+00,1.320304422201464156e+00
-2.862101579244214022e+01,-5.338910983031621704e+00,1.338679983471224855e+00
-2.846640604172090505e+01,-4.831851027603394577e+00,1.284513010120210019e+00
-2.838638366095559107e+01,-4.285212710192702446e+00,1.279629607626385113e+00
-2.831394707446378689e+01,-3.727882725537930320e+00,1.341462647496997285e+00
-2.809734335117711623e+01,-3.223104562622947089e+00,1.335242908472984436e+00
-2.793055978148963092e+01,-2.742910747560769469e+00,1.280727867624750438e+00
-2.777420446398826925e+01,-2.240263487791242181e+00,1.316142669487831540e+00
-2.759785351195446168e+01,-1.745228424344700047e+00,1.322947909609077710e+00
-2.746844229180293695e+01,-1.226744522249037628e+00,1.273934375147639075e+00
-2.730752536322499324e+01,-6.886915660584396193e-01,1.294068229339612186e+00
-2.711797394718754717e+01,-1.687996352216658003e-01,1.281145491213270038e+00
-2.696687087643711322e+01,3.132666413792058457e-01,1.130986220439498924e+00
-2.675138412268982790e+01,8.381041688919853572e-01,1.072728000818277128e+00
-2.636831102004567740e+01,1.757056488356921076e+00,1.165447393197365678e+00
-2.621385779166166330e+01,2.283055710123705673e+00,1.284381531384138020e+00
-2.598865446015750891e+01,2.791173373998555807e+00,1.278607235039725287e+00
-2.590457854582303909e+01,3.285988255657547263e+00,1.260045842875832767e+00
-2.583354818837162625e+01,3.805264952916810550e+00,1.350169526034631806e+00
-2.564323359345832287e+01,4.306337669717599681e+00,1.454662546662639722e+00
-2.544301463265175656e+01,4.816250773248862416e+00,1.469888824223387180e+00
-2.523252512432534544e+01,5.322635863747491314e+00,1.470734761096018195e+00
-2.497501837957523918e+01,5.856615104905409375e+00,1.356109008545011152e+00
-2.482129356735509873e+01,6.372228201888749943e+00,1.173415037612973277e+00
-2.455472255586322206e+01,6.926614063274456612e+00,1.031090160102925424e+00
-2.433479100101745374e+01,7.387589304343614494e+00,1.114363413739146713e+00
-2.423772119576025474e+01,7.885470141017937529e+00,1.143040206120848445e+00
-2.406742139936294578e+01,8.370041703084208251e+00,1.062752055274749141e+00
-2.384432839760763301e+01,8.882876466772787083e+00,9.863331565451701755e-01
-2.368147475697081461e+01,9.432462824291420134e+00,8.594679444023665127e-01
-2.346972632925643154e+01,9.958165728940089778e+00,8.388413236417122665e-01
-2.318771935218480706e+01,1.047453042347849284e+01,8.638318652196835812e-01
-2.300981943107209204e+01,1.103379236045032918e+01,7.869819930732000479e-01
-2.282411024226279039e+01,1.153157205807556807e+01,7.039835260298422659e-01
-2.259990734893804287e+01,1.205819740374238336e+01,7.560883194954717279e-01
-2.244585319238582599e+01,1.262844469627401445e+01,8.163558400969236351e-01
-2.222085663338237183e+01,1.308688027032172663e+01,7.726018696078591486e-01
-2.067874472215001447e+01,1.558661399566500272e+01,3.903602716450557675e-01
-2.054283890898423337e+01,1.607933140160546515e+01,3.294539863198132079e-01
-2.062032969018519424e+01,1.660181456833486280e+01,4.582989494906261618e-01
-2.026076102887440555e+01,1.701105883879644409e+01,4.587484109852091319e-01
-2.003330813582898529e+01,1.746479825342680670e+01,3.839425256043458856e-01
-1.981614268487613373e+01,1.796274841485562135e+01,3.598415630770590568e-01
-1.967694238444227395e+01,1.845738162138568583e+01,3.335892076104404746e-01
-1.918367985542116116e+01,1.872277091361141288e+01,4.402660984969012370e-01
-1.860227191960654736e+01,1.876335876321432750e+01,4.731733430076703328e-01
-1.802364211851048736e+01,1.881835903821384548e+01,3.533934297159930793e-01
-1.751287144177571165e+01,1.884254895430181875e+01,3.280626846580674827e-01
-1.701296984677704316e+01,1.903495141410795810e+01,2.945895393743910851e-01
-1.648285263715560234e+01,1.890937380069738438e+01,3.135234660576184940e-01
-1.602093125418488384e+01,1.871006551017217134e+01,3.225844716552362379e-01
-1.555925331587771510e+01,1.841855475797486719e+01,3.682967221890304232e-01
-1.514950238419558204e+01,1.803285434721831848e+01,4.973370285136936575e-01
-1.465118114235505686e+01,1.771959272290666831e+01,4.830230379205682212e-01
-1.419816848114230545e+01,1.740994994726593248e+01,4.973234761030497775e-01
-1.376816658331267718e+01,1.709129250505691644e+01,4.504033442229391504e-01
-1.332163766054498844e+01,1.684498788937433389e+01,3.923137478427571323e-01
-1.285705987589740040e+01,1.659213771134588811e+01,5.396349405193089366e-01
-1.237057409532053143e+01,1.636886103230230205e+01,5.638846919813169656e-01
-9.667648181494540083e+00,1.602353362377482782e+01,4.167204885882890841e-01
-9.128632016140661776e+00,1.589857224330404861e+01,4.864874103745905898e-01
-8.568531722267044515e+00,1.591854517632245525e+01,5.626055810483857611e-01
-7.989203503887527091e+00,1.582974452114421915e+01,6.073915531828271153e-01
-7.370424567839857666e+00,1.583258715733940925e+01,6.722880940739801581e-01
-6.868928696146921808e+00,1.581379812452149558e+01,7.575352313577744523e-01
-6.375764844736008463e+00,1.567913995499838364e+01,7.392750372969674189e-01
-5.787183178440191256e+00,1.569790480692631718e+01,7.120901759628491812e-01
-5.265160870454246300e+00,1.569115913659885564e+01,7.293085609532948821e-01
-4.746050395116424347e+00,1.561812554874061121e+01,7.119540295439691358e-01
-4.228106412419585958e+00,1.571463224374352841e+01,7.541993047715573883e-01
-3.668978162678895316e+00,1.566219426848207519e+01,8.605456943532175940e-01
-3.166460037467059507e+00,1.544383629415387205e+01,8.386129330372034119e-01
-2.595217570427243547e+00,1.527218826915274441e+01,8.817863793333154954e-01
-2.097894957836047070e+00,1.503631567271583691e+01,8.666788281189800047e-01
-1.569484341105771730e+00,1.486981192528942408e+01,8.621258569519475445e-01
-1.028677630906638774e+00,1.467832011287928573e+01,8.222902620482106517e-01
-6.854758925262460778e-01,1.431456208330992474e+01,8.090703485708758969e-01
-4.173949471005520273e-01,1.378015273716712130e+01,8.510949795506944637e-01
-3.847946155523385703e-01,1.316476104239081479e+01,7.980225926229934652e-01
-5.618210149056444003e-01,1.263574689621445835e+01,7.483588887799120792e-01
-6.171673920973803629e-01,1.212967966246383433e+01,6.763444602957413565e-01
-1.267254296344275444e+00,5.657027151547935340e+00,1.014294241860000723e+00
-2.312581609115972103e+00,3.697949632544271559e+00,8.161259545482539846e-01
-2.511761116039084474e+00,3.211655654419409700e+00,7.936670326072996495e-01
-2.504516713368083902e+00,2.655401181838398017e+00,8.402943563522750070e-01
-2.512155067523695884e+00,2.064332509404422922e+00,8.998051071222176178e-01
-2.275075363433676667e+00,1.535662436052092072e+00,9.406182741961307547e-01
-2.052001460228092267e+00,1.059741414914449287e+00,9.130115600817084731e-01
-1.797186631988030081e+00,5.921535034203090353e-01,8.980850935902350285e-01
-1.400164566441367775e+00,2.295875258228492477e-01,8.816432090094156182e-01
-9.931558816149935742e-01,-7.336608638995775755e-02,8.842980578700760930e-01
-5.093995832817116431e-01,-3.870063164618499085e-01,2.765446007224377500e-01
