-6.820678298261932671e-02,-5.086963544087674816e-02,2.656992531758466808e-02
-5.587461475140518274e-01,1.041784656949386184e-01,-1.016071186778135134e-02
-1.094158477096148774e+00,-1.053237073666075940e-01,2.486915829606072686e-02
-1.591865728766829635e+00,-1.198597453776063665e-01,2.017967998286250841e-01
-2.102198547031626230e+00,-9.990792239062087909e-02,3.362357930924084193e-01
-2.605958476840051663e+00,-7.195056357698209615e-04,3.754187069397662002e-01
-3.148846793703678149e+00,1.236731968321991976e-01,3.908796724845468029e-01
-3.690520172559105472e+00,3.983590376169739433e-01,4.051813326480591115e-01
-4.184067834312203971e+00,6.026411957819924892e-01,4.223943256652691325e-01
-4.687959287576973999e+00,8.664683820159859717e-01,4.382891929327470959e-01
-5.168893341864470692e+00,1.208934589841185181e+00,4.578570746391192881e-01
-5.597386347369027071e+00,1.512683436024365280e+00,4.031700382503717317e-01
-5.936814903340164484e+00,1.877741915377437065e+00,3.498467503966823378e-01
-6.255304913865849414e+00,2.263980963816807801e+00,3.367387946097503137e-01
-6.616523820437595127e+00,2.626076501983630074e+00,2.859254699797622590e-01
-6.930422086751168109e+00,3.036385160167351493e+00,2.158625739735247906e-01
-7.335055100987712073e+00,3.490885855076794719e+00,2.328304157299000143e-01
-7.810833823331427617e+00,3.842876040464764387e+00,2.747703107223995467e-01
-8.305143000749806603e+00,4.173715976635124392e+00,3.250914660424932823e-01
-8.784546234469415182e+00,4.402183502638860269e+00,3.523619004719175107e-01
-9.254134195329152490e+00,4.772824777226190029e+00,4.035855137467950216e-01
-9.650844328148989959e+00,5.141710444720251516e+00,4.990559224703627894e-01
-1.004467945693219200e+01,5.536322118275505133e+00,5.516835996252895669e-01
-1.039701513400493837e+01,5.954632591148354415e+00,6.381827608892686188e-01
-1.078590172449280971e+01,6.292789860132662838e+00,6.755696741287265938e-01
-1.118039523779582112e+01,6.637281980979121698e+00,6.377588710296240304e-01
-1.161958945657108977e+01,6.963446765115693715e+00,5.972944725202550265e-01
-1.200374150324133105e+01,7.292347881833382672e+00,6.063697203523172874e-01
-1.241119523196428354e+01,7.654667136789687021e+00,6.653741820768713788e-01
-1.282112005463845250e+01,7.985014022548322821e+00,7.060491947344578190e-01
-1.317326003619136010e+01,8.377814045201162685e+00,7.581773939390789030e-01
-1.356418920812840945e+01,8.717988069009845020e+00,7.961497760113336319e-01
-1.393773242429426418e+01,9.124192242385269935e+00,8.017409577642529150e-01
-1.433165869855048413e+01,9.493760957313007509e+00,8.087598041826734585e-01
-1.466366317510268402e+01,9.910690047903621291e+00,8.877494018662621666e-01
-1.500605703124641366e+01,1.032892347692430413e+01,8.840950621732019954e-01
-1.553361668569029774e+01,1.057940864608743503e+01,7.391624720268352711e-01
-1.600974761908881305e+01,1.081330331293032287e+01,6.294358469494030217e-01
-1.649762493563624588e+01,1.100134131985126906e+01,5.492556430502445464e-01
-1.698940287205487465e+01,1.128186393579927227e+01,5.336889829523029372e-01
-1.740839603673222769e+01,1.171062200354072580e+01,5.534180118371715418e-01
-1.784613080245732419e+01,1.209304264375437477e+01,5.970918321448839272e-01
-1.829200043134952125e+01,1.240811838752517282e+01,5.323050609745351158e-01
-1.876002909309066169e+01,1.266586789475519481e+01,4.806104739102408097e-01
-1.916884075115716257e+01,1.298586578635180899e+01,4.401421558307239135e-01
-1.959668435520609719e+01,1.328844132320170957e+01,4.106260574881123726e-01
-2.003582368817884785e+01,1.361648745251076953e+01,4.155293883494444729e-01
-2.037410581675448640e+01,1.398649722089214009e+01,4.357716257897344403e-01
-2.080165926731168824e+01,1.442714776372939944e+01,4.815433554335294408e-01
-2.113024567809420162e+01,1.488366806626588712e+01,4.613504477169086404e-01
-2.144881383008980436e+01,1.528756300429438930e+01,4.357255879254410269e-01
-2.175052438353272066e+01,1.570511640985892399e+01,4.613756042088204556e-01
-2.204374290558095950e+01,1.625537803007667748e+01,4.569651522367241814e-01
-2.232726169705438934e+01,1.668462928274572832e+01,4.182448746589427779e-01
-2.258775206902138422e+01,1.712159330955463687e+01,4.098155616495389175e-01
-2.287638428425595905e+01,1.753533310653246247e+01,3.926639405598386090e-01
-2.321490653916879054e+01,1.791399558997876440e+01,3.162698701457109518e-01
-2.351598725618937280e+01,1.840279061878003475e+01,2.984818543869522389e-01
-2.378134522998331235e+01,1.882625313308795256e+01,3.355319349660928485e-01
-2.415135879178154354e+01,1.931298893538804151e+01,3.541298531385367321e-01
-2.446900576512379288e+01,1.984111424361100973e+01,3.821915795490586909e-01
-2.478412494199424643e+01,2.023227085617428500e+01,3.623476501266721383e-01
-2.512954080697096870e+01,2.073378701580231365e+01,3.716328986942746271e-01
-2.546367008777289342e+01,2.123226625849483895e+01,4.143094926094345598e-01
-2.585010922072574502e+01,2.165157617670141477e+01,4.420222150095450275e-01
-2.614261745669503156e+01,2.206943292347601115e+01,4.924372946057977152e-01
-2.654880046172233676e+01,2.253391190143350542e+01,5.235236743785961488e-01
-2.691182758414869269e+01,2.301320858380895729e+01,5.415684649945257112e-01
-2.731506003723874798e+01,2.347095499920652628e+01,5.501053998884997132e-01
-2.764964587650544203e+01,2.388615497002374255e+01,5.896326509244028680e-01
-2.791277043402035929e+01,2.434014870696676525e+01,6.101996283780399821e-01
-2.827249658650185182e+01,2.484394126063770258e+01,5.861623263592576905e-01
-2.855233244821898708e+01,2.536338556057649285e+01,5.305094888504128248e-01
-2.882344548429508890e+01,2.590680519461251663e+01,5.030589454257481385e-01
-2.910488704085497247e+01,2.644311992424653468e+01,4.697009771660393129e-01
-2.927823814308093731e+01,2.691703591650716021e+01,4.768800864208570522e-01
-2.951273853527483126e+01,2.737218029877320191e+01,4.582845380677729175e-01
-2.979000125138865585e+01,2.780333448636102389e+01,4.550236812580049084e-01
-3.011144149227738254e+01,2.822296016915703376e+01,4.673164529760173158e-01
-3.048834115995687100e+01,2.862645057124341363e+01,4.012481802630945005e-01
-3.082065705619791629e+01,2.904103753658344189e+01,3.383582006565836187e-01
-3.118455309880151916e+01,2.940795488175615446e+01,3.282165338841646074e-01
-3.170928946278006322e+01,2.968980174439953856e+01,4.180894365365580012e-01
-3.208656329266725749e+01,3.005282857263656027e+01,5.894233644186797072e-01
-3.240435576206436252e+01,3.052048540092414441e+01,6.457521631516561778e-01
-3.260424398723633033e+01,3.098897964359931478e+01,6.684725607968655670e-01
-3.278754231224460369e+01,3.150587172992502616e+01,6.630858164041468772e-01
-3.304184650179734462e+01,3.207413941925018008e+01,6.304977012467183339e-01
-3.325402176528496767e+01,3.265448613526737631e+01,5.983718902335150025e-01
-3.351419638206781570e+01,3.318140811856412853e+01,4.857533737533003548e-01
-3.372413943620892951e+01,3.363133034525992571e+01,4.159634805654539580e-01
-3.394010665472465149e+01,3.409109255078950440e+01,3.678988602150070064e-01
-3.426029367574379592e+01,3.448617713318569145e+01,2.991734478423991317e-01
-3.466941023600551119e+01,3.491538560801201641e+01,3.295018259819894602e-01
-3.510353375951314092e+01,3.528871053222288623e+01,4.399637457595965695e-01
-3.556318561867436046e+01,3.566020840762197963e+01,5.357950742524663079e-01
-3.592253394471255490e+01,3.601628956023044736e+01,5.720577981141310442e-01
-3.632716676518739973e+01,3.631810079457152796e+01,5.334184853289744010e-01
-3.674841699790664507e+01,3.673753206707614538e+01,5.503466255876401370e-01
-3.709412982325341090e+01,3.710528066470462960e+01,5.887432245462268510e-01
-3.747567348647312713e+01,3.743059064861377294e+01,6.079095301304074939e-01
-3.782148084141223165e+01,3.780011505802517746e+01,6.317919282767394673e-01
-3.824547441488534361e+01,3.809149353503189417e+01,6.706676797327439932e-01
-3.863901379273013248e+01,3.850866470634204575e+01,7.395324450924841697e-01
-3.897183318538473884e+01,3.901353098339757253e+01,8.025727149160315488e-01
-3.925917949928850703e+01,3.945708348168173529e+01,8.156341642895483801e-01
-3.949075210908629430e+01,3.993630789877516207e+01,7.942014141426806395e-01
-3.981143217586588179e+01,4.036676123621801082e+01,7.819758531948197700e-01
-4.019132017115268951e+01,4.076771521481546046e+01,7.582489336579585348e-01
-4.049078660577370670e+01,4.118484983155593682e+01,7.801372786740596865e-01
-4.082955728926923200e+01,4.155427320166989347e+01,8.023383723162891279e-01
-4.117743045761942966e+01,4.191637391454200667e+01,7.853724605913967594e-01
-4.154401868789899765e+01,4.225831977069844925e+01,7.680334870350410403e-01
-4.194790525940816650e+01,4.262021846540191916e+01,7.576437932435631240e-01
-4.233150946623831601e+01,4.297741905305988297e+01,7.413248936192878835e-01
-4.271029127601785547e+01,4.331087118663890578e+01,7.201417203138236189e-01
-4.308647208945364326e+01,4.369054901085597464e+01,7.207189455611694440e-01
-4.345861681009552058e+01,4.409321748549538000e+01,7.579457332122074842e-01
-4.379221870204589351e+01,4.449431322815999579e+01,7.331092354291526281e-01
-4.391738065843724570e+01,4.510123037568306614e+01,7.097725104841647870e-01
-4.400702101216192119e+01,4.559657729431373951e+01,6.810611396120982430e-01
-4.424521263099833845e+01,4.607727069374739415e+01,6.458915992646478976e-01
-4.458736221857162718e+01,4.655614120402614020e+01,6.303918568834434577e-01
-4.501424547213981953e+01,4.690554003263473959e+01,6.180862393620492057e-01
-4.547188833024306120e+01,4.722631571754205027e+01,6.141006699461664109e-01
-4.588807032097620464e+01,4.757508039280906331e+01,6.072292068734154169e-01
-4.633469626594765600e+01,4.783903728017505586e+01,5.762578197345332720e-01
-4.676707779007969634e+01,4.809843183959916502e+01,5.888520146118716436e-01
-4.721014857309904755e+01,4.847123032220095951e+01,6.527661086219864739e-01
-4.756636539518735418e+01,4.883323346940930065e+01,6.609591563445784690e-01
-4.783634153943814482e+01,4.927458663741330724e+01,6.578281555528867619e-01
-4.823276662035796392e+01,4.972977713356632989e+01,7.090157544384252386e-01
-4.859603531739814741e+01,5.009082479068421634e+01,7.749213075316738752e-01
-4.887992607527860400e+01,5.052825814356837952e+01,7.861312308537158344e-01
-4.921264744386877510e+01,5.101331279164670462e+01,7.771735495354501477e-01
-4.959066970663533880e+01,5.149591497147398655e+01,7.676641905654268960e-01
-5.002635919012249843e+01,5.193755531929895852e+01,7.579059084314634376e-01
-5.039492821836681458e+01,5.230310363818373531e+01,7.676661779258319163e-01
-5.069678940492265440e+01,5.270536331222501758e+01,7.392024806679050597e-01
-5.102388964014452455e+01,5.309004330514453329e+01,7.163927300789211250e-01
-5.135870316222490572e+01,5.352688448519838715e+01,7.703740234616747173e-01
-5.169475164551137425e+01,5.402520685293119129e+01,7.872097986294829264e-01
-5.205672746235131854e+01,5.443598291691029800e+01,7.457934348910433275e-01
-5.240261964366808911e+01,5.485118107386467301e+01,7.387906516364682874e-01
-5.273080684550577502e+01,5.525740426867465516e+01,7.586063507759672753e-01
-5.309704882615211829e+01,5.564226731186850827e+01,7.292558831014355203e-01
-5.337126125623510120e+01,5.605921352705529159e+01,6.916762059412828734e-01
-5.365178703475952204e+01,5.648941304112253192e+01,6.899411591809366806e-01
-5.396632037518943292e+01,5.689484594266902207e+01,6.135411216593008588e-01
-5.423448899030268677e+01,5.733467427628637836e+01,5.511833320289267757e-01
-5.454868624194173776e+01,5.773162832598162453e+01,5.756916205338833414e-01
-5.492775684208945819e+01,5.808934152064208689e+01,5.630437503731986482e-01
-5.525421324540959489e+01,5.848154566127757903e+01,5.385121356218862676e-01
-5.560831250937307857e+01,5.885790640124256612e+01,5.888917043592701850e-01
-5.604051108854513785e+01,5.919235158719887835e+01,6.502669158145319983e-01
-5.645275742434623822e+01,5.951704751265832272e+01,6.845164742823965920e-01
-5.687642538748037424e+01,5.982095291663752334e+01,7.134277064384134670e-01
-5.729633091175525550e+01,6.016683411563879957e+01,7.218309374818726587e-01
-5.769321930594922065e+01,6.054064283342347608e+01,7.099777597781301575e-01
-5.810181004988753273e+01,6.083958588751908536e+01,6.858291558892010142e-01
-5.852640508817428611e+01,6.113998207320982914e+01,6.838481850466995304e-01
-5.892024111818328436e+01,6.147431515329079588e+01,6.881370770589362307e-01
-5.933433689322683335e+01,6.178182382327851485e+01,6.851124035187079464e-01
-5.973273007571872029e+01,6.211434938594614152e+01,7.299899170315163888e-01
-6.010558158933551454e+01,6.247965200849084511e+01,7.387433483438308190e-01
-6.049924697607046653e+01,6.282690027007975431e+01,7.103920347690222403e-01
-6.087553645546566372e+01,6.315552022789854192e+01,7.355993356027916708e-01
-6.133416744558913791e+01,6.356822914179910811e+01,7.953543430723133412e-01
-6.174160400263064474e+01,6.396059557539865636e+01,8.299748159496862510e-01
-6.210581486056491229e+01,6.439929186035855935e+01,8.301989358861275869e-01
-6.244793750095646345e+01,6.480406050084495462e+01,8.468763213248362565e-01
-6.282690906075635695e+01,6.520396970750903165e+01,7.964537628316539219e-01
-6.313580457526125400e+01,6.560085817834443844e+01,7.497148772353837698e-01
-6.355583806710885142e+01,6.605356803447479308e+01,7.351737848633287387e-01
-6.391438420405949472e+01,6.654005382057405882e+01,7.444292242021303130e-01
-6.425402962118441508e+01,6.702980616752560650e+01,7.707393113188715228e-01
-6.461061247757147896e+01,6.738396533498887209e+01,7.713252326050733521e-01
-6.498850535498768011e+01,6.784215984972195201e+01,7.633870838763479050e-01
-6.541518770040055131e+01,6.815722868083146579e+01,7.387611192637452140e-01
-6.586233614714437579e+01,6.840896814056772257e+01,7.291549152727906380e-01
-6.642218743820932048e+01,6.863821342536418513e+01,7.292622656201450670e-01
-6.688357957574162072e+01,6.885892390123855478e+01,6.799653412950908971e-01
-6.726940494843992724e+01,6.918319005571355262e+01,6.365738596898894430e-01
-6.759798051626769677e+01,6.961065679131429818e+01,6.735384503748529372e-01
-6.790151203403759439e+01,7.001004932728687891e+01,6.826479642454630348e-01
-6.826098478577783624e+01,7.047188208630885242e+01,6.637815407681089130e-01
-6.862996514844363105e+01,7.084401828759709474e+01,6.536045789089330871e-01
-6.908388688592667393e+01,7.123989369510154290e+01,6.677246321543450769e-01
-6.948528663678881401e+01,7.167374787491631594e+01,6.513851486667635582e-01
-6.985687338029704563e+01,7.200592787862467503e+01,6.096101209945989918e-01
-7.021030873307779530e+01,7.237554760181033942e+01,6.175994751909469338e-01
-7.053116237241691522e+01,7.278497199878931667e+01,6.375027563666235686e-01
-7.088642905904499969e+01,7.325658952762846354e+01,6.429930522547870897e-01
-7.117258611852174965e+01,7.378726278743745581e+01,6.510913680439746054e-01
-7.153894667155465470e+01,7.420817042406345365e+01,6.612518335727919361e-01
-7.195005923901597100e+01,7.465789523526618154e+01,6.340387349890304058e-01
-7.233371420002281127e+01,7.505961372663571751e+01,6.788989112215838562e-01
-7.274170496321092116e+01,7.539211522685323530e+01,6.565845264955845195e-01
-7.311668900850416719e+01,7.573667992738600674e+01,5.907975414664949909e-01
-7.351361132129686382e+01,7.605707781987248950e+01,6.044242091599126843e-01
-7.394823623741866925e+01,7.632509647657589369e+01,6.239305177842647820e-01
-7.445281866597970577e+01,7.667359981307501471e+01,6.349875522652775883e-01
-7.491435064153617418e+01,7.696810739743428087e+01,6.311216769960764639e-01
-7.537171758027375290e+01,7.727333790790079604e+01,6.397421849305352515e-01
-7.581170545077756628e+01,7.765282175599591596e+01,6.701507202901539895e-01
-7.621847397193351981e+01,7.803477607287251772e+01,6.920136247299865095e-01
-7.660506103619732698e+01,7.834920841404581893e+01,6.337524033735215667e-01
-7.708326677144169992e+01,7.865631318402303407e+01,5.734015709142101791e-01
-7.749850122650251194e+01,7.906823057663834220e+01,5.176928943221523749e-01
-7.776810492761188698e+01,7.950952013166124743e+01,5.102004745317992862e-01
-7.810923026241076172e+01,7.988791365681008472e+01,5.100773811900958243e-01
-7.842806627887291882e+01,8.030265202701225746e+01,4.738852897309659973e-01
-7.877805410109577622e+01,8.069565592954450040e+01,4.541502215899241301e-01
-7.905535048660829034e+01,8.118005314581313314e+01,4.822692478710853825e-01
-7.935013475440203479e+01,8.161860863280868728e+01,4.742098294081559806e-01
-7.965648351450724363e+01,8.214673815275354229e+01,4.827844602787912942e-01
-7.978579266505975909e+01,8.264385834580062351e+01,4.986247174121964942e-01
-7.928646549687003642e+01,8.263859899876050008e+01,5.625841273607375959e-01
-7.896343098990587350e+01,8.216878912675211666e+01,5.564819250959388564e-01
-7.875057399828601490e+01,8.165253225094689071e+01,5.587964606576767412e-01
-7.514312168456365271e+01,7.652575059795202606e+01,6.834817442389258257e-01
-7.473263766815006193e+01,7.610855033307879580e+01,7.011785372660614968e-01
-7.425707751659255962e+01,7.570882026155878464e+01,7.260065950586651606e-01
-7.384849790472868847e+01,7.539438606688618449e+01,7.815530445925155112e-01
-7.339778658426148183e+01,7.513158068656497335e+01,7.961861410972320696e-01
-7.292048087507561149e+01,7.477738080260722597e+01,8.170050040238387989e-01
-7.244640567825773303e+01,7.440348477645773073e+01,8.445671919295396624e-01
-7.207507575076995465e+01,7.405095049358354231e+01,8.635480125203178758e-01
-7.172910406817970852e+01,7.363701433459333145e+01,8.775502401040518041e-01
-7.138118510399151262e+01,7.327287716112607541e+01,8.207361889071607131e-01
-7.103246625568137063e+01,7.275731715328848281e+01,8.261392903289001000e-01
-7.069463077031406328e+01,7.236335673579173999e+01,8.863861865977682442e-01
-6.603241244127758591e+01,6.793686325916081614e+01,7.419220335066916139e-01
-6.581056359593954141e+01,6.744215894544225876e+01,7.045495727037101030e-01
-6.557633026600943538e+01,6.699248236549641433e+01,7.175726448628558796e-01
-6.525540018364351624e+01,6.659611092559006806e+01,7.067126714832792089e-01
-6.489682781942617851e+01,6.622683373535878104e+01,6.743534495928744654e-01
-6.443544199823200813e+01,6.593894781252936355e+01,6.799822793823693257e-01
-6.397205941462264178e+01,6.560723448152265291e+01,7.580499302787977456e-01
-6.359507818792351230e+01,6.522588900187237471e+01,7.753114046276741167e-01
-5.634425321637540662e+01,5.877955723907175667e+01,7.850092084256213854e-01
-5.610350641377122827e+01,5.828767016161179981e+01,7.611344033696266775e-01
-5.579667568415815992e+01,5.784132955286640509e+01,6.578843517674857200e-01
-5.553254878225776281e+01,5.741578560708121159e+01,6.163907814679676633e-01
-5.519879239429786821e+01,5.698651222986303111e+01,6.368329716321993184e-01
-5.482773643708649303e+01,5.657603685133650373e+01,5.989578856619318659e-01
-5.445840984245739946e+01,5.598289167461427240e+01,5.703391574636251793e-01
-5.402035517139348997e+01,5.554330543938870335e+01,5.702762282233422297e-01
-5.358950785710813136e+01,5.527399114694027560e+01,5.862055909399992437e-01
-5.313063524096214962e+01,5.495192951813124438e+01,6.415844529093128745e-01
-4.773276120927418020e+01,4.829744473846430708e+01,6.596252173563360577e-01
-4.740395756905273572e+01,4.780227670722251787e+01,5.767820370904733762e-01
-4.708109159510878072e+01,4.740556713728420846e+01,5.559596250575368215e-01
-4.675708851337923733e+01,4.699644326979458242e+01,5.385334344545319452e-01
-4.635900961128032094e+01,4.668087321384432897e+01,5.331975601702954037e-01
-4.587567448480248800e+01,4.631688125830638114e+01,5.815880967279463132e-01
-4.548656237882469355e+01,4.601205225822720024e+01,6.849691329781235627e-01
-4.507171839641966926e+01,4.571557840298667230e+01,7.350210441904405645e-01
-4.472518586520609318e+01,4.533869522470642721e+01,7.777138516928551182e-01
-4.440215817264262910e+01,4.495631927547689344e+01,8.462822737672313078e-01
-4.245312442927920671e+01,4.244860715042130295e+01,7.350944367162908222e-01
-4.218936133803404687e+01,4.200043278678534620e+01,7.239434436499833092e-01
-4.201572709047174214e+01,4.152161805773761216e+01,6.492870185178430953e-01
-4.166916564575361548e+01,4.106012835398941974e+01,6.091800417298753878e-01
-4.124143478642416483e+01,4.072258007204406027e+01,6.319006843478212065e-01
-4.085868168685757951e+01,4.037999820569508103e+01,6.163344014342317934e-01
-4.042955528070067572e+01,4.004576209011364796e+01,5.459061202608588292e-01
-3.999738124145141427e+01,3.964748645549818917e+01,5.174765080402046191e-01
-3.549548317271000286e+01,3.502578769218056465e+01,6.107341212609725956e-01
-3.527386176424857922e+01,3.444913614204467933e+01,5.648408226181917957e-01
-3.508196240146127565e+01,3.391897434942183764e+01,5.399120915703403689e-01
-3.485631308724102695e+01,3.342091486306624404e+01,4.444318206497291368e-01
-3.463067774220782269e+01,3.293840601914389765e+01,3.463088056748653831e-01
-3.436075901509152430e+01,3.249957413408351670e+01,2.820499072752493119e-01
-3.400807246222083080e+01,3.210315882986846248e+01,1.437568139441030290e-01
-3.369652418621621592e+01,3.170909348249440640e+01,4.336348241669766429e-02
-3.336398575343705630e+01,3.130018537613926455e+01,5.195222949016652103e-02
-3.297178059050526144e+01,3.097263665581304437e+01,7.597723360517309732e-02
-3.255491435234613107e+01,3.055911942465705522e+01,1.531361652024849085e-01
-2.837729100356352063e+01,2.436988552842887046e+01,3.151899501492821387e-01
-2.816956109521424878e+01,2.390322223109804511e+01,2.878898845664079609e-01
-2.795165134010228769e+01,2.345570940996662301e+01,2.177509921853517660e-01
-2.765634942919713168e+01,2.303450852692095552e+01,2.314945799634417489e-01
-2.725016642889937657e+01,2.268977933328861596e+01,2.134524379508666025e-01
-2.156269627757393792e+01,1.630730429969379713e+01,2.042949346933849442e-01
-2.120416417990280777e+01,1.595939830637745338e+01,2.475274241920314422e-01
-2.091791109178199193e+01,1.554556975506004157e+01,2.604702519480857625e-01
-2.060780780872786622e+01,1.505421348840974716e+01,2.687611793664778093e-01
-2.029641986633885509e+01,1.457502115363762307e+01,2.222312658463879431e-01
-1.990242787947639869e+01,1.409361159633552951e+01,2.331583213281051836e-01
-1.833650906644191636e+01,1.291513409056123685e+01,2.999426380142092285e-01
-1.783266515773860661e+01,1.252276194321169456e+01,3.216933725378308684e-01
-1.735535824122075610e+01,1.218852282381783070e+01,3.336384565750963316e-01
-1.693590626093720175e+01,1.177570798827634491e+01,3.522407304344127299e-01
-1.097405138312996264e+01,5.863507877975219884e+00,4.866718473239180498e-01
-1.068786728689699927e+01,5.454641915680665143e+00,3.774164653643355960e-01
-1.037003049724464709e+01,5.038790008359468331e+00,3.252252713853193700e-01
-1.005356382855077158e+01,4.617587959379915397e+00,3.382205949492118613e-01
-9.736736107116424677e+00,4.131746505667213576e+00,3.260276613413785607e-01
-9.361496023589284121e+00,3.764207306441518242e+00,3.010124841205791268e-01
-8.976628974695316288e+00,3.444109739574075846e+00,3.145179599834285744e-01
-8.588253985585550865e+00,3.110329666660968773e+00,3.107403170880137511e-01
-8.064345750129543688e+00,2.799669002291910402e+00,3.160304948932675106e-01
-7.545713553775673432e+00,2.507490836123911659e+00,3.850222270579971573e-01
-7.044180110843393905e+00,2.372683724783255066e+00,4.762775452005219567e-01
-2.744541909640555666e+00,4.617686783901480130e-01,5.393078783691840350e-01
-2.222134086133872977e+00,3.647670170442939286e-01,5.202312600685373711e-01
