-8.626629804256341627e-02,-9.943676134279042997e-03,2.881633992393743682e-02
-1.540508606889128690e-02,-2.762196768991099782e-01,4.598512240839821574e-01
4.207769817301360016e-01,-2.546088122591751504e-02,5.017358763373591657e-01
5.708615996596512199e-01,4.764956877069450591e-01,4.537651341336859101e-01
6.139373338643936417e-01,1.026687493967566089e+00,4.167017660491204589e-01
5.044961765170182799e-01,1.517646991448988736e+00,4.088585059265666399e-01
3.244285721285835589e-01,2.020558362989675949e+00,4.202179834168309203e-01
9.799928869620187777e-02,2.467354783347719405e+00,4.296983064574985689e-01
-1.080267772469764853e-01,2.943682695005420680e+00,4.263951174842519620e-01
-4.907655680286671096e-01,3.413219739656545570e+00,4.074945756362587379e-01
-8.563661184026343243e-01,3.775777895117639726e+00,3.934723686639675089e-01
-1.292162061326654898e+00,4.116714496646650012e+00,4.129123949779514580e-01
-1.749690310994592268e+00,4.422153882827942084e+00,4.240882987021763473e-01
-2.180384744336042679e+00,4.711683756238853604e+00,4.281871495726194410e-01
-2.651948133360752191e+00,4.921575208728551587e+00,4.166528022574454426e-01
-3.162542337536563331e+00,5.232061076258807120e+00,4.437923857238137981e-01
-3.550531364682474766e+00,5.551856329914818033e+00,4.851278866684258784e-01
-3.970438336159830328e+00,5.877086408496084324e+00,4.982834150921199301e-01
-4.343438268069348851e+00,6.235199469643596615e+00,4.826420432899143909e-01
-4.778525256571717783e+00,6.644069047573242237e+00,4.997124133622072306e-01
-5.149115664322025943e+00,6.996390346380978009e+00,5.364236767084799018e-01
-5.578746776106622285e+00,7.388829971971057731e+00,5.369570207736761303e-01
-5.985696043612233730e+00,7.679950456982925999e+00,4.890592388586209038e-01
-6.364194689660151560e+00,8.008128156730469627e+00,4.432815151970815326e-01
-6.755166037032008575e+00,8.327465846309337394e+00,4.346627507581892758e-01
-7.193659021083814942e+00,8.686086405290510015e+00,4.006312543947002092e-01
-7.577990039481566242e+00,9.054595680947516101e+00,3.814828047497008656e-01
-8.050956836227873836e+00,9.407281739577951996e+00,4.130262940674864769e-01
-8.506517698949634720e+00,9.757753552028649580e+00,4.290392101112572854e-01
-8.858710804826781526e+00,1.012733770397205646e+01,4.358100344147934346e-01
-9.302972019240282719e+00,1.058002741998343410e+01,4.572453153208946297e-01
-9.639702562347977732e+00,1.095799946079776710e+01,4.710021621049939045e-01
-9.966959274464004537e+00,1.136145545298816018e+01,4.382302251272261473e-01
-1.033961016524334831e+01,1.169160858348896959e+01,3.544014044633034821e-01
-1.073033866552318472e+01,1.210570401663031248e+01,3.308460763342678801e-01
-1.106043518465472530e+01,1.248806131776744266e+01,3.497991221477682044e-01
-1.144284896512075100e+01,1.283015253868273930e+01,2.979237717468273816e-01
-1.180819757809486603e+01,1.319791817343036833e+01,2.386263087223721435e-01
-1.218756656056824106e+01,1.352994826793135097e+01,2.130001783085735678e-01
-1.256832383684685617e+01,1.385146171514075775e+01,1.594576052379892139e-01
-1.293282482393180821e+01,1.430648213597627816e+01,1.359103641359347692e-01
-1.329059773249011123e+01,1.472458353246448226e+01,1.834036659455354767e-01
-1.361948404392246026e+01,1.521261955750717654e+01,2.691743171261005707e-01
-1.391536781330627903e+01,1.565264590139269885e+01,3.241330391041133963e-01
-9.164503874384967830e+00,1.113097531246581084e+01,3.822925233025323832e-01
-8.817759457030989623e+00,1.069876706739039562e+01,3.782076167626304275e-01
-5.056697375832523988e+00,6.263101192898138159e+00,3.307583998362422784e-01
-4.730265602001336944e+00,5.843989967701950228e+00,3.539154483229833836e-01
1.007799679201125231e+00,1.459239558638505629e+00,3.780953626454320315e-01
1.223038864918625457e+00,9.577254484614796670e-01,3.820448197836988080e-01
1.281937146316220133e+00,4.152230126152882117e-01,4.354992643587308754e-01
1.185265360531886358e+00,-1.234416187864381814e-01,4.879826591371279609e-01
9.187611004175604279e-01,-6.657388613480431649e-01,4.951896740904247474e-01
6.724860660577595128e-01,-1.136700867069160292e+00,4.960197159026468183e-01
3.625076686930213676e-01,-1.555107638881048304e+00,4.851968139821057902e-01
1.219785718067419589e-01,-2.004266902063500666e+00,4.493860319092451983e-01
-1.197613128623530171e-01,-2.463712304232617889e+00,3.896993567423116533e-01
-1.752741611125342436e-01,-2.960886535839272415e+00,3.702984061863675569e-01
-1.226791167871877641e-01,-3.492302076575437120e+00,3.111042687777074711e-01
1.705049379169726043e-01,-3.901462754212758455e+00,2.989252337967383544e-01
1.849550402983535236e-01,-4.381917681530603126e+00,4.410558361847463082e-01
6.906418060982799645e-01,-4.300494538241577125e+00,3.923162750961455836e-01
1.691937958964068178e+00,-2.613989636057563182e-01,3.716101073408801247e-01
2.234591311180662121e+00,-1.760334049311039484e-02,3.810356410540267635e-01
2.738200524950306303e+00,-2.008175893430967640e-02,4.087262747391030571e-01
3.226651934904279262e+00,-1.583380923628589509e-01,4.247919305077910712e-01
3.708680095662398646e+00,-2.921305559797886531e-01,4.122242769760021686e-01
4.218118940794289173e+00,-6.093113683696373961e-01,4.320476877353108813e-01
4.730858777371302892e+00,-8.836208898537224465e-01,4.390623527344924559e-01
5.204549798476623579e+00,-1.079373492908364485e+00,3.919355367993967443e-01
5.643739166364029280e+00,-1.334122419603580134e+00,2.931063478395556920e-01
6.148286031457725898e+00,-1.544636836345963271e+00,2.012683988625719178e-01
6.678432540882648816e+00,-1.713303000480496996e+00,1.232980693424147456e-01
7.187936295151418520e+00,-1.902881279459515795e+00,1.102398703101174771e-01
7.680756485891622631e+00,-1.996061738919260309e+00,1.423769027761341843e-01
8.255793488358714072e+00,-2.178808105443355903e+00,2.309872078725395406e-01
8.713707828758778362e+00,-2.377084672934408616e+00,3.551082190578978559e-01
9.172686995378704466e+00,-2.581133834076086764e+00,4.154284723950618652e-01
9.640092313182742956e+00,-2.965196668207833230e+00,3.953724834799963728e-01
1.011683401079585032e+01,-3.341882748217513299e+00,3.646545787676256922e-01
1.059193879484756806e+01,-3.743279318742353201e+00,3.634014241631871034e-01
1.104796134287695963e+01,-4.054972032880127308e+00,3.939029696373312905e-01
1.154072657767396137e+01,-4.287952829596052062e+00,3.896032651953930115e-01
1.205149542906052318e+01,-4.595585306672653303e+00,3.913321938110836395e-01
1.251288052785713489e+01,-4.809237556136233493e+00,4.025096570736425017e-01
1.305730531062371824e+01,-5.075533729390007132e+00,4.518509518820163495e-01
1.352708921059539193e+01,-5.330097687297288722e+00,5.172485576754478620e-01
1.399935656553804719e+01,-5.539167748457121121e+00,5.478382514809718717e-01
1.452505003391754634e+01,-5.818210254626751343e+00,5.651519028834357528e-01
1.499755847823061217e+01,-6.017089505333119703e+00,5.690986902154749894e-01
1.545841321589343487e+01,-6.229846536983767002e+00,5.599454406803785478e-01
1.590161453322231822e+01,-6.668764818133873895e+00,4.521281287200065724e-01
1.627545174601684863e+01,-7.094206828452007230e+00,3.305048641977735291e-01
1.659765637213549283e+01,-7.549124772528693406e+00,2.663246916946440113e-01
1.689029436806920259e+01,-7.975802511385293059e+00,2.417402628637917439e-01
1.725434015394709775e+01,-8.320398128180272579e+00,1.619018008045149115e-01
1.764520151778508250e+01,-8.662322391959540013e+00,1.193947552003582768e-01
1.804049329881281238e+01,-8.964999121893788114e+00,1.816372583044686961e-01
1.853421599148685672e+01,-9.191010459401441679e+00,1.742132189750955074e-01
1.905189349659694642e+01,-9.386067163793896384e+00,1.665962507718730945e-01
1.964549739907304371e+01,-9.508371616533203508e+00,1.859302147394505944e-01
2.014867632927330021e+01,-9.522404692255310721e+00,2.182700853305046818e-01
2.064533553847696723e+01,-9.594349126823338736e+00,2.695499891730033237e-01
2.117400904765080938e+01,-9.690626396365878747e+00,3.433087606909966949e-01
2.175911920783018161e+01,-9.742887232004664000e+00,3.577269122572523385e-01
2.228176043604094403e+01,-9.758774453251183090e+00,3.542371874934325815e-01
2.278042041398017048e+01,-9.734068069160338510e+00,3.068333277554856076e-01
2.326514591182521130e+01,-9.881894223240619723e+00,2.508651133438341008e-01
2.379116798206098338e+01,-1.004894928733511605e+01,3.070604568515657995e-01
2.424818716422662135e+01,-1.028191984699511607e+01,3.562468954088406914e-01
2.464700235809860729e+01,-1.059737863667333535e+01,3.925168608606299792e-01
2.505231700004589612e+01,-1.104839496553938538e+01,4.162234488648066666e-01
2.540870859363562317e+01,-1.147060275635826088e+01,3.716468272074809898e-01
2.580885626314905323e+01,-1.179069750800814909e+01,2.909586906347618185e-01
2.608627172250055182e+01,-1.221057534587208693e+01,2.693014206229586982e-01
2.628322812208494952e+01,-1.271353794853238206e+01,2.346570970732825279e-01
2.653488707426578230e+01,-1.322953285488792829e+01,1.629414770027776127e-01
2.679213291663322138e+01,-1.378030846954769828e+01,1.009551896631642048e-01
2.704996758234477738e+01,-1.420933208190512964e+01,9.770267530312376492e-02
2.737992452910210162e+01,-1.462193314975919378e+01,7.261564207182541475e-02
2.767687465800496582e+01,-1.505161180788947561e+01,5.150999102892602627e-02
2.813757368813042348e+01,-1.547030641992032862e+01,8.551933493595689773e-02
2.860266985664296158e+01,-1.583772512096801677e+01,1.683028507719337430e-01
2.892101932755353388e+01,-1.621600944590353066e+01,2.695913710045351741e-01
2.929155631632638190e+01,-1.655856204772437579e+01,2.995890832054775577e-01
2.970598360084055045e+01,-1.699312398476972774e+01,3.118546067036331859e-01
3.003264792614052325e+01,-1.743257264063559830e+01,3.259130141243640200e-01
3.039977343249725550e+01,-1.783188386198295561e+01,2.926595718200143414e-01
3.066737791738461638e+01,-1.828979347000377231e+01,2.440749507135157037e-01
3.090635785426275461e+01,-1.873247909861088800e+01,2.615205576474505245e-01
3.120740952973088511e+01,-1.912582990673913486e+01,1.885728400711521868e-01
3.149993435926084473e+01,-1.956718341875358291e+01,1.134433674901582922e-01
3.183339095033673516e+01,-1.995178037593534270e+01,1.128591294738502393e-01
3.223569893138851228e+01,-2.026660604547569022e+01,8.895004574427156641e-02
3.257378603847742227e+01,-2.065680897691729356e+01,6.787748679033397958e-02
3.291060725516577179e+01,-2.108153718452240710e+01,1.241781221509115352e-01
3.326654269508235728e+01,-2.148678341887761789e+01,1.502978230692095241e-01
3.362575333754184470e+01,-2.195638222162294539e+01,1.286120238076217115e-01
3.399470720420694647e+01,-2.237359680408932761e+01,1.136331385284615192e-01
3.434077382302011472e+01,-2.282669765434805598e+01,1.343215544309696863e-01
3.465080801415543732e+01,-2.322687319737799072e+01,1.800894345512261963e-01
3.504843616270296280e+01,-2.362383547824303420e+01,1.908981968545780949e-01
3.537212028123781238e+01,-2.403528717964241324e+01,1.704853477408739826e-01
3.575490077452682414e+01,-2.449940368437918536e+01,1.953839159432589345e-01
3.612647200219073085e+01,-2.492420093697431938e+01,2.180582320151171483e-01
3.641474106656255572e+01,-2.539919600612652673e+01,2.084411444390031620e-01
3.671456160491405996e+01,-2.579937731745090446e+01,1.370003364125995660e-01
3.706561869022171862e+01,-2.618147524565333484e+01,1.242177740268781694e-01
3.744748826790524276e+01,-2.650993275540281147e+01,1.107909188636425069e-01
3.798469289179841724e+01,-2.663584660506120372e+01,6.985795305164768654e-02
3.849854375091251768e+01,-2.668399903516950999e+01,4.889466927861180201e-02
3.902649952178634862e+01,-2.688363698124510748e+01,9.542186781713429822e-02
3.952868682701192427e+01,-2.713007534080041339e+01,1.045626180023369045e-01
4.001651571363895243e+01,-2.741059704248165474e+01,1.253910504638503509e-01
4.050821244137226529e+01,-2.764359993410251093e+01,1.716724810104641452e-01
4.099542954424882879e+01,-2.788434980663852159e+01,2.133906369359477861e-01
4.146937334008380560e+01,-2.818055172983984491e+01,2.780167108545651411e-01
4.188509169954643596e+01,-2.853524242187839022e+01,2.708787374374224677e-01
4.215457507249222147e+01,-2.896075690136077085e+01,2.099033015147217518e-01
4.240905326301882639e+01,-2.939244152116147646e+01,2.034835855420736306e-01
4.271165952827189471e+01,-2.981677408468872059e+01,1.606989491210811527e-01
4.295074997446297260e+01,-3.030875497461125789e+01,1.129813554506078344e-01
4.319803736471551758e+01,-3.079553808343585430e+01,1.043924699705838788e-01
4.352687584235771112e+01,-3.123443250371056479e+01,8.565108841900928582e-02
4.378149741622564761e+01,-3.168705626249255758e+01,9.275767930252476479e-02
4.417287152443468301e+01,-3.204815631675973009e+01,5.444074612490449466e-02
4.463915937281593926e+01,-3.232534049875264515e+01,6.653813072776107451e-02
4.511524761661146243e+01,-3.257485262970946138e+01,1.553825084895855690e-01
4.559577009702098849e+01,-3.283979891219652814e+01,1.609452905960704894e-01
4.599749528176620572e+01,-3.328277811011734855e+01,1.303811985943655050e-01
4.638950529364174713e+01,-3.372973251171515585e+01,1.341560937067158010e-01
4.672418316695408436e+01,-3.417786478559698082e+01,1.418844398658243300e-01
4.710546594228211603e+01,-3.459185122649818567e+01,1.880590919585723997e-01
4.755159803967431031e+01,-3.484625237555233923e+01,1.902771351834344760e-01
4.801060257292434130e+01,-3.521459212586636767e+01,2.129971391793014091e-01
4.842406628860768336e+01,-3.552636963516577850e+01,2.505127104581447717e-01
4.893188504090778679e+01,-3.579013879842764112e+01,2.352994771790314910e-01
4.952192885746891449e+01,-3.590870283343400615e+01,3.191260789038996015e-01
5.005577124460170069e+01,-3.579812990670024675e+01,3.834196606900443505e-01
5.059225289328883690e+01,-3.560436920303456532e+01,4.134886598563454196e-01
5.104254970065510122e+01,-3.538392976832342640e+01,3.585410922495642638e-01
5.132645345585013530e+01,-3.492899615402242830e+01,2.061601145786306211e-01
5.142464358196114205e+01,-3.438887870060822394e+01,1.628110205962628732e-01
5.120796021578196644e+01,-3.393141208396927055e+01,1.348191953303249924e-01
5.075873713709952284e+01,-3.365322411027035798e+01,9.986653381545917973e-02
5.022629015774790417e+01,-3.351805901587862024e+01,1.842285493791992468e-01
4.970068186555408829e+01,-3.350936301660770766e+01,2.796351639919823495e-01
4.911410097727457469e+01,-3.336356459848686029e+01,4.208147428163741544e-01
4.857443902988013917e+01,-3.313953573346974935e+01,5.195344878383013620e-01
4.808935321148708653e+01,-3.296482202141987017e+01,5.840456046501117937e-01
4.760818516320627936e+01,-3.281678714862727020e+01,5.805530779227260352e-01
4.711729781611460055e+01,-3.269290939125419015e+01,5.504194692608973538e-01
4.666340286436383877e+01,-3.247843483515036667e+01,5.831112491839420819e-01
4.620492054638241797e+01,-3.215608027661176038e+01,6.325281729517622242e-01
4.574228232394276006e+01,-3.195402232497795580e+01,6.183758577510628518e-01
4.519080465672063696e+01,-3.173946168765991871e+01,5.750484125228727539e-01
4.463119961456021656e+01,-3.149760325361605240e+01,5.871633874858671609e-01
4.407822104816909103e+01,-3.127786658423022814e+01,6.401034856954364027e-01
4.361016732558874764e+01,-3.107701680368043640e+01,6.890557659237203092e-01
4.311447994231805581e+01,-3.095989931778839477e+01,6.716156581982923868e-01
4.263075731136999735e+01,-3.076475695178593739e+01,6.847721166006207616e-01
4.213215559456541115e+01,-3.048502386475603032e+01,6.494765081328347511e-01
4.168147171812223917e+01,-3.026412257578630260e+01,6.134801199410444550e-01
4.121477310004453187e+01,-2.997732589188638030e+01,6.039602622488885464e-01
4.084571928720770728e+01,-2.961428983493039979e+01,6.342054697250046891e-01
4.053559469107788971e+01,-2.921946736311106818e+01,6.110522231193113996e-01
4.028467231090759526e+01,-2.877268630273887240e+01,5.943907734405894372e-01
4.004276259676632321e+01,-2.822865793754904828e+01,5.418839357611509033e-01
3.933920659718251756e+01,-2.648997837293632784e+01,3.024138132926788847e-02
3.896631202248793358e+01,-2.601682977412745856e+01,-1.929451937595947839e-02
3.858442439498276855e+01,-2.565461992586633144e+01,6.212600083132570339e-02
3.809048996294124834e+01,-2.534304454021417996e+01,8.519250356405091984e-02
3.757972855020022251e+01,-2.510873883524143579e+01,1.236607946978107997e-01
3.699973683429318783e+01,-2.513875522271092322e+01,1.559628296348898324e-01
3.682219698319524781e+01,-2.466370901967149010e+01,1.232526168665558641e-01
3.639225457046967449e+01,-2.439427089181825536e+01,1.582924249969753783e-01
3.608260438380160906e+01,-2.399188893675858125e+01,1.709751210229089324e-01
3.581904271355642777e+01,-2.356032690173047683e+01,1.168376707878903964e-01
3.548264789051375345e+01,-2.311557544988964352e+01,7.140568715261232102e-02
3.507989611331710478e+01,-2.272303784864226728e+01,-2.537150385294349719e-02
3.473221175480016143e+01,-2.233066051239923766e+01,-9.420227483042392658e-02
3.442222584724696333e+01,-2.189753792361534934e+01,-6.448690379353583246e-02
3.404054537770244337e+01,-2.149688208182141480e+01,-7.071033796467540711e-02
3.357576641962967301e+01,-2.110607774731578345e+01,-1.352874569361980223e-02
3.140756607939300693e+01,-1.864139271835772504e+01,1.970353563505944372e-01
3.094916959940344370e+01,-1.784600738738331671e+01,1.281665582112322954e-01
3.065629287007485360e+01,-1.742095511005046760e+01,1.623510150886234848e-01
2.624206935868594925e+01,-1.381438254130979715e+01,2.162154707779906093e-01
2.581050865409437023e+01,-1.345913745795732908e+01,2.925081337200341469e-01
2.541658521686311900e+01,-1.304175910938702820e+01,3.367291049696146676e-01
2.520252057577765115e+01,-1.250473056810997186e+01,3.595064940606186310e-01
2.499982697495535078e+01,-1.202491863056266830e+01,4.318466733345076580e-01
2.455708317107193395e+01,-1.158276783222259354e+01,3.955154746624374718e-01
2.412279814107749587e+01,-1.125643734161414322e+01,4.139000262550805997e-01
2.370498017247320277e+01,-1.092139299613149461e+01,4.486782962998792090e-01
2.326214584162070054e+01,-1.067917557288893349e+01,4.169974954630844000e-01
2.279981297788579298e+01,-1.047367713342071838e+01,4.069879533026926621e-01
2.230029299487563321e+01,-1.032827220735721419e+01,3.489349818307843631e-01
2.180417510510406132e+01,-1.035136248226904954e+01,1.815007877273072112e-01
2.128946798616539482e+01,-1.023793891128999789e+01,1.058135478409286123e-01
1.877707475889664579e+01,-8.749429693080857717e+00,1.742314765417370404e-01
1.833169590864737941e+01,-8.434893901099696834e+00,1.715467792424218985e-01
1.791093305823707027e+01,-8.095323103783853114e+00,2.523452069653721042e-01
1.751155466094109769e+01,-7.627146497940858971e+00,2.116744025114927763e-01
1.719961304903828037e+01,-7.431732875083251422e+00,5.541794056649378408e-01
1.317373642406897361e+01,-5.717727193193241852e+00,5.734559925232703970e-01
1.262844093980023175e+01,-5.575414969340228843e+00,5.897601074279931188e-01
1.212615734118319288e+01,-5.359680431445969617e+00,6.677590898727553403e-01
1.172545770165820400e+01,-5.044389716855108396e+00,6.500950765043773671e-01
1.126023849664012744e+01,-4.707776231432674763e+00,5.458242025639724604e-01
7.702654004403612475e+00,-1.527934081891367590e+00,3.860208862167666122e-01
7.157280391873342751e+00,-1.294110244156942979e+00,4.090972306369850542e-01
6.663098514585140464e+00,-1.182930155248943738e+00,3.803672752605173346e-01
6.112612426102722374e+00,-9.770102966911341502e-01,3.597862776552992470e-01
2.414512780753157895e+00,3.981953483915151026e-01,6.017710758294491091e-01
1.921046808566202024e+00,4.326672579604690649e-01,7.304395827613014980e-01
9.190367170744545566e-01,2.044676716518610271e-01,7.657914444506128682e-01
