-7.951479106096406846e-02,-6.887960870117415535e-02,3.891725071957918142e-02
-5.401623677612482632e-01,-2.768574488707706838e-01,5.794536912882548851e-02
-7.547964143597772901e-01,-2.129820559323032103e-01,5.135873331091671545e-01
-1.247077243664039825e+00,-2.179571802801563152e-01,7.181673240797017410e-01
-1.662087016215878732e+00,1.385473371632421902e-01,7.406442193615788705e-01
-1.894551003199498984e+00,6.164595728890964743e-01,7.266231538562566428e-01
-2.013210241844315185e+00,1.199692124837258067e+00,7.760346277002334592e-01
-2.092386196839910451e+00,1.694812207538588078e+00,8.276377497425434493e-01
-2.180893317572679901e+00,2.197341723348774423e+00,8.097207484041791803e-01
-2.204912190449351606e+00,2.799985161366218556e+00,8.104951661784300931e-01
-2.277015421856732225e+00,3.314134826732946681e+00,8.320675170713540680e-01
-2.393315176482689211e+00,3.807910468034382490e+00,8.646373331200931656e-01
-2.449126045553429165e+00,4.305374023524265681e+00,8.517758523820099237e-01
-2.523867062713958553e+00,4.803917079515763078e+00,8.689093563420283717e-01
-2.583247636191869478e+00,5.309699918866143342e+00,9.006407093078178105e-01
-2.558043435136421184e+00,5.813723662567240602e+00,9.020883386854581243e-01
-2.512798290934784351e+00,6.384451126248927189e+00,8.925075249701053259e-01
-2.442668725503294613e+00,6.893711260781369532e+00,9.142576087918029559e-01
-2.355965914295141239e+00,7.491227398020275707e+00,9.201751287737706120e-01
-2.358422609980941331e+00,7.994051123957908622e+00,8.920393256044311103e-01
-2.329718590168083026e+00,8.499004314237621927e+00,8.906521204815707193e-01
-2.310666028556088936e+00,9.110628764862610751e+00,9.212174622701783111e-01
-2.307347170956523641e+00,9.615537156284835518e+00,9.388083982382033899e-01
-2.280887591321725250e+00,1.014130536514425351e+01,9.114533928755051972e-01
-2.304792877207451962e+00,1.064052000344521076e+01,9.376664557010021550e-01
-2.305962426567393031e+00,1.119209626415003100e+01,1.007241885717981011e+00
-2.226110531397078152e+00,1.169687614457688518e+01,1.018430896217144443e+00
-2.195367124655271063e+00,1.224646518177895160e+01,1.006940142368318414e+00
-2.141953902507983454e+00,1.275841528874242670e+01,9.925881499401623120e-01
-2.126814529762050654e+00,1.333666980282891501e+01,1.032066839282244519e+00
-2.168439517352112489e+00,1.385661039988905507e+01,1.037769500838304992e+00
-2.244763528800379326e+00,1.439689369209111725e+01,1.052375528609434729e+00
-2.513553279891027614e+00,1.485782731471366347e+01,1.031264160901798288e+00
-2.956279751988803106e+00,1.515068179821823868e+01,9.860488454686632265e-01
-3.504224222864386284e+00,1.523197806175139490e+01,9.388819344089335273e-01
-4.013214149085422733e+00,1.534431690251769353e+01,9.357159111639682392e-01
-4.561716121240308119e+00,1.539287723785848172e+01,9.510528070599273409e-01
-5.150284550349650381e+00,1.538819248754388092e+01,9.594117027367284889e-01
-5.687033492384479416e+00,1.536807518624421753e+01,9.509819109124323377e-01
-6.231022969642916465e+00,1.527168374331560941e+01,9.312592025371660975e-01
-6.838378430943250486e+00,1.519940568599946396e+01,9.689831278053332442e-01
-7.403989691018129093e+00,1.517442508609381235e+01,9.848672622447329772e-01
-7.971970009302956406e+00,1.512545678023588991e+01,9.500644416558933214e-01
-8.500621292282403374e+00,1.511351450898572324e+01,9.624026074928631047e-01
-9.002297650341750668e+00,1.511517427636043642e+01,9.856008387261259163e-01
-9.535501686606057348e+00,1.504535233125499616e+01,9.461391890698392926e-01
-1.005965079402014872e+01,1.498529342767293038e+01,9.384302154365110615e-01
-1.058292604774785950e+01,1.493163957972164546e+01,9.293663211674072500e-01
-1.107335911166484088e+01,1.486145137233832259e+01,8.480768615784030073e-01
-1.157537053300194430e+01,1.484724807711773664e+01,7.350893888212391980e-01
-1.211798239652893905e+01,1.489159198466309952e+01,5.734613951219190708e-01
-1.261052890178264185e+01,1.491443480193096072e+01,4.318210640153281599e-01
-1.318823347585184180e+01,1.503547470328762614e+01,3.942569709653261367e-01
-1.365138479250854964e+01,1.518489699497566647e+01,6.145969245337036257e-01
-1.420490132800541971e+01,1.521480286448263186e+01,7.362370292228417323e-01
-1.471085451812098555e+01,1.535184121770176091e+01,8.061363297087072999e-01
-1.518018246066839971e+01,1.553838680270805028e+01,8.796701599440598374e-01
-1.571757351768233057e+01,1.586017851746613339e+01,8.728191104808362688e-01
-1.618244308271028586e+01,1.615472557425802336e+01,8.035480518927241578e-01
-1.662446133546971794e+01,1.636382018156504614e+01,6.825317045103198588e-01
-1.708274370056092906e+01,1.661110246774774168e+01,6.355042008130804554e-01
-1.750627286973059427e+01,1.689167780975734345e+01,6.468276562488054493e-01
-1.797906469444517441e+01,1.724727993837407070e+01,6.351382921736836717e-01
-1.834084831146223848e+01,1.760421968683724003e+01,5.595548541683540433e-01
-1.872059247604089549e+01,1.795811307812423507e+01,5.120992721229365996e-01
-1.908106234861876871e+01,1.831731547583373398e+01,5.280264038399122839e-01
-1.936677066359829880e+01,1.873715936565424656e+01,4.988497570946872073e-01
-1.966593656017289504e+01,1.918178824638194158e+01,4.774901012639647391e-01
-1.991844618619373364e+01,1.961760470600246009e+01,5.196344069501247498e-01
-2.011022754556260850e+01,2.008210660709702111e+01,4.998060986283016094e-01
-2.032473800574640066e+01,2.054102866537418137e+01,4.664431832399860145e-01
-2.053508484913216492e+01,2.100699983968209850e+01,4.645385839857341659e-01
-2.074018149458502336e+01,2.150544557261944334e+01,4.883489517382720857e-01
-2.088046307429781123e+01,2.199182830153791457e+01,4.927057335167340235e-01
-2.091365857367692627e+01,2.250171933402022262e+01,4.644471631667783651e-01
-2.092791847444081910e+01,2.304477748916364632e+01,4.526490591672075459e-01
-2.084373550819397636e+01,2.359800896074898802e+01,4.263855920586698267e-01
-2.090681614630559437e+01,2.412404785842397459e+01,4.911968516017068964e-01
-2.096287867771921754e+01,2.464549301701839568e+01,5.673530812518277067e-01
-2.092842675483928616e+01,2.521701953344371105e+01,5.521855627172722603e-01
-2.088688009916478094e+01,2.574380056411609630e+01,5.235043953480843504e-01
-2.074241210066058372e+01,2.629788221331413212e+01,4.557012566944974585e-01
-2.070063815168209231e+01,2.685073613347462640e+01,4.371289626572041342e-01
-2.059735338152927397e+01,2.739799532663449355e+01,5.045467552970114289e-01
-2.043463923221199607e+01,2.788790551910885540e+01,5.110260711500100861e-01
-2.037248032827431032e+01,2.840732693772070760e+01,4.827571135171158656e-01
-2.024412887824176721e+01,2.892795668673215914e+01,4.526202579391700453e-01
-2.014367592667070284e+01,2.947378759390264946e+01,4.306539336235397086e-01
-1.996733488360515807e+01,2.995103452454340243e+01,4.405604251321514342e-01
-1.980410460589739330e+01,3.051319719884676829e+01,4.599591470212561761e-01
-1.967269942720793097e+01,3.100867037429347306e+01,4.296502345734754535e-01
-1.941742424386892907e+01,3.149805820259390998e+01,3.560693998785258163e-01
-1.934975220754953895e+01,3.200457031967223287e+01,3.185608285294616038e-01
-1.914524035769064625e+01,3.252808428649399275e+01,3.110438151583250765e-01
-1.898054451272443188e+01,3.311881849906337294e+01,2.786428268915717710e-01
-1.880690262332153395e+01,3.369233482060185736e+01,2.899393666418295656e-01
-1.877258338814572625e+01,3.423390295365042135e+01,2.828890754120668150e-01
-1.881957949179772172e+01,3.476665217472068292e+01,2.823438150094498833e-01
-1.874869603243836025e+01,3.528094735127955772e+01,2.958394074827132014e-01
-1.875390782432844716e+01,3.583232667475041211e+01,3.437196862652816542e-01
-1.849298460948252654e+01,3.635447087945117772e+01,3.705497255015173241e-01
-1.824727347485201534e+01,3.686628338010069683e+01,4.016027041660389929e-01
-1.806747739542383968e+01,3.740155605826834062e+01,4.129308609534945163e-01
-1.788573557766230593e+01,3.791427757419486255e+01,3.886457781936997757e-01
-1.790779549245310065e+01,3.843442541741542584e+01,3.255290645875255073e-01
-1.785186217444304191e+01,3.899232364333782641e+01,3.054125921733658600e-01
-1.776695523639574503e+01,3.956157571054435351e+01,2.801922146557199178e-01
-1.764197035018730730e+01,4.005402264346550112e+01,2.542882591303208262e-01
-1.748432956628980506e+01,4.051737002973403179e+01,1.268225458066550015e-01
-1.745295199034861255e+01,4.105465845780644685e+01,7.891024665316137554e-02
-1.729124219229103332e+01,4.157588273678144475e+01,7.651422113737482711e-02
-1.717945610626774666e+01,4.215732341492307000e+01,1.032748185533424734e-01
-1.711968596618344662e+01,4.268051120603500692e+01,1.584339269439898057e-01
-1.696920640534471403e+01,4.320245868434232506e+01,1.530920897305408368e-01
-1.677831383733188275e+01,4.377153738837695585e+01,4.245849229918936124e-02
-1.656307753954891737e+01,4.429280817169442486e+01,-2.227844708055080891e-02
-1.650197003600801438e+01,4.482806380815049607e+01,-4.127257077669840846e-02
-1.636229103704748411e+01,4.537942079442504451e+01,-4.600030760784562522e-02
-1.634189169220935511e+01,4.591212838852474221e+01,-5.180882399247625780e-02
-1.616262500233459320e+01,4.640363382993077579e+01,-6.225146208848705842e-02
-1.604347520752290635e+01,4.693276043751720294e+01,-8.771223353457439920e-02
-1.594388633206560080e+01,4.748568806286488808e+01,-6.648261164484858821e-02
-1.574498982388207757e+01,4.797158484352097219e+01,4.517391419314174816e-02
-1.574294464150393935e+01,4.847834965653417072e+01,5.170844550228742564e-02
-1.566619402355271440e+01,4.895742983781202184e+01,-7.090686721017844252e-02
-1.566028206244685883e+01,4.950548369011762873e+01,-1.007498501302732663e-01
-1.557372755405230791e+01,5.001846595389812933e+01,-6.867305914787369403e-02
-1.541868722122521795e+01,5.054925031024200877e+01,-1.879679906072952156e-02
-1.530503653730432134e+01,5.106433658159573241e+01,-2.821051062625536121e-02
-1.511078651190617350e+01,5.157706409448526585e+01,-5.376618658266624218e-02
-1.513145529116769872e+01,5.213940767572100299e+01,-1.095692278880785742e-01
-1.513388895033935810e+01,5.270638907355009195e+01,-1.422172377702425328e-01
-1.512067794241768048e+01,5.320029854138008574e+01,-5.507745989308255458e-02
-1.509470012693319951e+01,5.372768222275669103e+01,-8.781296231086671567e-02
-1.502448942453964698e+01,5.431136532194263822e+01,-1.259588742836075803e-01
-1.504990085239880493e+01,5.481336850052498022e+01,-1.147720228646540164e-01
-1.494898672918108673e+01,5.533823554074341189e+01,-7.507594330185086984e-02
-1.483646120693511605e+01,5.594497087142377723e+01,-4.726940983482460362e-02
-1.472305034476348595e+01,5.649472918013735523e+01,-2.260407300992861579e-02
-1.474141370841336318e+01,5.700358657556994757e+01,4.202597330909496609e-03
-1.478370063054975958e+01,5.753693428143054689e+01,3.010347347679145219e-02
-1.461691112267073756e+01,5.801357764570715148e+01,-7.974211165320613248e-04
-1.437531880954376362e+01,5.846112812558589411e+01,1.679575293881285444e-02
-1.405029734300458699e+01,5.894512834814968727e+01,1.431018266507547501e-02
-1.386566916765716329e+01,5.940605128792888934e+01,-7.747018855965515094e-02
-1.378467169362935074e+01,5.997312004439702093e+01,-1.818873806450604369e-01
-1.362971593062684939e+01,6.045072928379315869e+01,-2.521479567761349405e-01
-1.357198618043509342e+01,6.094762388180808443e+01,-2.913429214222544306e-01
-1.334476689467355115e+01,6.149124796115502534e+01,-2.861361513886664931e-01
-1.330833865897445811e+01,6.205463901479000555e+01,-2.545779873096785662e-01
-1.312140472165462590e+01,6.251945786408459327e+01,-2.420142621880930212e-01
-1.309928770694406097e+01,6.311089072938998612e+01,-2.839644886613701957e-01
-1.294129179504231431e+01,6.361493126949824273e+01,-2.781705283964689412e-01
-1.268672408614048308e+01,6.415982146982675260e+01,-3.029290213331198300e-01
-1.256423544383898872e+01,6.474781532791834593e+01,-3.346120026379620360e-01
-1.231798653918684394e+01,6.527877379419157933e+01,-3.305390170427304208e-01
-1.227642786212456727e+01,6.583896854271674215e+01,-2.974062760684059170e-01
-1.211808439608920906e+01,6.637206745466158964e+01,-2.801206520102793029e-01
-1.210508099902031276e+01,6.687842691560061326e+01,-3.060669933090395811e-01
-1.201488267774237784e+01,6.743749490977559446e+01,-3.354621966865301563e-01
-1.187702879249830623e+01,6.799303219012847421e+01,-3.404590437806734871e-01
-1.186038666045530121e+01,6.855707678600654731e+01,-3.580260305826488132e-01
-1.180341915513749385e+01,6.910665293595614855e+01,-3.717766148077458754e-01
-1.184642738864634204e+01,6.967841671825790684e+01,-3.954820803334326285e-01
-1.172480157470703332e+01,7.018941692392284892e+01,-4.200865667821677696e-01
-1.142453532841996733e+01,7.060303787298418854e+01,-4.099916628925426854e-01
-1.096204714091471288e+01,7.089305602713542953e+01,-3.952799769803826413e-01
-1.040173956659664611e+01,7.089620985885217408e+01,-4.213108650705034153e-01
-9.826198452240811676e+00,7.082612721787390342e+01,-3.909860649578288383e-01
-9.329110102115997449e+00,7.047713506512107529e+01,-3.948174323153091358e-01
-9.012102727525196144e+00,6.993550824666522203e+01,-4.069472011638826658e-01
-8.668590167529679036e+00,6.946639300868172029e+01,-4.396793262762482835e-01
-8.226656014490428603e+00,6.903797304011506242e+01,-4.435146481141991615e-01
-7.691661354701026632e+00,6.884111162737865186e+01,-4.226225478575075245e-01
-7.138678467629348212e+00,6.866169868076079297e+01,-4.182701465727165502e-01
-6.755853245740818025e+00,6.824239877214031935e+01,-4.370018263308435014e-01
-6.302634407905911118e+00,6.797751764881662950e+01,-4.280353826258458394e-01
-5.790967658306926502e+00,6.792448254702705412e+01,-3.938909292831631048e-01
-5.240399237288162482e+00,6.782996224413233222e+01,-4.088852958089713163e-01
-4.675862208544490528e+00,6.775229729876575391e+01,-4.342824820288834764e-01
-4.122954334818233590e+00,6.757462654020314119e+01,-4.359572674485162613e-01
-3.543536014289509595e+00,6.743515248920891736e+01,-3.428773982796092246e-01
-3.084047070330712792e+00,6.721704009397697632e+01,-2.636313582000611722e-01
-2.663637130467948921e+00,6.690156227180645487e+01,-2.189675403822196054e-01
-2.227938777798966097e+00,6.665217194650372790e+01,-2.571930881462788920e-01
-1.695306771328646489e+00,6.637719241256679936e+01,-2.379968441902572396e-01
-1.116240524561766811e+00,6.619849330693121203e+01,-2.176297747703170582e-01
-5.717668778457805079e-01,6.620565487989642861e+01,-2.141943327919102191e-01
-4.312170880164595960e-02,6.617733367480771278e+01,-2.346106938918606777e-01
5.364499564548628197e-01,6.612966016480388021e+01,-2.424414434050808365e-01
1.052769035546082366e+00,6.603076126110106259e+01,-2.139060600180187899e-01
1.532250900182711817e+00,6.579365083773730305e+01,-2.118861006881251341e-01
1.966025364147339749e+00,6.553835590303755509e+01,-2.341183005473023160e-01
2.377392192601685217e+00,6.520701982714500389e+01,-2.138664874770623558e-01
2.748511206835373422e+00,6.484724898120347802e+01,-1.956307766039856177e-01
3.124727734670795343e+00,6.451352550559295196e+01,-2.193700741989124681e-01
3.468470090471887257e+00,6.411139487929449388e+01,-2.118822509520448261e-01
3.801774659888904395e+00,6.360391985149162508e+01,-1.848858781955567410e-01
4.130815285827806882e+00,6.317718696119569444e+01,-2.072098269297519835e-01
4.356276207085161722e+00,6.272048313851318824e+01,-2.103549404414315760e-01
4.536706890438189532e+00,6.224898225891759296e+01,-1.622329618662274597e-01
4.700148136771549190e+00,6.176727037681948218e+01,-1.462625069144540824e-01
4.794977895622619890e+00,6.126855643792691097e+01,-1.897003353325195651e-01
4.967237345108709512e+00,6.079286288326477461e+01,-1.622589858128775098e-01
5.212531546651666403e+00,6.029239605706570160e+01,-1.245615019736448642e-01
5.350398715956176332e+00,5.977116090240496504e+01,-1.256073812135037882e-01
5.486701922876575210e+00,5.927081428525715978e+01,-1.030044251092557817e-01
5.569764030606772387e+00,5.874263141151332235e+01,-4.468482485027498036e-02
5.461525856791208611e+00,5.822001514673700484e+01,-6.174361400063548694e-02
5.456758960727379204e+00,5.771644172019886554e+01,-4.066676082350131199e-02
5.491922137317355457e+00,5.711019733823661682e+01,2.475909587174394966e-02
5.503438646287755809e+00,5.658750453158481974e+01,6.853108918703998409e-02
5.639345510940865225e+00,5.606949230969141240e+01,4.876472644164184939e-02
5.766575747368317906e+00,5.553465550663656103e+01,6.861342119149491103e-02
5.885174068755432586e+00,5.501156816693440277e+01,1.174772965324242802e-01
6.015236139005343041e+00,5.442856413388433623e+01,1.176683214165674535e-01
6.076901829630424245e+00,5.385450686922886376e+01,1.336937260490992374e-01
6.225302453903111655e+00,5.338045003062145355e+01,1.985455371737777641e-01
6.431890869174068825e+00,5.282852495319763619e+01,2.060768657089488975e-01
6.529264631797405904e+00,5.232792263154163237e+01,1.703300235835429610e-01
6.739875132009343517e+00,5.175639638574545387e+01,2.117789239815544289e-01
6.969508638492469821e+00,5.127477302436468420e+01,2.768109477783600725e-01
7.132304782347961947e+00,5.076521348418838642e+01,3.075416540161889922e-01
7.326183679500847035e+00,5.020113526655333658e+01,3.254876876985567935e-01
7.424260767121896087e+00,4.963466789003258128e+01,3.936357534420642512e-01
7.376285631066839876e+00,4.911728238385290268e+01,4.192698753769827369e-01
7.348306491109410032e+00,4.860421241677376258e+01,3.605849269321622641e-01
7.369466662001690871e+00,4.803086402772373731e+01,2.277492496974032887e-01
7.464836015006766523e+00,4.754004068586671394e+01,1.475887209217599527e-01
7.567907901480978694e+00,4.696394251213909143e+01,1.637517402344294548e-01
7.529128872008044482e+00,4.646883661967619616e+01,2.354795325376554394e-01
7.543615762723034912e+00,4.587948733262378909e+01,3.206540036092362378e-01
7.627143417878187392e+00,4.531012288805807486e+01,3.912202752640633330e-01
7.749013742565125540e+00,4.482937329067150500e+01,4.684520788953496218e-01
7.901292967065405293e+00,4.431893724441160032e+01,5.257026287859153380e-01
7.918115941615300635e+00,4.375045741422017187e+01,5.059349751286713603e-01
7.881564758070440213e+00,4.319189465066459377e+01,5.151303069398163181e-01
7.848942197995489423e+00,4.263215339416331773e+01,5.275436314646599900e-01
7.763026366009016854e+00,4.207800830272505266e+01,4.811514787120104719e-01
7.756988711487284860e+00,4.157910980975591997e+01,4.423842709749849500e-01
7.739346152814792212e+00,4.102022965857196368e+01,4.819595913073916882e-01
7.637837220756805046e+00,4.044022508572747654e+01,4.710347028655346158e-01
7.580765278591198530e+00,3.987972414558657164e+01,4.416104620664990099e-01
7.475388873365308662e+00,3.934867205269289769e+01,4.771521046193373805e-01
7.323750858661770557e+00,3.881718482264433590e+01,4.579184168790818021e-01
7.197815850089013701e+00,3.829782128074808156e+01,4.239256245642082366e-01
6.985924770315167009e+00,3.779834169593318194e+01,4.145926754303522199e-01
6.759928175251797455e+00,3.734558660153508214e+01,4.462519182787222372e-01
6.595912075845074440e+00,3.682938104182967720e+01,4.265816771928542805e-01
6.435757976268996039e+00,3.634771775150579742e+01,4.292691002312956083e-01
6.403687291635625556e+00,3.578688891130214245e+01,4.977615186936491520e-01
6.470972372393772432e+00,3.519456569190976580e+01,4.911925284757429067e-01
6.267704597969504299e+00,3.465399734566759093e+01,4.838334764764720131e-01
5.993388402345790844e+00,3.417478767414064578e+01,4.248630789236839123e-01
5.706823975992146636e+00,3.375429986129543636e+01,4.347170668909133284e-01
5.332497096011453941e+00,3.325302749797175750e+01,4.529227422675238812e-01
5.073097497342116569e+00,3.277362657854563111e+01,4.556144848416116555e-01
4.814193800731795925e+00,3.230806157679552371e+01,4.756291298254692879e-01
4.545676330721161840e+00,3.175970783790782548e+01,5.222292800343393271e-01
4.286633877124961245e+00,3.126987237029209865e+01,5.515306810036522123e-01
3.887262946287982412e+00,3.094153725530389565e+01,5.506956224109318399e-01
3.464995780683684856e+00,3.056470815389568330e+01,5.070244806218306977e-01
3.006583744628341659e+00,3.019986309305032535e+01,4.462954461366300252e-01
2.600101941144401962e+00,2.971473208688273360e+01,4.217715645229156429e-01
2.329319119022825735e+00,2.927214826623170296e+01,4.481162630089763899e-01
2.026740897145404841e+00,2.885306823232271967e+01,4.478584632637092056e-01
1.762603696575341772e+00,2.841414842371026594e+01,4.347491714031073151e-01
1.476798250908431864e+00,2.800305942263237569e+01,4.813293875381933762e-01
1.116547297319375742e+00,2.761438989109568709e+01,5.262641522381960035e-01
7.656573511704789503e-01,2.710255039321070925e+01,5.727526493998197354e-01
3.726408551918822809e-01,2.660301701354914883e+01,5.812208416863774429e-01
1.143578856562946638e-01,2.617433637793158852e+01,6.087622528419783796e-01
-1.487321121510042921e-01,2.565283254657792966e+01,6.661163814419786000e-01
-4.933653714580810701e-01,2.521916141973314041e+01,6.514255004718929598e-01
-8.290580105532519006e-01,2.478393486584260330e+01,6.543891118124657291e-01
-1.195213271417758572e+00,2.436243468742491558e+01,6.842200925448201909e-01
-1.602962818059367578e+00,2.393151739083366891e+01,6.703078909129130958e-01
-1.887812999017282500e+00,2.351836664318442516e+01,6.678850948923032993e-01
-2.245099249506216754e+00,2.305227560972912570e+01,7.062924941200280360e-01
-2.609341290330651653e+00,2.265517578687425271e+01,7.669061877652765258e-01
-2.941868114548964908e+00,2.216925763755340029e+01,7.648270336532019265e-01
-3.276023914822351557e+00,2.178292522685084620e+01,7.620889558200309999e-01
-3.644226273879755951e+00,2.133249071996618085e+01,8.357696870498546593e-01
-4.001095877782826271e+00,2.085651508990851255e+01,8.564933639911934682e-01
-4.419464364173623316e+00,2.052230192645457763e+01,8.271604324644242778e-01
-4.820521395497939565e+00,2.020095374527698695e+01,8.209806879266257074e-01
-5.216259035171888492e+00,1.984662968413879724e+01,8.167567568173645931e-01
-5.638066497247133491e+00,1.950426188923692905e+01,7.536782906744733390e-01
-6.039685661529770933e+00,1.905958621008704057e+01,7.162221298030225780e-01
-6.340152035271413133e+00,1.854369446997381488e+01,7.215158263193132138e-01
-6.583592466203047167e+00,1.801666766032729328e+01,6.923371265094883098e-01
-6.703333973678287094e+00,1.745965264671388084e+01,6.869105289301280504e-01
-6.724984358063327505e+00,1.684172813477474051e+01,6.754390601377980863e-01
-6.642515795281185298e+00,1.633132143954993154e+01,5.924220330782423716e-01
-6.241941941400123817e+00,1.602127273685169584e+01,5.392552295872313772e-01
-5.712911114547496894e+00,1.593083538021142331e+01,6.709551847174138883e-01
-5.178430565286102016e+00,1.607511979451515671e+01,7.227730420359506081e-01
-4.557694203176560599e+00,1.597079630704750208e+01,7.987970130346532249e-01
-2.854704535524751119e+00,4.013334350361311920e+00,7.844202688326581407e-01
-3.256003180356616955e+00,3.611320011788638151e+00,8.069197285118713259e-01
-3.716370425836869273e+00,3.328272195155162816e+00,8.240609624974700731e-01
-4.116194915559746370e+00,2.991813344227456373e+00,7.800862410621807186e-01
-4.464935330991735896e+00,2.597556058314313798e+00,7.389091345125153865e-01
-4.735160025556455210e+00,2.155884426287041578e+00,7.169621019187601973e-01
-4.796932874351766074e+00,1.570814347122644339e+00,6.754597825580708204e-01
-4.604693031912422185e+00,1.024558812277993836e+00,6.775542057830092890e-01
-4.191495124509151182e+00,6.289326830114985167e-01,7.110452287675659289e-01
-3.701353575852596833e+00,3.291005883093326423e-01,7.594280091768453866e-01
-3.206695184258446574e+00,3.710182390827863885e-02,7.494094079936525210e-01
-2.678750513530389732e+00,-1.386018031205171197e-01,7.154556142203425395e-01
-2.122121115491443888e+00,-2.316897376098668304e-01,6.843521798651208687e-01
-3.118781482303598085e-01,6.515695864311617236e-02,6.326327342274377097e-01
