-6.791035611288187557e-02,-4.501660606681863463e-02,3.097304865183299338e-02
-5.086505871346852503e-01,-2.748665069056531740e-01,8.874439530479721894e-02
-8.013795212975854954e-01,-5.566107006409938551e-02,5.183799039052502389e-01
-1.290286316506516373e+00,2.984392354362347399e-02,7.175442990178619862e-01
-1.458845857631137832e+00,5.656006200107076554e-01,7.914575375894631337e-01
-1.511400661043363458e+00,1.166347941846534342e+00,7.850679319348380369e-01
-1.486729818949372284e+00,1.748213443160768543e+00,7.657203774596268442e-01
-1.478698675504325433e+00,2.343221769476449445e+00,7.991854948012453441e-01
-1.545132068720659335e+00,2.843360021301354124e+00,8.457299226458033781e-01
-1.611280814242621151e+00,3.357557807500615166e+00,8.219371824128465231e-01
-1.703909991212273933e+00,3.951916874672908975e+00,8.265651757566564450e-01
-1.691593731961660296e+00,4.570743312845845452e+00,8.350541479861020022e-01
-1.593068055326319898e+00,5.099158731653213650e+00,8.628594646168710192e-01
-1.502855965033696117e+00,5.641613687679346789e+00,8.301432968367122855e-01
-1.374321751187089546e+00,6.156089642726692013e+00,8.079781964035596120e-01
-1.295538237423636829e+00,6.674441448679883315e+00,8.333653284020513530e-01
-1.258525861243503297e+00,7.238974429023771862e+00,8.312684181699051544e-01
-1.164101515086746197e+00,7.765849828150601653e+00,7.882328573606588451e-01
-1.083617312520062992e+00,8.280510847350267767e+00,7.936724453462848938e-01
-9.621589524328287846e-01,8.789392924287319886e+00,8.232748074992630727e-01
-7.859944345282227074e-01,9.324133443226655160e+00,8.177896205580387212e-01
-6.648095465843940621e-01,9.820794162089203638e+00,8.155463074518768396e-01
-5.288920816241706735e-01,1.031453847610611696e+01,8.565442612284028812e-01
-3.575860164581239897e-01,1.081867758730154172e+01,8.633179563191595296e-01
-2.431247676269125135e-01,1.131118110991952896e+01,8.497403189141014002e-01
-8.884631654857434724e-02,1.184667755425385671e+01,8.821420215566853074e-01
7.553506440362826868e-02,1.239487594436633167e+01,8.696884211964281963e-01
2.014717128962240367e-01,1.293239639722808576e+01,8.326157250646928354e-01
3.057031513464149031e-01,1.346702562426500371e+01,8.384274816776086103e-01
3.042009214740228340e-01,1.398613559129250206e+01,8.770136863785893411e-01
1.326988072067470936e-01,1.448160789019594574e+01,8.352808938385593018e-01
-1.229200092291399676e-01,1.492423012606108657e+01,7.936653272201831255e-01
-4.795188830082642850e-01,1.528729700950813530e+01,7.947947824876910872e-01
-9.236081159435074461e-01,1.551782583022771078e+01,7.998505142632776899e-01
-1.463884936747417820e+00,1.570443307006571132e+01,7.851450057425679585e-01
-1.986848312878645828e+00,1.572412766018000418e+01,7.746518160480191373e-01
-2.508369100696266951e+00,1.573595989269762896e+01,7.948453893404828774e-01
-3.071138864537145796e+00,1.576818036604856488e+01,8.230992834590122875e-01
-3.676975999905906622e+00,1.578469603467560844e+01,8.091058352183111424e-01
-4.270368586123407084e+00,1.587842260525715332e+01,7.761759880395663336e-01
-4.817179032614816059e+00,1.597883978967907659e+01,7.926802630069925693e-01
-5.352961629050091652e+00,1.602775430216168928e+01,7.904081104929290280e-01
-5.862026897110563795e+00,1.610281365322423142e+01,7.814787652569510357e-01
-6.362279536243572231e+00,1.615916132149287421e+01,8.029190449730327916e-01
-6.875259454479670573e+00,1.621644067283248347e+01,8.041708400984834970e-01
-7.368503797629291086e+00,1.631115737561188439e+01,7.602367431932681718e-01
-7.909117890582395560e+00,1.634718924349991909e+01,7.015401685470463722e-01
-8.470559971380390962e+00,1.639956981166616501e+01,6.929649075936208380e-01
-9.015981599775956923e+00,1.653508383694613570e+01,6.928226162168277247e-01
-9.526845618852313180e+00,1.665520767961178805e+01,6.697847088621314837e-01
-1.002415539037870218e+01,1.681116260993042388e+01,6.752276676744585204e-01
-1.057222921370928326e+01,1.699156239740829477e+01,7.401859717071758160e-01
-1.105660824325417124e+01,1.710768280069573422e+01,6.242090664260844246e-01
-1.152638128266648820e+01,1.741091436301359963e+01,5.887394986655732909e-01
-1.189733382070816603e+01,1.775174062635820249e+01,6.021611172147766089e-01
-1.230973454099671294e+01,1.816268706745255557e+01,6.131576893891886870e-01
-1.279204923620129009e+01,1.853255201743604275e+01,6.116930131764009015e-01
-1.324982342687471615e+01,1.873971099444502997e+01,5.860938512271403056e-01
-1.369950734855781960e+01,1.901304027266995789e+01,6.115165038287925237e-01
-1.415272264988754713e+01,1.932513273024649436e+01,6.338288102661499002e-01
-1.464789311793775894e+01,1.951702257731222900e+01,6.138790071227724354e-01
-1.520857842633530765e+01,1.982117733440116325e+01,6.021390403853528195e-01
-1.566385169319344861e+01,2.008276924025748400e+01,6.345819966503908338e-01
-1.629253175649922269e+01,2.035245544818004504e+01,6.287795294550101444e-01
-1.675615423932481107e+01,2.060045150078896725e+01,6.095857098768742155e-01
-1.724672218391665268e+01,2.080281442357027544e+01,5.961074481157051519e-01
-1.778523770964011419e+01,2.093215669598559359e+01,6.142674126554453773e-01
-1.831742604853138801e+01,2.098721676891144483e+01,5.916450407564977088e-01
-1.878204784272896433e+01,2.080077398264222666e+01,5.627611098212749186e-01
-1.925520117907985451e+01,2.062937189080994926e+01,5.854800361809506803e-01
-1.974834001042305687e+01,2.045545361559144482e+01,5.302501753810554552e-01
-2.022320037626876399e+01,2.024341993351580271e+01,5.523081783973264880e-01
-2.064175006349000441e+01,1.993381296990258988e+01,6.316773477584013419e-01
-2.100729423451789302e+01,1.954360032461365648e+01,6.628206512996024369e-01
-2.142987243375593565e+01,1.926836458944168129e+01,6.643359865500457762e-01
-2.197712280165413645e+01,1.899657552874620237e+01,6.566342652039434125e-01
-2.253367123873779221e+01,1.881994225855722291e+01,6.652407804446472950e-01
-2.312156798721845874e+01,1.878109024561102913e+01,7.092318300860198654e-01
-2.369364957743064437e+01,1.883993693243873935e+01,6.871999340476301343e-01
-2.419933257105062552e+01,1.905510228351329971e+01,6.078672956093978952e-01
-2.481245117439219783e+01,1.900698276781525209e+01,6.510209721724877774e-01
-2.528652002245701524e+01,1.923187162655433369e+01,6.511510493992476167e-01
-2.568828269218229110e+01,1.961740441422754699e+01,6.780681309135172530e-01
-2.614710972337544348e+01,1.983250222020902243e+01,6.409482122734063703e-01
-2.661434700442823242e+01,2.003013104920799847e+01,6.414141476997918812e-01
-2.708573220783273072e+01,2.025497942057459966e+01,7.064821823520562871e-01
-2.760085210900847486e+01,2.032898062149430984e+01,7.283547075775098634e-01
-2.817539185446204897e+01,2.043519940531488288e+01,7.330579202309169817e-01
-2.868233044986222779e+01,2.054923592913948127e+01,7.631370541907142035e-01
-2.928386623492674801e+01,2.065558059230685473e+01,7.966020394119104342e-01
-2.987599380012076011e+01,2.081117829342563041e+01,8.221655021341442993e-01
-3.039092376081280378e+01,2.088414860851509047e+01,8.029761026218936726e-01
-3.088402111725527988e+01,2.110365965654406750e+01,7.721107077214232062e-01
-3.142732588653566239e+01,2.129969110378743480e+01,7.682897208896519725e-01
-3.196278541743233603e+01,2.150476983719781288e+01,7.653318711234421423e-01
-3.242771428741772155e+01,2.171257136989409631e+01,7.633497613641646584e-01
-3.300026101883126728e+01,2.171613781180318981e+01,7.187688730250435531e-01
-3.352897619343218594e+01,2.177413292643605658e+01,7.036077327042348228e-01
-3.404980855936084794e+01,2.196693351690327134e+01,7.361379884694562170e-01
-3.459530576745985542e+01,2.205060849696426217e+01,7.965709410205827901e-01
-3.511565584299617626e+01,2.219155874286111896e+01,8.473151976899078175e-01
-3.568756101327628016e+01,2.243850080962318927e+01,8.657726112919104100e-01
-3.612956634419114721e+01,2.267217686985889102e+01,8.467458200785195066e-01
-3.660057628705372679e+01,2.288097269814098311e+01,8.784740704740151562e-01
-3.709838818152304896e+01,2.299147340190866728e+01,8.588542689185147960e-01
-3.766164469543302573e+01,2.307897898934331593e+01,7.926683807656422776e-01
-3.823678301401671575e+01,2.315379478330307350e+01,7.824892081098023811e-01
-3.875302316211572418e+01,2.319242866640023948e+01,8.395786591582745650e-01
-3.930741811945556208e+01,2.318450921764379657e+01,8.817259576205633831e-01
-3.979813530051204395e+01,2.306058990014372156e+01,8.810346195716589612e-01
-4.030365591683984405e+01,2.308613042547298377e+01,8.733194150684479018e-01
-4.087119286307932953e+01,2.320060942566441398e+01,8.725735631141287030e-01
-4.136608356900828909e+01,2.335854168168020806e+01,9.009297885967300079e-01
-4.184118305204708577e+01,2.367374392511923631e+01,9.158250709978912329e-01
-4.231801608519604940e+01,2.384275828978944389e+01,9.267378429892187963e-01
-4.283642343893971827e+01,2.390066817025331503e+01,9.488306772990301452e-01
-4.334314956832433552e+01,2.400440053266740037e+01,9.556528917834800074e-01
-4.383799011737018247e+01,2.408022290613864413e+01,9.469528383067083999e-01
-4.442375519153892327e+01,2.415264546148287650e+01,8.999956391155713442e-01
-4.492654069892914492e+01,2.424909752648844474e+01,9.061841813314817085e-01
-4.544874918360810767e+01,2.429083525344418248e+01,9.089167713954603434e-01
-4.595897186359461983e+01,2.435367804325756325e+01,9.491680635907225883e-01
-4.655384305463570627e+01,2.442274514395313645e+01,9.968165189913997803e-01
-4.705787494675120541e+01,2.444057231979744671e+01,1.011638660336987572e+00
-4.757051892132850668e+01,2.451288614462845317e+01,9.632162232701626525e-01
-4.808183285941914420e+01,2.454865087770826193e+01,9.903947666932469973e-01
-4.869589013015155388e+01,2.459705891803245592e+01,1.059750159767854472e+00
-4.922327551660659140e+01,2.462643425835635824e+01,1.108063663052440972e+00
-4.973788662153377516e+01,2.453197368311642634e+01,1.083885061663630633e+00
-5.034081738915172366e+01,2.453951143971491433e+01,1.082234396880231930e+00
-5.089804545722100926e+01,2.462044318124797471e+01,1.079361790929695752e+00
-5.141198291529359210e+01,2.462130217949541233e+01,1.052705482000664050e+00
-5.191313567189904887e+01,2.467062983535422305e+01,9.783620405886048754e-01
-5.241792223403857776e+01,2.468969436494874969e+01,9.231184777877849967e-01
-5.292671111409480744e+01,2.471742604808838806e+01,9.345671786717244522e-01
-5.347260561411814450e+01,2.484824929141495531e+01,9.560436074394854655e-01
-5.407029294680727105e+01,2.491661715287441581e+01,9.593272567793298400e-01
-5.464096674163101852e+01,2.501589385020871248e+01,9.911779106965411534e-01
-5.516682866072336111e+01,2.512763681898026746e+01,1.041908553559394157e+00
-5.573995723337644392e+01,2.515203121863394387e+01,1.060090028197992806e+00
-5.625644391040378167e+01,2.523425008106380929e+01,1.012833538875124173e+00
-5.686761441696204145e+01,2.527170679518204466e+01,9.539209830233573717e-01
-5.741756716267027372e+01,2.534408331722464780e+01,9.503307859453582473e-01
-5.791728947148912710e+01,2.547597369111252164e+01,9.629151390201503569e-01
-5.853256113885992562e+01,2.551362565498605406e+01,9.048759703204342086e-01
-5.911873225101390972e+01,2.564007714190085352e+01,8.778932495050890683e-01
-5.971364878824644506e+01,2.566801606824739679e+01,8.726021267392752856e-01
-6.024513432711769667e+01,2.569224774250461962e+01,8.784336372501099222e-01
-6.075421227773933452e+01,2.576544171564603403e+01,8.859127186381244856e-01
-6.127785086012503513e+01,2.580398866409124636e+01,8.600277362786010737e-01
-6.190237929899693370e+01,2.591745746132620098e+01,8.518506080337907571e-01
-6.242461901437836502e+01,2.601601442391306662e+01,8.668095340670105564e-01
-6.296213072702929026e+01,2.604620777094460138e+01,8.372173010694423656e-01
-6.353621169119643497e+01,2.614481928825657775e+01,8.432235878612511781e-01
-6.405242874513336915e+01,2.620389957139172665e+01,9.151655238405405068e-01
-6.458746226435469850e+01,2.624622319661242997e+01,9.570391018287166540e-01
-6.507389919288156932e+01,2.636237572518582084e+01,9.244709173304708205e-01
-6.560515236597558442e+01,2.643173541886816835e+01,8.945179353504461028e-01
-6.620888666777651110e+01,2.647792358481807895e+01,9.033642649744841879e-01
-6.671535294043016506e+01,2.655870984560205983e+01,9.165841556081149033e-01
-6.722356291065416656e+01,2.656324388554305926e+01,8.928765191030412218e-01
-6.772429645548838550e+01,2.660648077471405060e+01,8.952898705859562156e-01
-6.823923510442457996e+01,2.670351340967882692e+01,9.238921295612019247e-01
-6.874607095515571586e+01,2.674899632355664991e+01,8.962628069092190009e-01
-6.935147854924534272e+01,2.689824597901171188e+01,9.042071461961789236e-01
-6.996081667231440804e+01,2.692711450307910681e+01,8.710437097764347492e-01
-7.048625111332655990e+01,2.694701436191573052e+01,8.639730033738839410e-01
-7.099565397568831315e+01,2.706575545212820089e+01,8.176894219835316724e-01
-7.149366808087452796e+01,2.718275629589825115e+01,7.910787054572081534e-01
-7.201423028956044448e+01,2.748245419258228850e+01,7.905384383230518175e-01
-7.244179742080817164e+01,2.782594090772210649e+01,6.937548429750882706e-01
-7.292255537670313004e+01,2.807257732012410045e+01,7.380466211521612419e-01
-7.349849877264627196e+01,2.818119321181607972e+01,7.301901900631641018e-01
-7.401994431054188794e+01,2.825869311569366360e+01,7.032207911801268141e-01
-7.452151776275326256e+01,2.825312000709709892e+01,6.807109380212148508e-01
-7.507822349365260095e+01,2.832406955351187605e+01,7.555678769802147698e-01
-7.564077646400082244e+01,2.843008862404220594e+01,7.688215398005563417e-01
-7.619773559529663487e+01,2.842934501200295117e+01,5.644724043115486589e-01
-7.671664060592587475e+01,2.854083961198388408e+01,3.934069409993795063e-01
-7.723432376248617004e+01,2.865024223044583351e+01,4.617616219939421063e-01
-7.773655983816989590e+01,2.861635556401790481e+01,5.308014858066080199e-01
-7.826013684823442418e+01,2.874236550731328066e+01,6.316721349752716375e-01
-7.878244133759186241e+01,2.875685332960529905e+01,7.032196712691251017e-01
-7.927817397735535110e+01,2.888451431549890458e+01,6.653303675718502674e-01
-7.979332868755159325e+01,2.907953247668916674e+01,5.515443047589204673e-01
-8.021019050329738320e+01,2.934617926370099283e+01,4.740868501713686456e-01
-8.050879298791871008e+01,2.894208056777129556e+01,4.708503897089194035e-01
-8.029607151023746781e+01,2.849039241871398787e+01,5.236114697519371752e-01
-8.019982438170725914e+01,2.792622154571115090e+01,5.683576067854201330e-01
-7.977276175834124672e+01,2.749923613737092509e+01,5.191223704035693443e-01
-7.940334985810528678e+01,2.714688030630339455e+01,4.844436928489324057e-01
-7.884744247051756361e+01,2.740483259990596210e+01,4.994470845415287519e-01
-7.822915718499746163e+01,2.762477494229538522e+01,4.727726608633446292e-01
-7.767173921601305153e+01,2.772926297941403107e+01,5.110715258810001327e-01
-7.716585071512207605e+01,2.781661736295951215e+01,4.645689751511998256e-01
-7.663864969172919928e+01,2.784993573792715083e+01,5.469475163312788046e-01
-7.608542574641890610e+01,2.794808650890361079e+01,6.649314321814875361e-01
-7.331585348621872811e+01,2.773636184185010478e+01,9.133706912140840961e-01
-7.282890592944616515e+01,2.764443937682024099e+01,9.934457632779807312e-01
-7.075124449592584597e+01,2.741882632348421467e+01,1.077726638388596836e+00
-7.018333597025900872e+01,2.732940588069736521e+01,1.089560465846773685e+00
-6.967669983118992150e+01,2.730359598653813435e+01,1.086086881476286514e+00
-6.906179846676546674e+01,2.725546599695497463e+01,1.113213052962365168e+00
-6.855838576771813564e+01,2.716536767034093813e+01,1.183881454970911351e+00
-6.800815870647336681e+01,2.713650938323916151e+01,1.186746094049303313e+00
-6.748897397275707988e+01,2.704228870988749023e+01,1.170665632225253550e+00
-6.698834044716934955e+01,2.698616166489808421e+01,1.227570408435321836e+00
-6.646939631101332679e+01,2.696658088666112008e+01,1.273906035065810016e+00
-6.598240969167231640e+01,2.681842966265172734e+01,1.261988352558531368e+00
-6.539160770532534173e+01,2.672219421898553904e+01,1.265470829753958082e+00
-6.478632367537305470e+01,2.664139715555446841e+01,1.250067591125754385e+00
-6.373193934811992989e+01,2.651834406994630200e+01,1.140185202388254160e+00
-6.323153181514736332e+01,2.644718682526256615e+01,1.108174043923076280e+00
-6.271202636849692880e+01,2.637174847401050926e+01,1.165601867642509060e+00
-6.214551062656236269e+01,2.631954231063487271e+01,1.169388920455015857e+00
-6.153177600141997061e+01,2.616919008342722108e+01,1.129665110384138860e+00
-5.946125403081426697e+01,2.599116618379662569e+01,1.193629734668313569e+00
-5.895050765983390306e+01,2.604579192874457405e+01,1.206677137006904266e+00
-5.843350163130091346e+01,2.606199590740184746e+01,1.210253684315199862e+00
-5.787682678706033812e+01,2.602781861080969961e+01,1.151255689565440887e+00
-5.739724477859461160e+01,2.585114323933474267e+01,1.124747367412988197e+00
-5.686397370979242538e+01,2.573947607756318590e+01,1.157921121334285264e+00
-5.486738085529572118e+01,2.551261017744630877e+01,1.193930127824442744e+00
-5.433348942733516651e+01,2.544919567447724873e+01,1.223764287936713213e+00
-5.382162104431281335e+01,2.537302503707747547e+01,1.238483001328860356e+00
-5.328137941507478104e+01,2.529780132144916749e+01,1.262945734123890107e+00
-5.276616556617936027e+01,2.518801749607895601e+01,1.254208224302517660e+00
-5.214128833301308674e+01,2.511755248333212620e+01,1.236918590780678118e+00
-5.152367642649704038e+01,2.510840232765661284e+01,1.233577841794509578e+00
-5.065005107159701225e+01,2.504919725311684431e+01,1.204649779421068434e+00
-5.004561056794600660e+01,2.495834764221949342e+01,1.185810335108463009e+00
-4.099551988804001468e+01,2.364050798525951436e+01,1.109161623907152006e+00
-4.047010384867376587e+01,2.354131801806154201e+01,1.114675118846210955e+00
-3.331371816080973502e+01,2.136788567691315421e+01,9.273003819097440648e-01
-3.278571999243003177e+01,2.127647216753384996e+01,8.815784570509368478e-01
-3.225909408291231273e+01,2.109601090756269670e+01,8.092799807186799033e-01
-2.906889759588272426e+01,2.012906148405954454e+01,8.016064185127050878e-01
-2.856879283993280083e+01,1.992796759028424347e+01,7.649390616676556842e-01
-2.803316625285287245e+01,1.971583362386631677e+01,7.531457681355245848e-01
-2.747620011364940851e+01,1.950464636813969221e+01,7.747539143376813708e-01
-2.689530439285037389e+01,1.936206998969216286e+01,7.463655244199157712e-01
-2.637041267176083892e+01,1.922814062143532965e+01,7.240564357097050152e-01
-2.584430127770944807e+01,1.912979137641181282e+01,7.635701630113249649e-01
-2.151695231428151089e+01,1.872075818357687282e+01,6.902420876965508212e-01
-2.092288920649897932e+01,1.891835836649845604e+01,6.997532429084992733e-01
-2.041213357471162837e+01,1.915721091304660106e+01,6.707211982812979478e-01
-1.999832079169879151e+01,1.950039270769992683e+01,6.631266273538556355e-01
-1.956867930534348687e+01,1.978389336027515810e+01,6.855050670849189842e-01
-1.902558256327297670e+01,1.998914553574319442e+01,6.287932417994466228e-01
-1.852225717907798952e+01,2.013887797545815417e+01,5.267603426861213745e-01
-1.799158812351744885e+01,2.025010139903817574e+01,5.593699582309161755e-01
-1.739455365824496624e+01,2.027340101545332729e+01,5.966194836909984867e-01
-1.570556699314089144e+01,1.955639782066697308e+01,6.885564202266053480e-01
-1.522160020169399353e+01,1.920697637249202927e+01,6.826183467907439573e-01
-1.475752729169601807e+01,1.881449419118066047e+01,6.695281990733565891e-01
-1.427070905188160488e+01,1.851779174088929025e+01,6.510967798863346312e-01
-1.385640787325804446e+01,1.820689123698194933e+01,6.523600406615370773e-01
-1.349171304223323631e+01,1.784714604284470596e+01,6.295551204554151736e-01
-1.307426693370987536e+01,1.756257093429044502e+01,5.726120496860589437e-01
-1.262536805286917563e+01,1.729995332415937170e+01,5.435864765167497392e-01
-1.219377750154769480e+01,1.704174418628053900e+01,5.179539137194911769e-01
-1.170364494089577079e+01,1.694367505283798536e+01,4.529202634596696808e-01
-2.087105709154803979e+00,3.110094823804577135e+00,8.327146750599044855e-01
-2.159092426212092519e+00,2.598367746257959521e+00,8.137644760612571249e-01
-2.063862617231174923e+00,1.984518790666948584e+00,8.104388216588710447e-01
-1.960863581543513812e+00,1.395154636247255109e+00,8.012513487376476951e-01
