-6.901503268790062928e-02,-8.023742305109364537e-02,2.859218086759778704e-02
-5.576582671195714491e-01,-4.690743288412272533e-02,1.362828718613543211e-01
-1.077985817772212584e+00,-3.826765645402567528e-02,1.003269847334654352e-01
-1.614978249541607624e+00,7.373489472334612826e-02,1.883065335347598734e-01
-2.108889376999377507e+00,1.564723362289136277e-01,2.548987305421535621e-01
-2.609227518666885182e+00,4.377687976852862040e-01,3.282320300651165312e-01
-3.024889519221197087e+00,7.157148230822927282e-01,3.561997139119431055e-01
-3.507640169943912145e+00,1.039629442759974598e+00,3.851863956490205187e-01
-3.961928771643560498e+00,1.335403698627810165e+00,4.258915507505313669e-01
-4.401028003497210683e+00,1.620022830483163423e+00,4.678222088535796130e-01
-4.842630504873094210e+00,1.939180040165860319e+00,4.625305595714477858e-01
-5.313178412629348202e+00,2.248638866456865948e+00,3.990142455736632177e-01
-5.742525241952378678e+00,2.617579850925946250e+00,2.957920669426441496e-01
-6.247254400352535875e+00,2.966534031751656197e+00,2.202838249250155811e-01
-6.639508016775429233e+00,3.290573754922399896e+00,2.167048399584759477e-01
-6.984675708469652022e+00,3.652271429065647723e+00,2.454158331020491746e-01
-7.394732392986879788e+00,4.012179965642141966e+00,2.629282924664234078e-01
-7.804135197409198810e+00,4.458549521908922841e+00,3.055016740523422425e-01
-8.190335200010926187e+00,4.820636186846603444e+00,3.297351917248741993e-01
-8.576261636003994937e+00,5.173594693732963989e+00,3.474205469047055295e-01
-8.881835927032360800e+00,5.594391235161279674e+00,3.540448893891775528e-01
-9.242589192482444815e+00,6.019660335161370668e+00,3.396884358150993877e-01
-9.531920240089039709e+00,6.507278829423864153e+00,3.317386203262686628e-01
-9.895867889760335601e+00,6.969879866739020713e+00,3.150269139661670548e-01
-1.024119193448561482e+01,7.489259063587203613e+00,3.146425542026869415e-01
-1.056239535544753494e+01,7.935548986432159779e+00,3.368765247948191099e-01
-1.091211355138385741e+01,8.342039595982750910e+00,3.494514776195324357e-01
-1.122544587176610520e+01,8.735798159042358790e+00,3.441570936366677436e-01
-1.170627221281350749e+01,9.100225925031800500e+00,3.555541976187083786e-01
-1.215147901141296316e+01,9.465416608241547181e+00,3.719292890106264959e-01
-1.258543838273735105e+01,9.874548255964892718e+00,4.018414336872405124e-01
-1.297067855898245270e+01,1.029674568254096734e+01,4.283671320453703024e-01
-1.327279296326774549e+01,1.074516866375213731e+01,4.499581488816144503e-01
-1.364237373559873490e+01,1.114280072527519927e+01,4.482076807560825271e-01
-1.398739926270691747e+01,1.161046951200587429e+01,4.475270468068263119e-01
-1.432199955158566596e+01,1.209814628894635469e+01,4.170154907213216022e-01
-1.455015916500703987e+01,1.273024912852449830e+01,3.370688900833717638e-01
-1.479228736618914120e+01,1.316711848113762784e+01,2.908637882685943254e-01
-1.516016357677412962e+01,1.362191061715872209e+01,2.910983188935570287e-01
-1.547067881999561223e+01,1.401570008832202596e+01,2.775798825618771004e-01
-1.590361360359863063e+01,1.445545303046530350e+01,2.794375444913814732e-01
-1.627454891974659645e+01,1.494860668453934771e+01,2.460885761855176324e-01
-1.671620538142870060e+01,1.537305653761623425e+01,2.311153394269428729e-01
-1.709612271470312805e+01,1.579932779306568591e+01,2.422260146518460944e-01
-1.749621627904654986e+01,1.618406771578645476e+01,3.070622818755575079e-01
-1.799798140222181075e+01,1.650315971313875707e+01,3.469484104815331871e-01
-1.838838380354621194e+01,1.686314358127937396e+01,3.219868665455832279e-01
-1.877508480714306316e+01,1.723941913839381712e+01,2.538696453829063504e-01
-1.912074547571588568e+01,1.768623277102067703e+01,2.877777485993465723e-01
-1.947598626429096669e+01,1.806032333932527578e+01,3.356636116709610373e-01
-1.983223234932125223e+01,1.842312294838474074e+01,3.580407667120086845e-01
-2.018461714287350617e+01,1.890923789818752354e+01,3.495338311801428066e-01
-2.052753497114804659e+01,1.927173753402386325e+01,3.104613988750501430e-01
-2.084551850015922625e+01,1.977968010869798832e+01,2.939434365308859487e-01
-2.100691162500373821e+01,2.036461530791728691e+01,2.525699635821198052e-01
-2.113206547118565481e+01,2.086901949603829820e+01,1.787463612398005053e-01
-2.118947964196089018e+01,2.141146076454825220e+01,1.274578094265243211e-01
-2.133659354010270448e+01,2.189163195504880832e+01,1.638757673409509397e-01
-2.158145838471491729e+01,2.237454851339680673e+01,1.511720930419612474e-01
-2.172107638637675819e+01,2.285386016351580096e+01,1.125276154789888738e-01
-2.196977208316593533e+01,2.341436653224332787e+01,1.472245744318408378e-01
-2.227681338990406346e+01,2.382554628670397889e+01,1.952486277886909816e-01
-2.257160615855184460e+01,2.422933898783422180e+01,2.032886566601184719e-01
-2.300654486431892920e+01,2.466883266280506248e+01,1.894128602470346312e-01
-2.339658481027295522e+01,2.513499067945599919e+01,1.732796443443334888e-01
-2.374796970635619076e+01,2.563941166121663073e+01,1.723354200229632593e-01
-2.404010314884618538e+01,2.605872096010453731e+01,1.706739644433759306e-01
-2.431464981536471370e+01,2.660731715239161232e+01,1.751648645808912830e-01
-2.468623305692234737e+01,2.710809222697272247e+01,1.525190599964644234e-01
-2.492151733242861056e+01,2.755855350463560782e+01,1.702792101582401574e-01
-2.520194038403818482e+01,2.800926891752961723e+01,2.285182029723724639e-01
-2.560553814527957428e+01,2.847182890785670750e+01,2.377229601491420985e-01
-2.592861070066907558e+01,2.897130110564253869e+01,2.296987396232496592e-01
-2.626243446982807228e+01,2.942309431145825016e+01,2.664931262919605359e-01
-2.648298575528021104e+01,2.993584415395904585e+01,3.132976662656159483e-01
-2.677934654125296277e+01,3.042980299177251524e+01,2.505274335503749339e-01
-2.711607470456113234e+01,3.088014781357869865e+01,2.312240998832808536e-01
-2.745507244479794196e+01,3.138225923045071752e+01,2.423202244764157132e-01
-2.777316458390940568e+01,3.186726953234186510e+01,3.267233643855344538e-01
-2.799679037799197090e+01,3.231389451592210094e+01,2.946643086794459854e-01
-2.823210592931723184e+01,3.282348225704200217e+01,2.526059161410322274e-01
-2.853405043929759444e+01,3.334240309103029887e+01,2.540693770533861140e-01
-2.883206728138413411e+01,3.383042450022973924e+01,2.587719359263708774e-01
-2.920203306946581634e+01,3.427558894774029596e+01,2.908542924517486528e-01
-2.950154618527681549e+01,3.472576583705701836e+01,3.194851599852548407e-01
-2.978991436714335705e+01,3.514907660404583822e+01,3.763255542534229003e-01
-3.000421721974568001e+01,3.564196181623552206e+01,4.764704811645216753e-01
-3.018082850029090736e+01,3.611433400651505110e+01,5.738958870895016773e-01
-3.046702606509184008e+01,3.654438478769046128e+01,4.591618375087718196e-01
-3.073162204007848786e+01,3.692206371684738286e+01,2.648207857203389026e-01
-3.108889368595027136e+01,3.736292258027275892e+01,1.729521557031916401e-01
-3.152112238967606217e+01,3.776771352010383254e+01,1.390936460801475150e-01
-3.180636930893783543e+01,3.826465312329676749e+01,1.994878114400284452e-01
-3.211488729938063358e+01,3.875482298668467251e+01,2.488166917040006698e-01
-3.240948499522028214e+01,3.925268106456518069e+01,3.122841353196333936e-01
-3.270676563129531900e+01,3.975242966045854587e+01,3.320133307881917295e-01
-3.293472716923245258e+01,4.028652505476517121e+01,3.008884209123879327e-01
-3.300441630539341276e+01,4.089613134518493354e+01,2.736489264636051688e-01
-3.304737494726754932e+01,4.140705478664745698e+01,2.120877255474367673e-01
-3.303165823401497647e+01,4.192534858221083738e+01,1.082832920604710342e-01
-3.305399271518948012e+01,4.242613604442591679e+01,8.639517219017203709e-02
-3.324857484739587221e+01,4.298340871110815442e+01,8.872514429018260596e-02
-3.348237419798102366e+01,4.351206136952924197e+01,1.458415880466201742e-01
-3.387217065205632593e+01,4.394895035549741635e+01,1.831563786545284678e-01
-3.423462701314966239e+01,4.440195987374916342e+01,1.626035115422441724e-01
-3.458788958281956383e+01,4.484580846442160862e+01,1.727821587685697269e-01
-3.498363061406363528e+01,4.533381289314493756e+01,1.697021410875808600e-01
-3.525063729182585348e+01,4.577294537525110485e+01,1.788837661353824271e-01
-3.562582228606441959e+01,4.620274096237651662e+01,1.686664676090877391e-01
-3.597862134754589647e+01,4.664237691363855731e+01,1.569818418666249771e-01
-3.638365733415307801e+01,4.702739832958988586e+01,2.149701593476208705e-01
-3.687941851178739938e+01,4.736646149968999708e+01,2.807409174720740253e-01
-3.733244336213823544e+01,4.759742164497297523e+01,2.950851294025743643e-01
-3.783896776385739003e+01,4.769909965449578948e+01,2.645423599949635607e-01
-3.833906122946295625e+01,4.760699991972851564e+01,2.227081100872974062e-01
-3.854246430475879492e+01,4.711178458882730524e+01,1.377175709122275271e-01
-3.820070771065351778e+01,4.671619671248768668e+01,1.422883299857948258e-01
-3.769626895994592530e+01,4.650901603120097860e+01,2.293262899002091459e-01
-3.725317817978273638e+01,4.614867640240248647e+01,3.418362848520925534e-01
-3.685174018689228603e+01,4.580504143471679868e+01,4.578810829844350838e-01
-3.641569643496575992e+01,4.554477884594218295e+01,5.039108241718337489e-01
-3.594208145199751669e+01,4.515373522589582933e+01,5.506203819167352354e-01
-3.549769236922192306e+01,4.478051935626624669e+01,5.596760608352465693e-01
-3.507933552025423296e+01,4.435597167983311806e+01,5.770553306809873551e-01
-3.465061581405585400e+01,4.391482174150775109e+01,6.166381918116582428e-01
-3.424283855511033892e+01,4.357503923612829055e+01,6.452985591110661501e-01
-3.388217572527938160e+01,4.319933107315244314e+01,6.160055003251431183e-01
-3.348180790786916816e+01,4.283116640285903287e+01,6.244491838303360964e-01
-3.311823415876500576e+01,4.245510158073732754e+01,6.560365677880560797e-01
-3.285369446231189272e+01,4.203156882895596880e+01,5.906489244593289278e-01
-3.255812891471535409e+01,4.150579020573275812e+01,4.600577410232294384e-01
-3.235523083920470810e+01,4.097999664556711252e+01,3.414631632240386905e-01
-3.214566785456891296e+01,4.043661929336292360e+01,2.307156826876379241e-01
-3.192230495873938168e+01,3.991685034086716399e+01,1.179407277479885691e-01
-3.174362523968418870e+01,3.938038976898914001e+01,5.370455005069343229e-02
-3.154225047514898961e+01,3.889521793229305047e+01,9.588871397581884282e-02
-3.125894296190965704e+01,3.847151722641508087e+01,1.535234763263982893e-01
-3.093451155432430610e+01,3.804462311593203339e+01,1.563365172774509315e-01
-3.053674537702409353e+01,3.769531737611948330e+01,1.731696642057710678e-01
-3.010363958430907516e+01,3.737734709034099012e+01,1.998886796029274993e-01
-2.974274056607087147e+01,3.699510934234584880e+01,2.194787113696688996e-01
-2.939167908795984729e+01,3.663308677736909402e+01,2.721207083262020543e-01
-2.902211278512822190e+01,3.626590140376129767e+01,3.362040788185294282e-01
-2.874422693813750129e+01,3.584924778477113705e+01,3.492984388966111631e-01
-2.840499203885314827e+01,3.534002203603775882e+01,3.387903072354989109e-01
-2.813644657541692595e+01,3.490303602970586638e+01,3.403004657051350024e-01
-2.790243876609705609e+01,3.442053716772679195e+01,3.491020346384198780e-01
-2.765844294524586289e+01,3.396686286645635278e+01,3.243168995872635074e-01
-2.744602198142570870e+01,3.348819159467990403e+01,3.207368709445802546e-01
-2.722901423616584893e+01,3.288089946701085609e+01,3.213113460008710232e-01
-2.704425885936194263e+01,3.241458856752584694e+01,2.909201274590870745e-01
-2.685670784891952323e+01,3.187713248110446429e+01,2.581192971986165929e-01
-2.664161199632642152e+01,3.137518729694162545e+01,2.467051636255597202e-01
-2.642903325920813629e+01,3.082913441410008204e+01,2.374228808270107682e-01
-2.095822266910672127e+01,1.942561156134881628e+01,-4.861047409314438877e-02
-2.051872092307929663e+01,1.890462634046999213e+01,-8.572746418591958850e-02
-2.006304343022153347e+01,1.856819496955955628e+01,-6.619053565607729839e-02
-1.866273456096410044e+01,1.792912636179270436e+01,8.173732577567559276e-02
-1.815924224054126057e+01,1.771788537138159469e+01,1.372080362548119270e-01
-1.767184598061311718e+01,1.751522079015302680e+01,1.331067108034092450e-01
-1.720390743046176851e+01,1.720816543246724351e+01,1.161622722957918186e-01
-1.679254482858315356e+01,1.687136810507007922e+01,1.796404939827369041e-01
-1.638928469273726662e+01,1.650454981062800286e+01,2.080285075760390234e-01
-1.606950802885304341e+01,1.608671310895861595e+01,2.061041474908887061e-01
-1.578181431186286332e+01,1.566325495770759701e+01,2.377623275276653236e-01
-1.547669217801334085e+01,1.526047115237321172e+01,2.619988393583753128e-01
-1.521171455564602937e+01,1.479623000555800871e+01,2.498902847795126392e-01
-1.486993667612007641e+01,1.435981678400212935e+01,2.351520513445884142e-01
-1.457375444369440132e+01,1.395791825174649148e+01,3.000073314410901526e-01
-1.434392935340253850e+01,1.349424443162015663e+01,3.337752326360046706e-01
-1.411389011848052810e+01,1.304793644995445057e+01,3.225337488942919828e-01
-1.393166516732174287e+01,1.249600505485292068e+01,3.235900394805327762e-01
-9.057342485542893229e+00,6.688338938596641192e+00,3.826941129180189138e-01
-8.642527040868078103e+00,6.411489297949957589e+00,4.434891298326177345e-01
-8.239712973275507224e+00,6.041018728936796478e+00,4.568736909141555280e-01
-7.875121996427397519e+00,5.655847161273982238e+00,4.357382011061483595e-01
-7.580080213543602952e+00,5.235795113405290913e+00,4.091724563326013531e-01
-7.342503131586763487e+00,4.744443973082669075e+00,3.764660995556152190e-01
-6.394260881910777350e+00,2.482596920485060199e+00,2.874528053448432985e-01
-6.224542343038933723e+00,1.949290731741633476e+00,2.406568798140027166e-01
-5.870671690217472261e+00,1.469907843003060544e+00,1.704612460247088568e-01
-5.430742932770453280e+00,1.069494325401949997e+00,1.155764084386042695e-01
-5.013909799719316496e+00,7.915476948899987653e-01,1.705111102283624336e-01
-4.564095426978424186e+00,5.516163335898349729e-01,2.107329508213745817e-01
-4.077286758457034921e+00,1.867762509730797327e-01,2.511949729903424355e-01
-3.614388485610156909e+00,-3.115782052229326693e-02,2.664720409121478784e-01
-3.133209445480909849e+00,-1.600267376373689654e-01,3.148331518890847835e-01
-2.624992348712786416e+00,-2.582102908836342303e-01,3.380600723101538918e-01
-1.902367531668096134e+00,-2.664805876647320382e-01,4.368364739584269518e-01
