-5.929501705727453081e-02,-4.964894095379163153e-02,2.626400209090350157e-02
-5.671863018433508374e-01,-2.988217428652525376e-01,1.017436018731126823e-01
-8.714871719900101343e-01,-2.096491732779409700e-01,5.656031903103352354e-01
-1.346421708421542185e+00,-5.937013870522263315e-02,7.912854906534064758e-01
-1.727042141396441410e+00,3.608174858873737234e-01,8.306509943936721818e-01
-1.911731852151400401e+00,8.468313699099399017e-01,7.975765977598955336e-01
-1.898997665829984749e+00,1.390499646621938812e+00,7.412920432287648520e-01
-1.884264056092017192e+00,1.998406678083238575e+00,7.568912465895014652e-01
-1.893570294854482139e+00,2.520864201466755272e+00,8.121389130953701185e-01
-1.857301594793123511e+00,3.070751049342392847e+00,8.253020452047431510e-01
-1.860430715134917534e+00,3.579766107135856412e+00,8.255884341037987850e-01
-1.793622210668492922e+00,4.168772782937916865e+00,8.461116259864951417e-01
-1.702764290447982720e+00,4.756457966174613361e+00,8.866358976740751352e-01
-1.654289495640603791e+00,5.263862283810378351e+00,8.820425014252689655e-01
-1.588347782572485434e+00,5.781313703732404718e+00,8.285660329372062094e-01
-1.567289168938493571e+00,6.284177756713717145e+00,8.487379260735053998e-01
-1.525659851556042668e+00,6.813489677504095177e+00,8.906913538890877113e-01
-1.388486268150376235e+00,7.313501393185654287e+00,8.758921671583671520e-01
-1.258095301515845810e+00,7.896597939885310780e+00,8.811933944667599272e-01
-1.123727842141479361e+00,8.398352042089545222e+00,8.955150752253159263e-01
-9.458373633133150271e-01,8.876625233252649849e+00,8.946281286851378578e-01
-7.588032754893772047e-01,9.423449088608652602e+00,8.669349258919014645e-01
-5.508122553147695166e-01,9.901681801058913379e+00,8.507190307137377783e-01
-3.355587881187231947e-01,1.043860337947790029e+01,8.692431154276450966e-01
-1.648320042284895925e-01,1.092087716397056951e+01,8.987710511784852141e-01
7.668538106444779123e-02,1.138624822237606971e+01,9.035085326574634479e-01
2.560575780164640602e-01,1.186087791625174148e+01,9.004478013058563324e-01
4.073622060832757241e-01,1.235420214999249922e+01,9.177457681697722691e-01
4.717094698060020352e-01,1.295641234648340046e+01,8.982225114686853695e-01
3.534154013541649930e-01,1.346007711345477098e+01,8.750290903713365820e-01
1.685338628607784550e-01,1.394028783737353372e+01,8.869062382450190185e-01
-8.902234422695026739e-02,1.448470455528667244e+01,9.012827853433679204e-01
-3.769160643386414433e-01,1.496245064338976150e+01,8.563441953014028218e-01
-7.533587512594533964e-01,1.533029576639713198e+01,8.769289437472775894e-01
-1.227603916938759365e+00,1.549793513362335773e+01,9.236083855449732649e-01
-1.730950811389095900e+00,1.573298973625044539e+01,9.254441394024414125e-01
-2.251045917033397625e+00,1.599151747766321563e+01,9.033685306046268515e-01
-2.621304808997335645e+00,1.641980674498013926e+01,8.280809627201404233e-01
-2.995528319514961790e+00,1.691675268921629893e+01,7.997868409497431719e-01
-3.319928698433224135e+00,1.743056027824407650e+01,7.818016988215175100e-01
-3.462534280535447540e+00,1.790839192645015387e+01,7.272408005284226595e-01
-3.527943401811295399e+00,1.850528351215045930e+01,6.508787289750010974e-01
-3.285754332016985302e+00,1.902339142363542379e+01,5.576576010834689567e-01
-2.902448613463313176e+00,1.934902216196436697e+01,5.538746375642973341e-01
-2.444421419781713123e+00,1.968553554738828026e+01,5.443047762498863795e-01
-1.988895781659860251e+00,1.989840270498465458e+01,5.232744877435561159e-01
-1.506492652218156536e+00,2.026883020554151571e+01,5.082921080978251016e-01
-1.079692590637267191e+00,2.056015685485144218e+01,5.237397174680061829e-01
-6.632016782303394864e-01,2.087248222418547883e+01,5.837563448854858894e-01
-2.762393064325044945e-01,2.123542681056722259e+01,5.619333411250467814e-01
1.469567489989552223e-01,2.155923565239605821e+01,4.960974300000021708e-01
5.187907864235454802e-01,2.190328760815395270e+01,4.920833960702049037e-01
8.849297435195149220e-01,2.227603594042180291e+01,4.968468972405244433e-01
1.285367092804279299e+00,2.257555149475922107e+01,4.672657344969064486e-01
1.680360252083437089e+00,2.290219007477188740e+01,4.574821665907671253e-01
2.101325017833524988e+00,2.321652816501935490e+01,4.533299678123350884e-01
2.555818959370316446e+00,2.346969379391159549e+01,4.167185864244200011e-01
2.970733345346937337e+00,2.378321259353472428e+01,3.630004981108420625e-01
3.382559599427945596e+00,2.411764921100787618e+01,3.766306671615748392e-01
3.803469478896167821e+00,2.450229787440888884e+01,3.803874717237821224e-01
4.157445948357995746e+00,2.494243434607666288e+01,3.742251140195082537e-01
4.507655588632580645e+00,2.531637124807437900e+01,3.766839775413498570e-01
4.921796580769636442e+00,2.578253356520845685e+01,4.048833105645421315e-01
5.330465854866615949e+00,2.621049445420534241e+01,4.394360851100349019e-01
5.716597932311925589e+00,2.653549673275650278e+01,4.360726005708203123e-01
6.134601330209276782e+00,2.694203548289006989e+01,4.246706214436780091e-01
6.555731260485731404e+00,2.726257114153499828e+01,3.542433498878295728e-01
6.972782636153053382e+00,2.757281478503622196e+01,3.339087320960059113e-01
7.394092981260850017e+00,2.788848844571366214e+01,3.423757903603693586e-01
7.864067314460828406e+00,2.814928010157295546e+01,3.324764105381606827e-01
8.348635938540898138e+00,2.847456970415479205e+01,3.385141317488353785e-01
8.798958211455198963e+00,2.872141250726408401e+01,3.260423226671433361e-01
9.249247217378192332e+00,2.898120797740514476e+01,3.041906484208046213e-01
9.647145128410192783e+00,2.930707935854417556e+01,2.624806187421971360e-01
1.006341312120788878e+01,2.966427019655589703e+01,2.076428004578902975e-01
1.044412297837334513e+01,3.003906864989516379e+01,1.994380974217633551e-01
1.079324498461020454e+01,3.041991879382787545e+01,1.709995634218751948e-01
1.122881071715085177e+01,3.080789975546879589e+01,1.503028321365831310e-01
1.156727323142219888e+01,3.127415666770114555e+01,1.516522610102908064e-01
1.192876038922771365e+01,3.168807125545622227e+01,1.487606487740323058e-01
1.226342323523028277e+01,3.207579323298951834e+01,1.386734670484887633e-01
1.263269705205166460e+01,3.248775813098580301e+01,7.398081134680575821e-02
1.300799472803456780e+01,3.282230812038019963e+01,2.793261774777313494e-02
1.335581753671223737e+01,3.321263693195539446e+01,2.144057602320864966e-02
1.365788103818551313e+01,3.365484345777589681e+01,-1.230301054507825995e-02
1.398185994376243357e+01,3.408564051379833160e+01,-5.218406158203842127e-02
1.425088778990699367e+01,3.455753756016453337e+01,-4.553802126915309362e-02
1.451572320487616885e+01,3.500619846827076742e+01,-2.872925218360955837e-02
1.480121385922029553e+01,3.544290379257777346e+01,-6.104489133321549382e-02
1.499579887130659728e+01,3.592609324345980326e+01,-9.431611446245188879e-02
1.519955577014651560e+01,3.639151065156507059e+01,-7.317112897131605731e-02
1.549744944694216287e+01,3.692572177640254694e+01,-8.137808110489513219e-03
1.568034330834972145e+01,3.739552221131059895e+01,-2.584773249217153096e-02
1.585620855363595894e+01,3.786531243434765770e+01,-3.141934902902723814e-02
1.600253776818049900e+01,3.835786709430784214e+01,9.062738297391789016e-03
1.608375721009887371e+01,3.885390367420026081e+01,4.122266873600604481e-03
1.620744624085346430e+01,3.941906783535491599e+01,-1.041176714053003785e-02
1.628875036143458033e+01,3.994450759452848132e+01,-2.115877536623470001e-02
1.636206704640987297e+01,4.048221766685729506e+01,-1.974093963659180606e-02
1.650864298744960479e+01,4.102233859751460443e+01,-4.206680100585589999e-02
1.659255907832031340e+01,4.152787216520275138e+01,-5.170028846789936905e-02
1.671548828674827192e+01,4.209659168589768541e+01,-9.283431049872573060e-03
1.685969146936547602e+01,4.264347100666394397e+01,-4.075117955647261647e-02
1.694598957495415803e+01,4.315551899379261158e+01,-1.028130001752440570e-01
1.703879227977126476e+01,4.378770970884964697e+01,-1.380463619730064317e-01
1.713463168431486139e+01,4.433329937939998899e+01,-1.059831291749643578e-01
1.717278531633878202e+01,4.486499203728327956e+01,-1.357032465067739557e-01
1.726625833796280673e+01,4.546032390689272518e+01,-1.723756986106756428e-01
1.733743179712829985e+01,4.598039566744822082e+01,-1.796963947007080287e-01
1.739837076702861651e+01,4.654677306096928646e+01,-1.768373850244305823e-01
1.746827796827330559e+01,4.709931963915877162e+01,-2.098080562129220894e-01
1.744926529959128914e+01,4.766355753799328454e+01,-2.271478750713153971e-01
1.742196064933600042e+01,4.817339077727213947e+01,-2.115999242387892887e-01
1.740676955041196194e+01,4.871162028606493521e+01,-1.961205688608909925e-01
1.735481480662072684e+01,4.930039227000465729e+01,-2.196476699213296413e-01
1.735409566070616805e+01,4.985685941594091730e+01,-2.710892670285507955e-01
1.731297696864939795e+01,5.042134508104736312e+01,-2.531922017373502420e-01
1.729421975983789039e+01,5.098916446287827142e+01,-2.422615113427817879e-01
1.733246774601711593e+01,5.154105796199572609e+01,-2.676942749650585429e-01
1.732135343626893942e+01,5.208590482430638957e+01,-2.718947773891823849e-01
1.729531552748502676e+01,5.263815603305383206e+01,-2.314720039951986275e-01
1.730308687848915383e+01,5.322749726354111033e+01,-2.269852168451746977e-01
1.726214315482324224e+01,5.374585199164784655e+01,-2.390446562847135525e-01
1.724252446405782635e+01,5.430175576833090645e+01,-2.300402004793454247e-01
1.722690562887474997e+01,5.484913987467971452e+01,-2.318757328623151093e-01
1.718872508282577627e+01,5.555550237880572695e+01,-2.414249415558360201e-01
1.722513122975834676e+01,5.611681175779678199e+01,-2.718228963305285295e-01
1.725153437942217849e+01,5.694109397273820861e+01,-2.685750895850695374e-01
1.728861270631655600e+01,5.745840963550939051e+01,-2.886928055683207206e-01
1.737369500081818074e+01,5.800061404348964800e+01,-2.797588078943916701e-01
1.740245613353448562e+01,5.853103066640296248e+01,-3.145659471583812650e-01
1.742215993312635192e+01,5.907246772233493459e+01,-3.196879557459181287e-01
1.736496167738079066e+01,5.969600324308521522e+01,-3.159527714181457059e-01
1.722630015190418007e+01,6.027054002855839343e+01,-3.708703771729485732e-01
1.711364685432082666e+01,6.083635730949293219e+01,-4.118720269752367824e-01
1.692247623312726645e+01,6.133031997236001587e+01,-3.992909272111971886e-01
1.667154419258575260e+01,6.178141653607793415e+01,-3.938893046192369352e-01
1.637793502145781588e+01,6.228764510798409049e+01,-4.444895861355624977e-01
1.601240517469073055e+01,6.263037892565525766e+01,-4.906653193909446542e-01
1.560362776912540994e+01,6.295516052835824183e+01,-4.667667006504275240e-01
1.512839072952181141e+01,6.330864383063430978e+01,-4.066607481159617565e-01
1.461222525242838444e+01,6.366122678258834355e+01,-3.984695842612581140e-01
1.418982126609642336e+01,6.401133683994345347e+01,-3.814054229627057424e-01
1.374616228291910502e+01,6.434212990849569280e+01,-3.699944403597136833e-01
1.327358242380188535e+01,6.463346081678713517e+01,-4.033428490536129507e-01
1.282349053861830868e+01,6.487178815694662148e+01,-4.335104072865403890e-01
1.225894127483713802e+01,6.510189306682072186e+01,-4.610639268431763194e-01
1.180494182919374424e+01,6.542639363095487681e+01,-4.958578298220573388e-01
1.139907031514132640e+01,6.579934821272580336e+01,-5.033496112003800205e-01
1.095393830597353535e+01,6.617417913979649313e+01,-5.267395775520066215e-01
1.061837084740644777e+01,6.655536019788644353e+01,-5.480318300893569639e-01
1.020527445245951981e+01,6.694455908706407854e+01,-5.287617450538263375e-01
9.791394864342075621e+00,6.725455112505510158e+01,-5.819435743556702345e-01
9.380405368070654504e+00,6.759556783551381898e+01,-5.917673094554769531e-01
8.882798122102974148e+00,6.791732658494261443e+01,-5.458555987692977896e-01
8.496897188452606997e+00,6.823290709579885061e+01,-4.952018437466020884e-01
8.111232509123437850e+00,6.857668486260756424e+01,-5.124467009452002841e-01
7.714763651875829353e+00,6.889770095829622676e+01,-5.654986538895256931e-01
7.337810482251453159e+00,6.928829579346745504e+01,-6.071123660779852438e-01
6.953738409410422427e+00,6.963487070178203453e+01,-6.347394240340645810e-01
6.511226836183543476e+00,6.996686521633573363e+01,-6.892750738992475812e-01
6.127122971441746557e+00,7.030786447110376969e+01,-7.211042722347650313e-01
5.731805755992945173e+00,7.061382877967575666e+01,-6.881875818011745638e-01
5.206358890097239289e+00,7.088692196462756101e+01,-6.958308906546663009e-01
4.701817892745112637e+00,7.110312657743270393e+01,-6.853488657884125868e-01
4.189177756398834163e+00,7.123068193458094299e+01,-6.156202392073489849e-01
3.658648828373251671e+00,7.130272371030171996e+01,-6.053299556052222918e-01
3.092878131768833860e+00,7.124050986576163780e+01,-6.156211203883241723e-01
2.528433902263839794e+00,7.100453366829287916e+01,-6.191752844792247634e-01
2.076175291293819836e+00,7.068405513560452391e+01,-6.394176931433602773e-01
1.785992186268710702e+00,7.023732090748866597e+01,-6.095292904880996732e-01
1.649075322394710330e+00,6.966221140857287253e+01,-5.494615000202280886e-01
1.460234372649484413e+00,6.918773544041773960e+01,-5.280223266659135328e-01
1.341095847157762977e+00,6.868113688323430210e+01,-4.919779336266936198e-01
1.156619831327555303e+00,6.819682103734560030e+01,-4.281299564716957717e-01
8.997585922606514686e-01,6.773730238363191347e+01,-3.808260937165882654e-01
7.015864830619136239e-01,6.727011047438161029e+01,-4.034108900358068239e-01
3.841245357403819116e-01,6.675829488164195880e+01,-3.913287871480133351e-01
1.477854919493561681e-01,6.630404264019182392e+01,-3.605803968156962580e-01
-2.613973254222115572e-02,6.576917462232253797e+01,-3.376827340735650829e-01
-2.423306864854189446e-01,6.530024862213822701e+01,-3.474134272960629488e-01
-4.270996798030191055e-01,6.479985258646036073e+01,-3.377226943756770905e-01
-6.152075018848175425e-01,6.432551840959577305e+01,-2.961823373717042962e-01
-8.869279220417219944e-01,6.385167066326632579e+01,-2.929122348911560314e-01
-1.077841941710524054e+00,6.331530840213743971e+01,-3.057799440779402356e-01
-1.218350100511551570e+00,6.282385102576759550e+01,-2.507973676754553516e-01
-1.433967789008397720e+00,6.234583638442877884e+01,-2.267458995975923930e-01
-1.607059526107966541e+00,6.187026259618587432e+01,-2.453545207807674711e-01
-1.841612896249909870e+00,6.139631658093428968e+01,-2.198789878439696421e-01
-2.106942641992426424e+00,6.092971072761470452e+01,-1.761078097139131826e-01
-2.273405256480014458e+00,6.045703980245563969e+01,-2.074669757901319023e-01
-2.473661123660345407e+00,5.995600436432712854e+01,-1.618023356184931094e-01
-2.653949394546333274e+00,5.947244705172580126e+01,-1.066361089070008428e-01
-2.780812656851613607e+00,5.895261897990985034e+01,-1.200213822372162009e-01
-3.027276481852730239e+00,5.845768339662232904e+01,-9.203169460485882691e-02
-3.252098293698096221e+00,5.798549086847702938e+01,-4.898759425258831374e-02
-3.409687358995367568e+00,5.749239780407535960e+01,-4.446906384854728417e-02
-3.653468313250440858e+00,5.705131893932619391e+01,-5.389479781384496487e-02
-3.892116247163335263e+00,5.649324654826460801e+01,-5.350996176805509347e-02
-4.073599108432028437e+00,5.599829525892385362e+01,-2.890631930223983709e-02
-4.320842575352245696e+00,5.545193879282806648e+01,-4.924401988822806053e-02
-4.463109532824390158e+00,5.496886969468216222e+01,-8.203152126629359442e-02
-4.713661824193129846e+00,5.446479901842598537e+01,-5.438301065320407662e-02
-4.983503229525490852e+00,5.393373822056502576e+01,-7.565354675912940030e-02
-5.169799740573318481e+00,5.345645177025013339e+01,-3.769189154642709622e-02
-5.430532616138080471e+00,5.296665503395586683e+01,-2.890125577103897989e-02
-5.639032517883912021e+00,5.243977165987773503e+01,-4.670136535835959363e-02
-5.899493212549900889e+00,5.193332072431119428e+01,-1.060098758468317609e-02
-6.144036750396263180e+00,5.144704558782110126e+01,1.338748615729980565e-02
-6.264800376489422007e+00,5.093441543453471354e+01,-6.272218137366565582e-02
-6.427852876128041792e+00,5.040777994971143272e+01,-6.735277664105050743e-02
-6.605752190830225246e+00,4.988952893794586174e+01,4.312681613868010744e-02
-6.769496749425312210e+00,4.936738006724354477e+01,1.078940895288489077e-01
-7.025803745254311394e+00,4.892576529636099281e+01,1.045008925297368219e-01
-7.253028162667406242e+00,4.846367963609843343e+01,1.361479430271283486e-01
-7.411736281905733748e+00,4.798520188078515503e+01,1.424318493479132808e-01
-7.703846237116208862e+00,4.744141280616446466e+01,1.651704819892642340e-01
-7.884158283095968223e+00,4.695045792279309893e+01,1.686779580062113260e-01
-8.023737228307279423e+00,4.643772527947150053e+01,1.601840467744455043e-01
-8.219672050205948821e+00,4.592602492785190549e+01,1.671763753687408871e-01
-8.413536605051458395e+00,4.542479662635321347e+01,1.733021576426242438e-01
-8.680478722352662047e+00,4.492951624301698388e+01,1.879201529776117485e-01
-8.973098047247331621e+00,4.447842889868640270e+01,2.047959944396173515e-01
-9.136683190467760340e+00,4.394882600586836219e+01,1.531412513846087398e-01
-9.317319733249101787e+00,4.339630412030535922e+01,1.519630986189776656e-01
-9.493961495976241949e+00,4.293768379786191502e+01,2.461445572972816298e-01
-9.660746480493454413e+00,4.246323394691448527e+01,3.329769613750485635e-01
-9.919851765335492289e+00,4.195697606639338062e+01,3.405467239009899449e-01
-1.005996550580838722e+01,4.139132358914952192e+01,1.762755304762015363e-01
-1.027087201666329186e+01,4.083585477754698445e+01,3.184463714321822403e-02
-1.048723568385455351e+01,4.034056288388206468e+01,2.008742393429469378e-02
-1.067846158882568908e+01,3.983960986607680610e+01,2.062860907865841226e-02
-1.085370030584239309e+01,3.935428569656598796e+01,1.186447436477351958e-01
-1.099325882856681069e+01,3.888948308850756064e+01,2.452278821750895066e-01
-1.106499009125868049e+01,3.827186666198072373e+01,3.148946842895394838e-01
-1.124687100641500415e+01,3.779991443316306743e+01,3.098474247295809336e-01
-1.144580754299445857e+01,3.733814631198014666e+01,3.693928551710147223e-01
-1.159600052715432383e+01,3.681670553265329460e+01,3.943002742316295550e-01
-1.177153192785050351e+01,3.633202267656172069e+01,4.130206094273153883e-01
-1.204564074848580901e+01,3.585663408047768996e+01,4.208667567995651448e-01
-1.248766516648325542e+01,3.555390895905770066e+01,4.093719458674994760e-01
-1.296918949592673442e+01,3.525048933918594685e+01,3.893220760370065814e-01
-1.335270252468870389e+01,3.479408434117737414e+01,3.730548898913053080e-01
-1.376715029649004940e+01,3.449514749861938157e+01,3.204803410799408891e-01
-1.420577864290734027e+01,3.412412948853240380e+01,3.231637630487783075e-01
-1.450395782018888369e+01,3.371144937218564053e+01,3.104073786590593742e-01
-1.482338498158947537e+01,3.320282080408559011e+01,3.063465714569008069e-01
-1.499470883934055543e+01,3.264692678407185866e+01,3.059784126264067372e-01
-1.507560351224369555e+01,3.212412552557420042e+01,3.674913926244519624e-01
-1.521272373695371982e+01,3.161181557809090137e+01,3.243786276299614468e-01
-1.534798070915542212e+01,3.108000385217160044e+01,3.226983803349113278e-01
-1.541301369174766478e+01,3.052788651666155673e+01,3.174402611357289294e-01
-1.545669398708582953e+01,3.002727469186652343e+01,2.934626761976679710e-01
-1.547674350212511385e+01,2.946288897017213770e+01,2.242606670186873541e-01
-1.555743298368165028e+01,2.894946922732183126e+01,1.913849380554847324e-01
-1.560270353975800361e+01,2.839583313521355024e+01,2.754360650707705083e-01
-1.553972610703535295e+01,2.784555621134609993e+01,3.302436424343653809e-01
-1.569521891811264602e+01,2.731391893469666599e+01,3.541063089845028489e-01
-1.590657527044966635e+01,2.684049052475172203e+01,3.399102718504675713e-01
-1.622205153564544133e+01,2.636267600943857303e+01,2.799812038031732064e-01
-1.642159817304425573e+01,2.583914239355909714e+01,2.300108196558738327e-01
-1.647286615336714632e+01,2.524592139499900512e+01,1.916413062328256312e-01
-1.644745384361663554e+01,2.471288477213143508e+01,2.518937960514454066e-01
-1.632183192832661689e+01,2.418733388393323480e+01,2.803076884948215164e-01
-1.625449716769116293e+01,2.365943440292047484e+01,2.767883882570221221e-01
-1.616441793162464791e+01,2.309715276926731420e+01,3.045243788121664852e-01
-1.597506070604781847e+01,2.253974141621126748e+01,3.376658929601331627e-01
-1.582816565907755546e+01,2.201757850950912854e+01,3.279699034461921459e-01
-1.566091404853510483e+01,2.150104382658656732e+01,3.454155338243195539e-01
-1.550756780848291250e+01,2.101553174091550247e+01,3.718803798433742980e-01
-1.531820620370117503e+01,2.055008645668932843e+01,3.645962068800517319e-01
-1.495408584071516600e+01,2.010442589319624673e+01,3.890953339043157766e-01
-1.457323177066504627e+01,1.964815798870887420e+01,4.191179295785605885e-01
-1.421845388300253177e+01,1.924121212080279619e+01,4.582584778802399894e-01
-1.385075356853025852e+01,1.884970870244310603e+01,4.611340880176010293e-01
-1.352101815519787209e+01,1.842059112259265419e+01,3.809145301051911625e-01
-1.309130156569881542e+01,1.806793448719782447e+01,3.239061135701815086e-01
-1.262879619730149194e+01,1.774612630162003057e+01,3.825048668268630214e-01
-1.219792764359811521e+01,1.742363420587845368e+01,4.579319308993268223e-01
-1.163313459611230982e+01,1.718872361910905511e+01,3.736990773640470609e-01
-1.112017363190845920e+01,1.696751890861554912e+01,2.204290905797634537e-01
-1.054481438336254939e+01,1.681687437743748603e+01,1.574202796630614909e-01
-9.997131609548981501e+00,1.662163210919397827e+01,2.562956880391203951e-01
-9.457648549291048923e+00,1.651930727065566273e+01,4.171984334139139938e-01
-8.877506998801832694e+00,1.652351814322439338e+01,5.226620398627108699e-01
-8.310841179476970098e+00,1.649274915327935886e+01,5.695547848860752493e-01
-7.798950821547053103e+00,1.653754877833903691e+01,5.727238023261254085e-01
-7.296324038412228319e+00,1.651413265409465936e+01,6.086386168838967548e-01
-6.768751069897281702e+00,1.639886721804262848e+01,6.817725290096788848e-01
-6.273285141349395744e+00,1.633315870404331704e+01,7.017654881991588489e-01
-5.671148665541536182e+00,1.618443731415663223e+01,7.185969961989806531e-01
-5.169491482424941609e+00,1.604621018365454788e+01,7.076682430773857391e-01
-4.669289387764959720e+00,1.605310576832504665e+01,6.750950830042347084e-01
-4.082491055067185570e+00,1.601309777612377871e+01,6.822537593322003380e-01
-3.528090694877791478e+00,1.599894156789432564e+01,7.157250973535466132e-01
-2.988964812211553301e+00,1.599210385177525673e+01,7.528107944997288747e-01
-8.868055526743664485e-01,7.557571686924145382e+00,8.279412018992973188e-01
-2.250569165727136944e+00,3.911078271200524092e+00,8.000282116397290366e-01
-2.317358762515195014e+00,3.374519830518929009e+00,8.191594377923080428e-01
-2.385436709754593654e+00,2.877504692771910566e+00,8.460857233933418708e-01
-2.389904282817951753e+00,2.268026443759591615e+00,8.345313190900576217e-01
-2.406034771146130069e+00,1.703580960692848478e+00,8.230972939761839191e-01
-2.372528523534811473e+00,1.147212572648125928e+00,8.180911131671119163e-01
