-5.425574296660419515e-02,-4.949412693040676492e-02,1.874513623847783375e-02
-4.743998992360199951e-01,-3.175970531826007304e-01,7.098707957361083398e-02
-6.602523021754427290e-01,8.867636827151378909e-02,3.569035549848746935e-01
-8.103797165991899476e-01,4.580887775040888288e-01,7.062549222216770728e-01
-1.035398964134741862e+00,9.198466660436993569e-01,7.065938998505502111e-01
-1.225412408022338973e+00,1.395456551256971434e+00,7.842035813188507065e-01
-1.399712275197864120e+00,1.890397858772248973e+00,7.983583580941179259e-01
-1.496341730067633380e+00,2.385548599825296545e+00,8.318744135521096705e-01
-1.639668666230784666e+00,2.865264822549329349e+00,8.210111292366134572e-01
-1.741851214022133609e+00,3.374214531795922234e+00,8.396137994308662256e-01
-1.808119789558392476e+00,3.908878695319349728e+00,8.847359537853478617e-01
-1.889823637099597331e+00,4.424714736268196447e+00,8.934726461603303971e-01
-1.836815182271463121e+00,4.998802733325335979e+00,8.718187623042955581e-01
-1.747887656570939585e+00,5.589699955224194383e+00,8.806835989070211923e-01
-1.629021362667672612e+00,6.082857564001988848e+00,9.327510447020879170e-01
-1.447694999405297889e+00,6.600567297778303200e+00,9.674205592101351447e-01
-1.343957128398059364e+00,7.100355345069237600e+00,9.412438493542801821e-01
-1.167115757702929857e+00,7.707929880624333485e+00,9.119695631661969282e-01
-9.792204822711595424e-01,8.193189709262046705e+00,9.161039150502084949e-01
-8.146306868117763056e-01,8.690984769557656975e+00,8.855116513882204110e-01
-6.154302304744887486e-01,9.205352447603123878e+00,8.889912620080997474e-01
-5.676219446687359449e-01,9.702911260471735133e+00,9.083548890328474457e-01
-5.611797285579324113e-01,1.021255168047320261e+01,9.976898963947565813e-01
-4.767398082522708025e-01,1.070625772197899295e+01,1.061211180732812398e+00
-3.935788983039576472e-01,1.120617032969449767e+01,1.077532566580472917e+00
-2.770956439246856085e-01,1.170667345272529225e+01,1.094415191445729185e+00
-1.595085018891332362e-01,1.221901008218692120e+01,1.014064594448310208e+00
-5.882330748579606139e-02,1.270583120458839410e+01,9.221991171901814388e-01
1.267594150439393941e-01,1.322840612560832518e+01,8.836141962590555732e-01
2.553270939321215516e-01,1.372223705884166911e+01,8.374610841449935394e-01
2.725301727625804582e-01,1.423620489822898882e+01,7.395252141245240995e-01
1.912471079550447373e-01,1.473198451583913737e+01,6.775883735779666406e-01
-6.635213915015900077e-02,1.518505471736520107e+01,6.812411708223091722e-01
-5.426999888553106777e-01,1.543139774526019004e+01,6.832854407476833813e-01
-1.019973081136755777e+00,1.559800395977213228e+01,6.819191004911580034e-01
-1.524781328185308427e+00,1.561279611437883119e+01,6.875132332733275842e-01
-2.054659903403252219e+00,1.565251640003013023e+01,7.193646626752194795e-01
-2.613238919144598160e+00,1.566287728232734722e+01,7.880600384987522800e-01
-3.141548517332419799e+00,1.563914116862555304e+01,8.235519215821697214e-01
-3.746090337944085746e+00,1.570275865318228981e+01,8.643165829778138853e-01
-4.296034735385513059e+00,1.577067487770731624e+01,8.960232613700357396e-01
-4.866466917240943602e+00,1.583646321900128662e+01,8.695674221283274941e-01
-5.388281080368046538e+00,1.602994284409733794e+01,7.826743885783500332e-01
-5.976379449315325942e+00,1.614957979733474502e+01,7.764309089581374890e-01
-6.508798263383419602e+00,1.619936325166542090e+01,7.629609666344280283e-01
-7.128032336018455872e+00,1.620965712387696200e+01,6.529294100693894265e-01
-7.705103548062473884e+00,1.620424723422041779e+01,6.077039923440838987e-01
-8.240339216496755270e+00,1.622665291320620895e+01,5.940552532719294287e-01
-8.854135231400777073e+00,1.622531696534359469e+01,6.865213124397634425e-01
-9.369399937582894466e+00,1.626968996423637748e+01,6.799316299092558191e-01
-9.830770817961008490e+00,1.645996133825396868e+01,6.131269737731079861e-01
-1.033380341979505523e+01,1.663902178763052575e+01,5.927687347732346623e-01
-1.087089040525752637e+01,1.689026365333002389e+01,6.575893589273164030e-01
-1.133197988297404457e+01,1.713908542395073908e+01,7.676916788754144516e-01
-1.181319387932816412e+01,1.734815133165720624e+01,7.510062499313882034e-01
-1.229951974225497402e+01,1.763960493460511358e+01,6.707774683020756301e-01
-1.274914503475543626e+01,1.787350311639542255e+01,6.271670110744056448e-01
-1.314842745765910159e+01,1.819539260477219500e+01,6.532770147553633722e-01
-1.357128676579737991e+01,1.846364014814449916e+01,6.943526405028863646e-01
-1.405903069655852633e+01,1.857635068251135380e+01,6.483001362169540371e-01
-1.452362139381134121e+01,1.880123072570898657e+01,6.442540070170394984e-01
-1.505804316643622975e+01,1.909228008367929519e+01,6.387509970603160170e-01
-1.558171158579880888e+01,1.938983024584215187e+01,6.255506631672814732e-01
-1.589927539460209793e+01,1.979203259613112209e+01,6.122745462841446829e-01
-1.617877696444435642e+01,2.027516746337807163e+01,6.637408722033042441e-01
-1.644996207656384968e+01,2.072512890937006702e+01,6.499669854484408926e-01
-1.667724681812789811e+01,2.117727497336395359e+01,6.117957249149698074e-01
-1.694681745239023130e+01,2.165837877041158777e+01,6.354025673527343709e-01
-1.714918377407733985e+01,2.213346611329027525e+01,6.066044728678898768e-01
-1.726329451790104841e+01,2.272026632469373908e+01,5.749536680959469459e-01
-1.739786741350838284e+01,2.323071464415899001e+01,5.464974348119938652e-01
-1.747531582711398102e+01,2.373133008486286144e+01,5.870381100287933585e-01
-1.756497436602634821e+01,2.428336223311044151e+01,5.934420989719387807e-01
-1.758856748030091666e+01,2.481202097072870316e+01,5.604826439684460482e-01
-1.742717820223566605e+01,2.538489387880525072e+01,5.504466849810454310e-01
-1.733223897841489958e+01,2.594370667444343681e+01,5.573553422859351958e-01
-1.715724507140658162e+01,2.645058170915180540e+01,6.039996782273212572e-01
-1.691920347371534206e+01,2.691239651209399852e+01,5.452833988356126094e-01
-1.658971228535827436e+01,2.737877279474895431e+01,4.654027309306523752e-01
-1.616942724327624603e+01,2.775044835739758042e+01,3.985901001337474603e-01
-1.600262265708198584e+01,2.825536963541815183e+01,3.260091710313252067e-01
-1.588704124373565207e+01,2.877978988498084689e+01,2.968686182973168108e-01
-1.578043200285219250e+01,2.926440624600955687e+01,4.070021246490068134e-01
-1.573873719290877204e+01,2.981878429209948678e+01,4.781334999819390474e-01
-1.554525153888774724e+01,3.027691437356774173e+01,5.745203438086476933e-01
-1.530562966646719403e+01,3.072900363505382870e+01,5.793006177184104599e-01
-1.510289169475180415e+01,3.119880246528558132e+01,5.654892408090176348e-01
-1.483510607735468767e+01,3.162680770666204566e+01,5.345370056077283216e-01
-1.461015940452211481e+01,3.210461191128977276e+01,5.667301803239994662e-01
-1.439435786337955747e+01,3.257725534290982949e+01,5.615926864120294182e-01
-1.411838364795590195e+01,3.300728883006655678e+01,4.915325925313288047e-01
-1.386202056367137025e+01,3.356474230788362689e+01,4.191092296912775073e-01
-1.353242674256242850e+01,3.404796821705249243e+01,3.683892084024973923e-01
-1.321669485799341892e+01,3.459220311214590993e+01,3.130572033887049077e-01
-1.303954342786180653e+01,3.507494252048860517e+01,3.472667791724911579e-01
-1.290767640452174625e+01,3.557412069845360492e+01,3.694449957969742071e-01
-1.292128244456623243e+01,3.611496705055258616e+01,3.977066219336578556e-01
-1.291634112497172104e+01,3.668830663302320971e+01,5.231916528272212430e-01
-1.277305844987735917e+01,3.720581205458044849e+01,6.197505656029356214e-01
-1.266138147418792137e+01,3.773281115445316658e+01,6.416739770373617313e-01
-1.246204987883507265e+01,3.822831192379286591e+01,6.682628094243875383e-01
-1.221216005844024721e+01,3.866293374296096630e+01,6.830600650086902093e-01
-1.196244336388838647e+01,3.911647775084064449e+01,6.532072461456862600e-01
-1.156980539116932682e+01,3.947649001763447529e+01,6.077726554656249780e-01
-1.128520041579080058e+01,3.999522258793227536e+01,5.577141552490916254e-01
-1.107006150489387508e+01,4.048808119065088817e+01,5.274218139312715214e-01
-1.081259490590834993e+01,4.097372051747617405e+01,4.517644015672401259e-01
-1.058223618089035512e+01,4.150894398579492162e+01,3.957399102022071680e-01
-1.027579811716327640e+01,4.205508208963576777e+01,3.428351521990019024e-01
-1.009861725473262695e+01,4.263946355825333967e+01,2.726784484975106615e-01
-9.954951034921220909e+00,4.325611763653476061e+01,2.694300150405994909e-01
-9.887610596725163958e+00,4.375254435422022681e+01,3.131749077946190951e-01
-9.929685370033070058e+00,4.427595891269490380e+01,2.975344434901371904e-01
-9.876363205713266424e+00,4.479291298434903723e+01,3.093405744726680506e-01
-9.756134134619552256e+00,4.527648695018345393e+01,3.833759274157955699e-01
-9.568269401811708263e+00,4.578998220641605599e+01,4.140477463988392892e-01
-9.280437845041777933e+00,4.623194524733099797e+01,3.926122129413507356e-01
-9.074720589076907373e+00,4.668874496305078736e+01,3.843115859282136837e-01
-8.849253306167783606e+00,4.715299120338826810e+01,4.650163858808268880e-01
-8.625532999431488435e+00,4.763196175552112521e+01,4.509122111454368365e-01
-8.549283934395385032e+00,4.815037303262815982e+01,4.410542550590269006e-01
-8.363852715510393665e+00,4.860899860769954017e+01,5.206554979200661570e-01
-8.129184123009734364e+00,4.911248855986693940e+01,5.023598680177395748e-01
-7.956565574405571439e+00,4.962404106935976955e+01,3.620327273793894074e-01
-7.668608179779005773e+00,5.006557855037405602e+01,2.295264008126927102e-01
-7.364986451855277672e+00,5.050469346243839652e+01,1.382858410223724854e-01
-7.210185634509787000e+00,5.101483242183796563e+01,3.664188964241411189e-02
-7.040269495984357917e+00,5.154361179423169403e+01,-6.345553382504771911e-02
-6.904877720383658435e+00,5.203756453011052230e+01,-6.106607685178140621e-02
-6.802093383086571521e+00,5.261475154276067201e+01,-8.560559569033843186e-02
-6.566549930830020365e+00,5.314321090475621645e+01,-9.452487247527813219e-02
-6.385404202020176889e+00,5.364123816007759160e+01,-5.396424387785014182e-02
-6.222599855633291099e+00,5.411973151006858984e+01,4.367113689599785853e-02
-6.020119158139222826e+00,5.459377637605061295e+01,3.824078846744494165e-02
-5.864532052489807690e+00,5.507061125974064453e+01,1.738382396319404846e-02
-5.594367790677391206e+00,5.561131132608323924e+01,4.691929970151542673e-02
-5.315190494280382261e+00,5.610351806080474546e+01,7.794886658394988010e-02
-5.193845455158585089e+00,5.660035759423965374e+01,6.466501152955655973e-02
-5.065222058725366239e+00,5.708797774336773045e+01,3.493694108462296749e-02
-4.911232112735767430e+00,5.758337605025854344e+01,-2.564349778116863793e-02
-4.789786005999618013e+00,5.812195413295783197e+01,-4.887593883020831254e-02
-4.577496006720349619e+00,5.857512868446013243e+01,8.798801640575594496e-03
-4.346619943926182117e+00,5.910359399133093206e+01,4.137046375814364130e-03
-4.142173914627043985e+00,5.961487978998122372e+01,2.318214639409718614e-03
-3.928563092276855517e+00,6.007507256119433947e+01,3.059420850896617944e-02
-3.796122956483070965e+00,6.056576595293822152e+01,-9.102751031375401480e-03
-3.538509814295062839e+00,6.108465326622970792e+01,-4.780298484520817404e-02
-3.289204610359714120e+00,6.152696903695212427e+01,-1.381549613739485594e-02
-3.113855301186405189e+00,6.202941239165080844e+01,-1.013200400533065954e-02
-2.877523936199312793e+00,6.249454390707067830e+01,1.767194129288517448e-02
-2.626147677770369615e+00,6.306333841863209955e+01,4.006274026693526502e-02
-2.396739844885754867e+00,6.351686102215938234e+01,-6.981254465756488170e-03
-2.030158365757759764e+00,6.388189327961402597e+01,-1.953178657537033569e-01
-1.761086135229674055e+00,6.440699024918284010e+01,-4.086424526305490468e-01
-1.532366517222803814e+00,6.487935673702966710e+01,-4.216564897304939108e-01
-1.376522355743833081e+00,6.538634795626279583e+01,-3.857185439067474242e-01
-1.408821726860923995e+00,6.588738081039406325e+01,-3.283971336881252867e-01
-1.319028850526531071e+00,6.638888183370214335e+01,-2.872929534493909309e-01
-1.158505731833345820e+00,6.693229272868728685e+01,-3.028250908383402495e-01
-9.857559529040953450e-01,6.745855160103810988e+01,-2.610290151304299755e-01
-7.348544346155454488e-01,6.788810347780275833e+01,-1.986481080091814788e-01
-4.999287630114990222e-01,6.834901525413185652e+01,-1.932169700076226682e-01
-2.441645861236945714e-01,6.887057468259169468e+01,-1.365121490296418438e-01
-1.319113024387393029e-01,6.938367908196508438e+01,-9.791548378088428539e-02
2.154553657953389711e-02,6.987574257070060924e+01,-1.062545894675673841e-01
3.968242619453935527e-01,7.027119606867928781e+01,-1.356017598844682370e-01
7.630080862986505785e-01,7.062538257135122421e+01,-1.515283992664867574e-01
1.134665505180477929e+00,7.097115710020734980e+01,-1.253038247546133244e-01
1.574737758995535142e+00,7.115562247515624961e+01,-3.656942102896565405e-01
2.080424700287629047e+00,7.108705399289182481e+01,-3.204916480074576079e-01
2.614441200436686596e+00,7.074621853427646556e+01,-3.496502264471498811e-01
3.087956809026106697e+00,7.051352672077477735e+01,-3.248166811279281641e-01
3.455329904507993710e+00,7.016275567780820666e+01,-2.643761871949090736e-01
3.888587029360775826e+00,6.974894811164308805e+01,-1.856504610479943751e-01
4.348960446579557271e+00,6.950823667804206707e+01,-2.236546340509367459e-01
4.730070109642449339e+00,6.916533162983886029e+01,-2.508377342997676340e-01
5.108210437096140311e+00,6.867493598585672032e+01,-2.395145739333151003e-01
5.551448205996029728e+00,6.829158793487511048e+01,-2.595416307884134133e-01
6.023528102443815868e+00,6.794243895688694579e+01,-2.604626513655093345e-01
6.491121089489238827e+00,6.766808537478431163e+01,-3.085926323210542166e-01
7.067724228144212972e+00,6.752600733649475728e+01,-3.711306592814958005e-01
7.585833443803239540e+00,6.738934594843743753e+01,-3.508138915539185665e-01
8.107615882878775437e+00,6.725523078733812099e+01,-2.860809867741446744e-01
8.613760056872314053e+00,6.701748409315652566e+01,-2.261104629028040658e-01
9.005360480268628010e+00,6.665365856449459159e+01,-1.813237497906990681e-01
9.427444941338096740e+00,6.635294212805166580e+01,-1.725411249043584394e-01
9.808889467725924405e+00,6.602862205683337038e+01,-9.664934228067453836e-02
1.024436591313959077e+01,6.566480173371836315e+01,-1.126516933125585596e-01
1.078370122165709866e+01,6.545501355793633991e+01,-1.882685711927570560e-01
1.129894667559470811e+01,6.523315553488329499e+01,-1.608105681915045215e-01
1.179693413396206658e+01,6.499512509749447986e+01,-9.424217016197800056e-02
1.233263473708563929e+01,6.477750549695798554e+01,-9.900744880804623893e-02
1.277915787593765096e+01,6.447982572412148272e+01,-7.593730286050467959e-02
1.320598525313813099e+01,6.415472037125199734e+01,-1.659748786378116570e-02
1.369060148852596015e+01,6.385061021477692123e+01,-1.278831678442940434e-02
1.405401440729821161e+01,6.347218931788533780e+01,-2.470456582895788622e-02
1.439945341587804073e+01,6.306676768028751923e+01,-2.940834927967913431e-02
1.473997965622104189e+01,6.258196230817829786e+01,-1.396599115049466933e-02
1.496132328301699665e+01,6.205864759189677926e+01,-6.074828500104711287e-02
1.529560278279699759e+01,6.155876884390807646e+01,-8.400138561699838080e-02
1.551123444255398098e+01,6.109590097972071021e+01,-3.464891193599124730e-02
1.558674447014091236e+01,6.059772746715516689e+01,-2.690629834858490610e-02
1.570853386465373625e+01,6.008794858367396330e+01,3.686539885308357661e-02
1.581844791022362351e+01,5.959058252885023421e+01,6.774299493961906393e-02
1.577334936020628575e+01,5.905446203871042599e+01,-3.582581803654026620e-03
1.560457364803245639e+01,5.854535252931461997e+01,-8.058495561384458605e-02
1.537102718710019289e+01,5.801048801922404152e+01,-1.413855446952855255e-01
1.515209532015010829e+01,5.752806439080930545e+01,-2.152411024952155527e-01
1.515411537337121395e+01,5.700601842163203514e+01,-2.095509765313914863e-01
1.533235543207657514e+01,5.652287360106666370e+01,-1.493353056964374093e-01
1.551204140920282981e+01,5.604402394517729391e+01,-1.143560259706425664e-01
1.574752397399152670e+01,5.556253937090647099e+01,-3.354662565113704364e-02
1.604188444044061157e+01,5.507317393877027456e+01,4.064649364346348270e-03
1.625588158457318144e+01,5.452898859761426564e+01,5.640573705025619944e-02
1.634791686141421607e+01,5.402443226016821143e+01,1.810091500207482718e-01
1.638438296800983451e+01,5.344437216349735564e+01,2.752367248611258255e-01
1.633676089171587620e+01,5.292774514195671287e+01,3.163873038910133273e-01
1.631302636275458440e+01,5.237422534013541764e+01,3.465564527711721965e-01
1.626392759089270612e+01,5.182076865720574688e+01,4.116333326842764317e-01
1.611430568810253661e+01,5.131303117538040937e+01,3.945105360529441718e-01
1.599120128987861733e+01,5.076231471989415667e+01,2.918810876502846430e-01
1.586866766191769251e+01,5.024356608440027117e+01,2.462431876442636169e-01
1.571023353987053461e+01,4.969691745106745628e+01,1.776699356751903769e-01
1.571810276519007132e+01,4.916139419611534578e+01,1.236290316984636761e-01
1.571352089987181522e+01,4.859190202217781973e+01,1.066138549558822840e-01
1.568351147516839461e+01,4.808658709163497491e+01,1.899351847155387463e-01
1.577857432325008880e+01,4.759557738235740487e+01,2.335552610872832502e-01
1.591939053789818992e+01,4.711128226689955767e+01,2.821558665483399064e-01
1.605949654866414633e+01,4.662528789424850117e+01,3.651091803017954551e-01
1.627607177727858101e+01,4.616304690933331756e+01,3.420297441859440624e-01
1.645239494082775167e+01,4.568159528759618127e+01,3.819484510018045231e-01
1.650589495150810038e+01,4.513513582514394074e+01,4.494386491704316366e-01
1.644777090807354014e+01,4.459897994687587897e+01,4.502226076353643691e-01
1.624964449788882703e+01,4.411179933927773789e+01,3.959891129593194892e-01
1.595346978634298374e+01,4.369554294034742270e+01,3.406581809760918511e-01
1.557197951150758186e+01,4.336690134584842582e+01,2.165999732301919778e-01
1.538856738546878944e+01,4.280178009139552842e+01,2.510349323729961779e-01
1.531655704902141757e+01,4.227262102332490912e+01,2.361116684367265128e-01
1.519961482980741785e+01,4.172637879582514842e+01,3.080696929700749154e-01
1.516149356909037849e+01,4.117836564575797098e+01,2.775776088535824582e-01
1.514843538293334824e+01,4.066999276769006144e+01,3.102362913593135763e-01
1.509747928821232676e+01,4.008143068647390095e+01,3.051320957883240648e-01
1.504653863259224345e+01,3.951177032303489511e+01,3.362225089998620020e-01
1.494427864344746837e+01,3.893681781328083957e+01,4.646296716583382391e-01
1.476991193133779845e+01,3.841891301093409083e+01,5.741505785194046529e-01
1.461790817644343221e+01,3.790202618639246879e+01,6.436841603278489199e-01
1.437947309592106038e+01,3.741502076654864339e+01,7.638181622332173015e-01
1.409535796827799459e+01,3.698670111231548674e+01,7.741463623122700755e-01
1.387287707967703554e+01,3.646695402029733657e+01,5.982672780367269683e-01
1.349096971041470816e+01,3.584930470623108079e+01,3.735306467364011285e-01
1.321235457286786286e+01,3.541673715718848570e+01,2.648796061975252636e-01
1.293870997902779507e+01,3.486854267819661857e+01,2.022920535122243457e-01
1.263947686362199363e+01,3.433927771263048356e+01,2.214790262948191646e-01
1.251336609839895431e+01,3.382594221578098370e+01,2.525330929033711147e-01
1.238464932526444073e+01,3.333829056317676276e+01,3.400104459463376694e-01
1.209752500644802709e+01,3.282672856161197217e+01,3.535082265685414726e-01
1.180724512495586254e+01,3.240549911602763444e+01,3.661834749086440577e-01
1.146616097702503723e+01,3.204542765787792291e+01,4.369003548780256430e-01
1.112159602315732165e+01,3.166463000493314794e+01,4.910605643362198069e-01
1.090885656756217514e+01,3.121042515619067004e+01,5.230146226482118577e-01
1.057454052137485512e+01,3.077299756786731066e+01,6.076274727604008552e-01
1.014075899725245300e+01,3.047587224905768721e+01,6.902513010610116240e-01
9.819489423956895280e+00,3.008447018326979361e+01,6.699646928627656095e-01
9.467213958184268918e+00,2.972958093317606654e+01,7.124890890536892396e-01
9.018307676310286070e+00,2.946373926487739325e+01,7.234960921251299970e-01
8.590776968998635965e+00,2.914018437925921035e+01,6.531495391170610842e-01
8.127630685888828310e+00,2.883644655418734359e+01,6.628119065679687338e-01
7.743732094724617099e+00,2.849633441898357944e+01,6.990581930408472644e-01
7.443614131928145916e+00,2.803234890048520001e+01,6.802350360415737596e-01
7.144834346766843147e+00,2.762965801693270151e+01,7.194475598069285383e-01
6.771884989478218486e+00,2.728336703649233996e+01,7.667905126945908645e-01
6.413958051784728553e+00,2.688889287465926969e+01,7.351467140762252273e-01
5.982409499408095854e+00,2.655418728725037170e+01,7.223033899008839409e-01
5.576373954128819754e+00,2.622228563716662464e+01,7.973487871095171764e-01
5.241770866922979444e+00,2.579215491542204219e+01,8.512801883671108349e-01
4.806247388683289934e+00,2.539972349246110639e+01,8.672685629982171962e-01
4.420767015603685124e+00,2.505188728000638321e+01,8.737728215754551053e-01
4.001072428854043572e+00,2.464581399914208859e+01,8.907383746339996300e-01
3.553308138749036615e+00,2.433832151946901234e+01,8.244758367182029035e-01
3.083703289918807933e+00,2.396985091562429915e+01,7.215178926468359677e-01
2.624370757853743630e+00,2.357910851775606531e+01,6.465370062640189985e-01
2.209865218247761387e+00,2.330250749938644361e+01,5.508715170551152784e-01
1.805471928925223013e+00,2.293108317442410282e+01,5.077512333803987365e-01
1.372603968712448275e+00,2.254788706720511016e+01,5.899422290296318927e-01
9.429897066616744761e-01,2.229025350581264320e+01,6.425212256101130448e-01
5.499332524445365022e-01,2.193419540760538666e+01,6.608767412033295097e-01
1.064061586969131112e-01,2.151845954414679696e+01,7.212889505259721945e-01
-3.162277500034807454e-01,2.116211620636699564e+01,7.546284065531249086e-01
-7.331437222497083628e-01,2.075545712713904933e+01,6.995267061285058707e-01
-1.136198032345688835e+00,2.044592181734208225e+01,6.921470327299865666e-01
-1.561730144508657103e+00,2.010028362347049935e+01,7.247574886540804062e-01
-1.961499566710887654e+00,1.973702452172222976e+01,7.258806448079122564e-01
-2.376958685949853933e+00,1.938156813186962779e+01,7.331386323130796301e-01
-2.837013084090210135e+00,1.897685786294111665e+01,7.690125802571613489e-01
-3.252942764380073903e+00,1.839983767082426169e+01,7.428558950312429410e-01
-3.441935407467402896e+00,1.791620998840765466e+01,7.052177991044022987e-01
-3.304286619578332918e+00,1.742047249130596498e+01,6.834137697905452447e-01
-3.083789676181829975e+00,1.692842957853011754e+01,6.464171208960174386e-01
-2.691388217730374510e+00,1.649429590157723524e+01,6.630779581901597997e-01
-2.285701267154921723e+00,1.616850865893035305e+01,7.322047748447516602e-01
-2.236309192532719425e+00,3.273815640707221419e+00,6.978213235054203656e-01
-2.389196694279812849e+00,2.738706943706184838e+00,7.187126658417563041e-01
-2.402871097452880633e+00,2.216110855949975367e+00,7.839072930487437363e-01
-2.416384299870374619e+00,1.708612760446746259e+00,8.066243836483942831e-01
-2.225894843249903055e+00,1.200920882940746726e+00,8.607606729548937796e-01
-1.913976602709940522e+00,7.687509995990856604e-01,8.889584274304556111e-01
-1.611298637711230608e+00,3.202227007848397755e-01,8.775049144411057878e-01
