-9.264964707169470737e-02,-7.956800643605134449e-02,1.221422063152131227e-02
-4.623191447620366712e-01,1.871760799594744396e-01,2.528775367826570086e-01
-8.097631962544767914e-01,5.836443158186104263e-01,1.853364203336418936e-01
-1.298169310543452859e+00,8.948465562324683376e-01,1.318188695585913450e-01
-1.808325320188083118e+00,9.754010519310954974e-01,2.059082719443449672e-01
-2.324374752060629046e+00,1.107831237737367802e+00,3.089079585099488989e-01
-2.824484413926178217e+00,1.250700774395919979e+00,4.006057434903678716e-01
-3.272451170028924938e+00,1.578837301850642971e+00,4.851930738903971196e-01
-3.648267212926331382e+00,1.909714623754103169e+00,5.159361199657993557e-01
-3.950223733639512957e+00,2.392618515888087494e+00,5.065713267756675187e-01
-4.202193693235824590e+00,2.836859411592612901e+00,4.798519327788113298e-01
-4.473456161546378596e+00,3.290087744873933406e+00,4.664961742843385384e-01
-4.795063520300120175e+00,3.672759864197785884e+00,4.414465949201735739e-01
-5.106333637075479714e+00,4.068347350816925889e+00,3.504638989052314968e-01
-5.181100037265420788e+00,4.656717194216188460e+00,2.291677517983682633e-01
-5.089691105840624452e+00,5.196044816233180264e+00,7.187563400710833550e-02
-5.004732889452566447e+00,5.705926420360560414e+00,3.778791598269942709e-02
-5.024088114870155053e+00,6.301589158794618228e+00,6.681384957568832494e-02
-5.074524112450513158e+00,6.809092595780025015e+00,1.119022961332326871e-01
-4.953932183179015958e+00,7.337569214493372627e+00,1.191066644368574540e-01
-4.919900610127898588e+00,7.845163655278066805e+00,9.043297760360574644e-02
-4.991792900628102103e+00,8.364243345820730369e+00,1.135325734389146662e-01
-5.219010581813088301e+00,8.800347082126551257e+00,2.074770529374178329e-01
-5.579341142479309568e+00,9.132583021686940583e+00,3.437158423811871866e-01
-6.049127770127151749e+00,9.478752854069364631e+00,3.413939884021081617e-01
-6.508812781250877144e+00,9.678710926105100754e+00,2.660151864153473822e-01
-6.880777687220882122e+00,9.979190992618260481e+00,4.394506123973139777e-01
-7.161611390032032176e+00,1.042906246289882510e+01,7.233319643399412913e-01
-7.437198401186734920e+00,1.085202355492388193e+01,9.163246157921235424e-01
-7.623108185308230311e+00,1.139117839540745081e+01,8.375802686660416274e-01
-7.710920831228107453e+00,1.186680709541461454e+01,6.546011645460684258e-01
-7.659562818342908308e+00,1.234137259464118941e+01,4.946671206742218052e-01
-7.542354559329663921e+00,1.286305841066881861e+01,3.883149536435812066e-01
-7.362437774190199846e+00,1.337885426713176962e+01,2.440466967137772947e-01
-7.120873228556740209e+00,1.388877238367310518e+01,9.235929230936047729e-02
-7.121660183106478748e+00,1.439481979422357583e+01,-3.285102024322132663e-02
-7.407624178654538483e+00,1.488833626853805470e+01,5.337115265663797820e-02
-7.795839630493967221e+00,1.514914601203809852e+01,2.868981028164666602e-01
-8.240302706370782104e+00,1.534676320427131024e+01,4.548898243272142539e-01
-8.679103634605944251e+00,1.563039497841601211e+01,5.590065054995413396e-01
-9.088087205927564582e+00,1.598823437705687489e+01,5.598489595881094294e-01
-9.408850257358647440e+00,1.640333252196107594e+01,5.367722750279578792e-01
-9.665210977223305022e+00,1.688814509698006461e+01,4.901352101329751743e-01
-9.631812442843914468e+00,1.742992447705099934e+01,3.755625489197597089e-01
-9.490770220681673308e+00,1.796714467380373392e+01,2.836130909958441415e-01
-9.337043623653237034e+00,1.846418057639897370e+01,3.074454178050401998e-01
-9.087872478832188960e+00,1.897828812144765109e+01,3.463113668816746871e-01
-9.020927217778986318e+00,1.947190993138275772e+01,2.791372542619770525e-01
-9.047798347914271844e+00,1.997695649652606065e+01,1.969517260792434943e-01
-9.294703541903999167e+00,2.041678674324126419e+01,1.442918668184693387e-01
-9.652758427726581658e+00,2.082641359608916787e+01,1.760747796302637447e-01
-1.014619767032179176e+01,2.099594372721829671e+01,2.619572397656847462e-01
-1.059933227058979988e+01,2.121227391999375911e+01,3.827444588868283981e-01
-1.111311205158833282e+01,2.147179167768231522e+01,4.975730794579579785e-01
-1.153413802788293374e+01,2.182147109292843723e+01,5.595932507154948166e-01
-1.204143271146831751e+01,2.211345164199925861e+01,5.501297302197452055e-01
-1.250026483236570130e+01,2.238831447527335783e+01,4.891105665513543199e-01
-1.282746435528794748e+01,2.276758361688271393e+01,4.344894438960241190e-01
-1.316153531927371745e+01,2.316938611181781837e+01,4.086549494182957210e-01
-1.346901803685077859e+01,2.359001166939761163e+01,4.068884867505856429e-01
-1.387067498195747284e+01,2.397004891160306173e+01,3.932337369708962527e-01
-1.418177805818127446e+01,2.436848667925353951e+01,4.075555325982833099e-01
-1.461258336421230730e+01,2.463567303982830481e+01,4.362428539715644815e-01
-1.422867532524331224e+01,2.492504700044019117e+01,2.682252269243027287e-01
-1.373574969235172816e+01,2.504751624851792968e+01,1.694412267616802192e-01
-1.325610335218663138e+01,2.533056184776916453e+01,1.193831919781584983e-01
-1.280447404326191041e+01,2.568161217209409841e+01,1.460809721206361711e-01
-1.236895625053570491e+01,2.607151620572074435e+01,1.546817388839235863e-01
-1.193130820197221453e+01,2.640755668118285371e+01,1.285548735718687052e-01
-1.163258130117119116e+01,2.690346260791248056e+01,3.197626606657241743e-02
-1.159250795032120429e+01,2.743619903222086265e+01,6.796191971234445336e-03
-1.176023122474666849e+01,2.796989683040769492e+01,1.108236559351336858e-01
-1.201285545876457128e+01,2.847393424869563106e+01,2.011537611207857568e-01
-1.212541116694989363e+01,2.897329726788344217e+01,2.590630435034650958e-01
-1.229433578141361671e+01,2.946325504469229628e+01,3.202858204713666668e-01
-1.235264244208788753e+01,2.999224089621878164e+01,4.106401262307501909e-01
-1.244526733256313200e+01,3.051991648713595140e+01,4.324189927374781917e-01
-1.243551025590296177e+01,3.108996694986961984e+01,4.655714287961286724e-01
-1.252215726791072115e+01,3.162110880017470294e+01,5.254135955247188905e-01
-1.283830806436659167e+01,3.207183078581928015e+01,5.307974628544437357e-01
-1.307619860037785209e+01,3.251318443893011789e+01,5.133992852576827470e-01
-1.324941549679990871e+01,3.299699644532574894e+01,5.069991369272826010e-01
-1.329765560443706818e+01,3.352744509593598110e+01,4.907681983180953167e-01
-1.336267898017394273e+01,3.404892835906548498e+01,4.204301041638403569e-01
-1.345514510179077838e+01,3.459234762761688842e+01,3.387643815584122642e-01
-1.341502748007479440e+01,3.513242179133927579e+01,2.357182659870527275e-01
-1.334270904761447341e+01,3.564288159884293350e+01,1.088915289211617454e-01
-1.317936022107054406e+01,3.611383333781382277e+01,8.931294857694390549e-03
-1.305197733024963469e+01,3.671110065298234559e+01,-5.237702461412122035e-02
-1.311107160830437302e+01,3.723678663148826473e+01,-2.504133909118357385e-02
-1.329362428161453380e+01,3.774549662118877791e+01,1.139129575865531485e-01
-1.355028513920330369e+01,3.818661880929899866e+01,2.662166607127307572e-01
-1.336404549359663108e+01,3.869515073441881725e+01,3.740500704745628457e-01
-1.315833726794040714e+01,3.915845189099341184e+01,4.030397261562530531e-01
-1.297462848810243230e+01,3.964663106213978239e+01,4.150498247971681209e-01
-1.260588034568259808e+01,4.005363727979197819e+01,3.095854083069841667e-01
-1.217748187374095004e+01,4.032868716325165792e+01,2.542849635970966249e-01
-1.175572745331205660e+01,4.059972189710059354e+01,2.549156944998325902e-01
-1.138213493062451143e+01,4.098341354295659045e+01,2.316617589906121433e-01
-1.094563389399787212e+01,4.137363475321800621e+01,2.119548239935027945e-01
-1.053622415577448379e+01,4.175966405508847856e+01,2.215402993372395934e-01
-1.022999362072898499e+01,4.217143543703038944e+01,2.261326922485800417e-01
-1.095000540727664706e+01,4.205327077618311904e+01,2.534414738044216131e-01
-1.149940494992490336e+01,4.210628043127380238e+01,1.932475910104910211e-01
-1.203085383792339869e+01,4.218462032327241928e+01,1.813629386232801788e-01
-1.255570363481117546e+01,4.227787542579152813e+01,2.593906721052907094e-01
-1.306660634643607999e+01,4.247871506297185107e+01,2.784644670593363069e-01
-1.351224844272721981e+01,4.274045081534331558e+01,3.191846701651206430e-01
-1.388831623065624399e+01,4.311031429961907691e+01,3.532761313743828513e-01
-1.413013696070999536e+01,4.356021196853669863e+01,3.712847063609328591e-01
-1.424941691373308217e+01,4.411231414252994654e+01,2.888081122865577832e-01
-1.430069692493232303e+01,4.466443030061765285e+01,2.003564976206570480e-01
-1.422128812178132229e+01,4.525794806014086902e+01,1.528503350681161832e-01
-1.419982938885522827e+01,4.580302968998255153e+01,1.372187539744539886e-01
-1.433827277623651852e+01,4.637759619894082874e+01,1.465502240574748094e-01
-1.443978555513873197e+01,4.687395534547898990e+01,2.007749729598913846e-01
-1.445559554937526414e+01,4.738776417386979034e+01,1.990035360649322072e-01
-1.432639615995296367e+01,4.792746631739792207e+01,1.803436061505047372e-01
-1.424382431208812250e+01,4.848869551231332764e+01,2.220987653308464649e-01
-1.424668238256215780e+01,4.906418213730694333e+01,2.840143584748172634e-01
-1.424947127958137472e+01,4.961912246502031820e+01,3.579233068723826072e-01
-1.442126147493668853e+01,5.012860704498953623e+01,4.336119384616437533e-01
-1.471011480691389828e+01,5.063234629623557481e+01,5.547771198421421746e-01
-1.507168071997763370e+01,5.108919585787897688e+01,5.698360211398925124e-01
-1.532088633640092823e+01,5.160463942223413625e+01,5.802454961988309234e-01
-1.564911898969265636e+01,5.210367090721929628e+01,6.019481444861708441e-01
-1.592450660005860641e+01,5.259220421280433300e+01,6.242157472260559947e-01
-1.619910829317597489e+01,5.301811248904246554e+01,6.828542641532888702e-01
-1.652040831352866235e+01,5.349012689257235564e+01,7.048047989800348967e-01
-1.679760506436020506e+01,5.400277359312121916e+01,7.490414788126756873e-01
-1.710003378834258569e+01,5.449586809267318444e+01,7.139795085007473174e-01
-1.738747085805760761e+01,5.496858607864444934e+01,6.350313335469106590e-01
-1.769134734606004500e+01,5.544466363066320014e+01,6.408265623075181106e-01
-1.785164916156585235e+01,5.595361493407716580e+01,6.444000875515760729e-01
-1.809557448042790639e+01,5.639642939780875253e+01,6.571035746650389919e-01
-1.828898164054360009e+01,5.688805069765763989e+01,7.057952596514230903e-01
-1.848979460768303795e+01,5.736482948287446959e+01,7.181107334856490221e-01
-1.862312553054098174e+01,5.786671278075510116e+01,7.068900735202816588e-01
-1.860509864079812914e+01,5.841111012914795708e+01,6.733623846329255258e-01
-1.858124576887654555e+01,5.894139102152352905e+01,5.991767494835600338e-01
-1.841651008908546672e+01,5.944617543587061448e+01,5.385017129654291468e-01
-1.824850826930595460e+01,5.992095105530078314e+01,5.236021040738109145e-01
-1.811046421377560733e+01,6.048707288440358099e+01,5.272694815048464267e-01
-1.794381143417207625e+01,6.103064755178790080e+01,5.270654656555403550e-01
-1.789185972782424727e+01,6.163416602724685589e+01,4.814202829218178770e-01
-1.784263799906028325e+01,6.213770079433455606e+01,4.546858346681132423e-01
-1.787390343027817963e+01,6.267283508402287140e+01,4.909622430644610125e-01
-1.804087035718312038e+01,6.315665372877179351e+01,5.297750236648502975e-01
-1.825275980011384647e+01,6.363136474811677346e+01,5.760471919437066823e-01
-1.860650636193331664e+01,6.400858365157884577e+01,6.308202126222827166e-01
-1.896958524638375110e+01,6.443912784745205613e+01,7.136390318964775936e-01
-1.917434102582527800e+01,6.491149196823070611e+01,7.755667408414353980e-01
-1.939028333173958174e+01,6.541411491810897871e+01,7.704331333310517893e-01
-1.961568106718842941e+01,6.596570734137003456e+01,7.401747520381958267e-01
-1.999900065079421552e+01,6.644235451824079064e+01,7.552880077656671798e-01
-2.029680734833159761e+01,6.691340882213719965e+01,8.946004107195971722e-01
-2.051926669771766143e+01,6.739398564957552651e+01,9.326440237811527423e-01
-2.074227617163726478e+01,6.787222617453481632e+01,8.888197725645446967e-01
-2.080423543606779546e+01,6.836822269735544921e+01,8.716931111269436983e-01
-2.078966546155538708e+01,6.888234071956394189e+01,9.051416832742289476e-01
-2.054670868391304595e+01,6.934121793319769722e+01,9.724881646643336319e-01
-2.030503120678221052e+01,6.980057442354410568e+01,1.019151569171824478e+00
-2.015258783674425658e+01,7.031198210412506455e+01,1.068040291310446088e+00
-2.003416230074870086e+01,7.080377182618131826e+01,1.090147075307521085e+00
-2.017273394357448169e+01,7.129043556463510356e+01,1.065756977066923961e+00
-2.039129151653123628e+01,7.182384746190687963e+01,1.138556798395137015e+00
-2.069040267019096291e+01,7.227558978651754273e+01,1.261751860375911471e+00
-2.099716349128367909e+01,7.270235890283079527e+01,1.363411394551950373e+00
-2.128098449853543883e+01,7.313189069102314477e+01,1.336243111037599185e+00
-2.155167640728226530e+01,7.350837702402293417e+01,1.145795882358706663e+00
-2.175487958114673859e+01,7.394382689391575525e+01,8.981354562872466696e-01
-2.189117349152960657e+01,7.441277179670386488e+01,7.288705534189000579e-01
-2.206309698814584763e+01,7.490484973795142309e+01,6.869851269390465642e-01
-2.226692982508776453e+01,7.545718581815506809e+01,6.860934503709197330e-01
-2.245271130290531758e+01,7.594283628960418753e+01,6.933575537269569544e-01
-2.250802671507366171e+01,7.647507547018416574e+01,6.770473705661421704e-01
-2.241248965472200538e+01,7.697184669544327562e+01,6.119575956120092419e-01
-2.226341166095700075e+01,7.754024557129076811e+01,5.521944904121046660e-01
-2.209308094505787778e+01,7.806109022221107807e+01,5.434125896348362961e-01
-2.194018679786677950e+01,7.854995406540000147e+01,5.286457119518611636e-01
-2.189236549805564636e+01,7.909942477696952778e+01,4.713872967547503845e-01
-2.184714838346478416e+01,7.967774994359248808e+01,4.560926012096196414e-01
-2.189241059163034819e+01,8.023923462713051435e+01,4.654884487319516095e-01
-2.197108644086933182e+01,8.076535517318158952e+01,4.943084890170312273e-01
-2.212159393792776640e+01,8.128742332201390752e+01,5.107254221771272418e-01
-2.242252920036292352e+01,8.171312938488489408e+01,5.614063791836606532e-01
-2.278493800473468411e+01,8.212210686896571588e+01,6.561133356082877732e-01
-2.320334965795142779e+01,8.242042459865189130e+01,6.918481032727139546e-01
-2.357194467521396675e+01,8.282178187307640371e+01,6.980840251810017660e-01
-2.393899517321681003e+01,8.320032715385507061e+01,6.873572937381743353e-01
-2.433938800613881170e+01,8.357480954982612786e+01,7.116537968348781718e-01
-2.468770579758909278e+01,8.399439428616888392e+01,7.669737779603840178e-01
-2.501079241162355160e+01,8.445436909947405013e+01,8.087748025727019563e-01
-2.515970397262148950e+01,8.495601877803905211e+01,8.238878871630991307e-01
-2.531262921067759919e+01,8.543486118182535449e+01,8.238171067046483609e-01
-2.542890439232536792e+01,8.593072411199661076e+01,8.197280730859038966e-01
-2.548118248022938914e+01,8.643467450382800621e+01,8.018591931896462688e-01
-2.548236510784869679e+01,8.699817132464868052e+01,7.278192132569361039e-01
-2.533842918642684694e+01,8.750732416490360777e+01,6.481169326614486526e-01
-2.530423747948074364e+01,8.804215512739878591e+01,5.634276192498588465e-01
-2.529454989382036345e+01,8.855547271817857791e+01,5.010516941032487903e-01
-2.529638119445574773e+01,8.905965831051824466e+01,4.934923833980557895e-01
-2.538238361129467080e+01,8.958772351790692312e+01,4.689892602232109131e-01
-2.552965775959923178e+01,9.012589885316411653e+01,5.148706431905043512e-01
-2.584921127106053262e+01,9.055375587763111866e+01,5.763681367855425508e-01
-2.621210789546095654e+01,9.091947826217479189e+01,6.357540599386461988e-01
-2.662692448938271639e+01,9.124847079059281896e+01,6.876353013629784572e-01
-2.704429714286599307e+01,9.162348754704137832e+01,6.813597534115544141e-01
-2.735824888846046576e+01,9.201608246546729220e+01,6.610316099224851083e-01
-2.770474164618503465e+01,9.243697916716406837e+01,6.335707043138231187e-01
-2.797672341660643625e+01,9.289735055723350854e+01,5.897868093582570026e-01
-2.822663046437471124e+01,9.338154232849329617e+01,5.921737243776613591e-01
-2.845491267062745777e+01,9.383377560155699371e+01,6.161831935732489107e-01
-2.863726321753249238e+01,9.437722592607997285e+01,6.204178826595968532e-01
-2.883982720437181158e+01,9.483599092433883015e+01,5.911149761566605321e-01
-2.897962647708900263e+01,9.533144395140087113e+01,5.869694945411378928e-01
-2.899949022516101493e+01,9.584006520053212341e+01,5.967631432848290451e-01
-2.891602981718668630e+01,9.639868076042036193e+01,6.511849476866737874e-01
-2.868567349300835190e+01,9.684453632323510419e+01,6.902065231040548365e-01
-2.849119637160786311e+01,9.730889438204903286e+01,7.190241112003845636e-01
-2.830069033067361417e+01,9.782353270254930067e+01,7.460463219447509564e-01
-2.817466018416017093e+01,9.835938051329705445e+01,7.776625487558844751e-01
-2.806451013414705997e+01,9.889597515350492074e+01,7.897962832224219021e-01
-2.797308854090931973e+01,9.939775021660348386e+01,7.462781583863328239e-01
-2.804742698183837391e+01,9.992251870405419822e+01,6.800268645318999772e-01
-2.825811784038740626e+01,1.004690825182978244e+02,6.762942660179503962e-01
-2.864872050522338043e+01,1.008855407868862102e+02,7.236837677541150260e-01
-2.910486027858911839e+01,1.012546536087087787e+02,7.266287435085803104e-01
-2.947520436268908384e+01,1.016030879587323597e+02,7.043197215340826212e-01
-2.989897432198029392e+01,1.020127516579384661e+02,6.553548453616591107e-01
-3.026473212158442649e+01,1.023849636845495468e+02,6.558194934766660156e-01
-3.068746454687654079e+01,1.027733838779334832e+02,5.970762750791798190e-01
-3.103617717761359884e+01,1.031527861297889785e+02,6.100460834340193372e-01
-3.136031666354194414e+01,1.036664799217528810e+02,5.703467645863501412e-01
-3.162237988743531858e+01,1.041260079954486599e+02,5.762007458920737069e-01
-3.181745904210309561e+01,1.046053845886944060e+02,6.126237244041863317e-01
-3.199895635779072833e+01,1.051144151666044593e+02,6.194141610345950122e-01
-3.208701119397517942e+01,1.056495233714525881e+02,5.919864801025120915e-01
-3.213865517763667157e+01,1.061602448061841528e+02,5.480157388801456531e-01
-3.207592217091269760e+01,1.066765317666031478e+02,5.493518352776147751e-01
-3.185114736269961710e+01,1.072090080091735587e+02,5.893765376073228923e-01
-3.156938519954218592e+01,1.076786226531584276e+02,6.305024397879512854e-01
-3.119917186630905093e+01,1.080609590050595870e+02,6.805049324489967910e-01
-3.083510960760418840e+01,1.085049835969034717e+02,7.298722224279571291e-01
-3.055695973947138810e+01,1.089461481037544957e+02,7.333271170368906855e-01
-3.031018838462885512e+01,1.094130552316945142e+02,6.946051675238296141e-01
-3.022879909137843057e+01,1.099164244150123722e+02,5.972159879328396981e-01
-3.029607006125904078e+01,1.105012290557312866e+02,5.386152547277843761e-01
-3.058123532386989396e+01,1.109743333640447105e+02,5.593950838187796704e-01
-3.094558401752503229e+01,1.113274787499036478e+02,5.960851026508739992e-01
-3.138191086492941650e+01,1.116536144818767724e+02,6.078862852288962060e-01
-3.177315560146621465e+01,1.120277372809299266e+02,5.993709882724784777e-01
-3.204822056279882503e+01,1.125467708093881640e+02,6.120193787947701969e-01
-3.222909112610467730e+01,1.130237079738984391e+02,6.591059332253657033e-01
-3.219527768811963853e+01,1.135303740832789146e+02,6.997789880904823345e-01
-3.211625211886163100e+01,1.140756697123068335e+02,7.373469186732654057e-01
-3.195334480843184366e+01,1.145898224488030763e+02,7.451767436750718065e-01
-3.174768877634902964e+01,1.150623693615557528e+02,7.085543315383384666e-01
-3.142920111627011437e+01,1.154804347720969702e+02,6.544810799837654791e-01
-3.101767946039376156e+01,1.157789352436470125e+02,5.873358495158996773e-01
-3.052982751227483860e+01,1.160331404873416545e+02,5.322023150523128576e-01
-2.993205084172507213e+01,1.161471869138132149e+02,4.910813255864225346e-01
-2.941860760289583254e+01,1.163037943103096268e+02,4.770584906828214677e-01
-2.901010704383177696e+01,1.167449231729859918e+02,4.704034181948081317e-01
-2.871207128410616960e+01,1.171996809139466080e+02,4.721723383301471566e-01
-2.843664186348224021e+01,1.176486497786294620e+02,5.115275494484747831e-01
-2.834777604731957368e+01,1.181554350668364037e+02,6.336486112297159412e-01
-2.835330465705718694e+01,1.186836912248493405e+02,8.091131899987447085e-01
-2.844152015133696665e+01,1.191872987441156369e+02,9.344430183882054264e-01
-2.839354655002637884e+01,1.197264153113364245e+02,1.055583731544672554e+00
-2.821182373857253367e+01,1.202557007856487559e+02,1.142658018127731712e+00
-2.802830608860497108e+01,1.207686659823824868e+02,1.207756128242315263e+00
-2.764089622982408301e+01,1.211689073038985782e+02,1.243309607300345787e+00
-2.721791243067997357e+01,1.215074887535991337e+02,1.255426395411518348e+00
-2.672931440667743530e+01,1.217854605100315553e+02,1.220594622846615129e+00
-2.624648811529079495e+01,1.220573315246232795e+02,1.190700195222660351e+00
-2.580248851822133460e+01,1.223199061098329707e+02,1.163434651626500838e+00
-2.527688142058127241e+01,1.225725191610747089e+02,1.074146449369576262e+00
-2.486548244934380136e+01,1.228658637230056456e+02,1.011522575235788812e+00
-2.436264243164515975e+01,1.231557572373271370e+02,9.703334595057400147e-01
-2.383366832437284089e+01,1.234013840770551269e+02,9.676187683506136672e-01
-2.333871833648837324e+01,1.237560303349118556e+02,8.914809602227917740e-01
-2.295522432226506027e+01,1.240735565452845464e+02,8.206489674389363387e-01
-2.266077092386265335e+01,1.245184167733769556e+02,8.478667398328283422e-01
-2.250919712154357555e+01,1.250453486590276668e+02,9.904091774021083205e-01
-2.236573357523877803e+01,1.255904723983813085e+02,1.116319195191576075e+00
-2.224508192241091464e+01,1.261009152033812057e+02,1.160633424716587703e+00
-2.206430743747899470e+01,1.265893800321283322e+02,1.156519733952544815e+00
-2.188654680180617618e+01,1.271314386406812105e+02,1.168598396271745221e+00
-2.166841194278102023e+01,1.276663168368969394e+02,1.184154001552874869e+00
-2.144524880050790117e+01,1.281527017515609543e+02,1.170604173453624330e+00
-2.123996972618939694e+01,1.286195714800863072e+02,1.127358552971815975e+00
-2.095192145082972601e+01,1.290377136071825248e+02,1.126902074346835203e+00
-2.064131699196596514e+01,1.294562133362256020e+02,1.166380666316539472e+00
-2.028772951852837281e+01,1.298278992369882303e+02,1.222506921333659902e+00
-1.984372115503295930e+01,1.300847688178699855e+02,1.240860360818344388e+00
-1.940492320412528926e+01,1.304137440260665244e+02,1.231966771671648253e+00
-1.893179542238312862e+01,1.307113831199548315e+02,1.196848036452413666e+00
-1.844272384779922191e+01,1.309961333767399196e+02,1.155840067556513029e+00
-1.795629670248970200e+01,1.312668416157293336e+02,1.123663534968977640e+00
-1.750926233891219042e+01,1.315427452943382036e+02,1.085891490823524430e+00
-1.714514548792941895e+01,1.319098266673028945e+02,1.051224984477738156e+00
-1.671872606939584571e+01,1.321732694324657587e+02,1.026258692732637590e+00
-1.624101355136513902e+01,1.323360725656896761e+02,1.026425854983837871e+00
-1.576509807735935453e+01,1.325392750975767626e+02,9.402205445222246993e-01
-1.520126197326168871e+01,1.327771709398664939e+02,8.596540556685529078e-01
-1.477945433733249914e+01,1.330830428474965004e+02,8.350082076009982535e-01
-1.446048671046686529e+01,1.334822168581769688e+02,7.894366245031210205e-01
-1.405266891918252981e+01,1.339072241499169138e+02,7.945905371116861460e-01
-1.357457864878011122e+01,1.342418259931993418e+02,8.117652110210135108e-01
-1.307045655454106559e+01,1.344810491293232246e+02,8.498481500839294434e-01
-1.262478775980574852e+01,1.348582480383935547e+02,9.090198384023454592e-01
-1.237817099765927331e+01,1.353583790762321826e+02,9.335559274244640271e-01
-1.213597507106717721e+01,1.358453239422760532e+02,9.964698864562304692e-01
-1.202728787341957606e+01,1.363497609806229036e+02,1.051706206179481962e+00
-1.195959361672239929e+01,1.369166882495870823e+02,1.101874444723147439e+00
-1.186862711003603366e+01,1.374289099060926560e+02,1.070010829975345024e+00
-1.183427795818817785e+01,1.379383779375939980e+02,1.053202221381317472e+00
-1.176622950029230807e+01,1.384867025405377490e+02,1.043635867365524827e+00
-1.154935874315306776e+01,1.390162475260775352e+02,1.069270391853266888e+00
-1.137999339773665142e+01,1.395322372670974573e+02,1.110822391092122885e+00
-1.125199722048093065e+01,1.400514074430967639e+02,1.161207601391806232e+00
-1.137669292502368279e+01,1.405917951616678749e+02,1.124602179967802762e+00
-1.172147386372226840e+01,1.409577285138963418e+02,1.092889091457706741e+00
-1.214862976047213117e+01,1.406563310384469219e+02,1.065873668647910222e+00
-1.247764362888407952e+01,1.401862513780776283e+02,1.071658211616034695e+00
-1.271866159501997728e+01,1.396850003516565835e+02,1.037603156475605637e+00
-1.313956278253301591e+01,1.393462818415485174e+02,1.050670724580118121e+00
-1.340520192006842315e+01,1.388601167777406431e+02,1.011831173513797255e+00
-1.379655683739656524e+01,1.384806334304642519e+02,9.894913870265835687e-01
-1.427287681698227750e+01,1.382118479564732922e+02,9.605175677557407088e-01
-1.455225401686337250e+01,1.377773618631572106e+02,8.922868482315321481e-01
-1.473847823705222737e+01,1.373093947690635730e+02,8.162603991492929367e-01
-1.473565895276789917e+01,1.367434039158397354e+02,7.666590211866171067e-01
-1.459670150787680676e+01,1.362540547777903441e+02,7.993668056041794978e-01
-1.465612114484579109e+01,1.357055630603667851e+02,9.835503709924682259e-01
-1.483910474633832877e+01,1.352498427367739566e+02,1.089522887461032319e+00
-1.516304823315828187e+01,1.347462362209523121e+02,1.136567360953308681e+00
-1.545023914473777360e+01,1.343058358972252790e+02,1.098813640375578826e+00
-1.576941563419567238e+01,1.338966193799694793e+02,1.072908735149061821e+00
-1.618929548335272628e+01,1.335547406191510902e+02,1.079552703264877511e+00
-1.664354810985483724e+01,1.332545435546168449e+02,1.052340057222792558e+00
-1.715520622007306883e+01,1.330216203926734124e+02,1.035032838272895939e+00
-1.758606181866084839e+01,1.327694828632759254e+02,1.065940238621619240e+00
-1.801349270402852198e+01,1.324353835367953138e+02,9.854855631586786346e-01
-1.842749353809184143e+01,1.321480749868920270e+02,8.783179511418558461e-01
-1.883583063738522156e+01,1.318035057592313706e+02,8.533994794133702433e-01
-1.918611955340813324e+01,1.313159715887447874e+02,9.160005960492997312e-01
-1.979966172715925410e+01,1.295999269313743980e+02,1.034092181001234234e+00
-1.996949432005671454e+01,1.291169205704643161e+02,1.005086825608840551e+00
-2.022696540222069572e+01,1.285690278546704235e+02,9.957698912176429218e-01
-2.048638143566426706e+01,1.280924064878691127e+02,1.016364576005038822e+00
-2.068145894987439348e+01,1.276010213412662466e+02,1.036549542818865133e+00
-2.086951609228934501e+01,1.270920371250978178e+02,1.066950694611575656e+00
-2.105835595585396547e+01,1.265820388521969164e+02,1.117813234338946859e+00
-2.136709210447265761e+01,1.261214517371755335e+02,1.181223111247324820e+00
-2.169410002460017139e+01,1.257418987215817623e+02,1.202397363878054515e+00
-2.335819969927901596e+01,1.242511291472488040e+02,1.068528541611175608e+00
-2.381857297760146608e+01,1.240734795075570673e+02,9.817662308051722242e-01
-2.435642916965851867e+01,1.237257139212395884e+02,8.851643728271341161e-01
-2.479827281416003970e+01,1.233534647999339455e+02,8.192924181798539873e-01
-2.540290711497248211e+01,1.220474523659222967e+02,9.033610650945698151e-01
-2.561038613387974294e+01,1.215924243784039191e+02,1.010642995716203307e+00
-2.594653300537390095e+01,1.211935805344770358e+02,1.153263912295116489e+00
-2.631587627512071137e+01,1.207977122712175486e+02,1.259678352321203620e+00
-2.665521872434558404e+01,1.204116089125023308e+02,1.268645713831892063e+00
-2.711181673779173096e+01,1.199675685397906335e+02,1.237004488103333300e+00
-2.753818264360099022e+01,1.195313062831614559e+02,1.182735708492928861e+00
-2.791095402686403659e+01,1.192032322020199473e+02,1.123674733507660672e+00
-2.885272618413213763e+01,1.183410005664783142e+02,8.453790028182003313e-01
-2.927867660922301241e+01,1.179598109853071151e+02,7.095979340379459099e-01
-2.961018822148584562e+01,1.175885781054950883e+02,6.446679404139020741e-01
-2.990242215071151932e+01,1.171608150918509352e+02,5.624272235419346400e-01
-3.016506420695585788e+01,1.167370335054622785e+02,4.641014879731463205e-01
-3.036139862523410216e+01,1.155496608549559028e+02,5.033303016873278413e-01
-3.041535285948880585e+01,1.149543567907402064e+02,5.534446631821947626e-01
-3.049551214072307559e+01,1.144631090507183302e+02,6.010164227137635429e-01
-3.069500220739669771e+01,1.140126498039428071e+02,7.182943003259258941e-01
-3.094706005204487909e+01,1.135931880271862866e+02,8.333414472964324471e-01
-3.128198596374555862e+01,1.131395567589576956e+02,7.807797450825195718e-01
-3.154959170426613468e+01,1.127081906311227613e+02,7.068986456527399653e-01
-3.207831838696029081e+01,1.115201173614055250e+02,3.915909159526351213e-01
-3.217072465313740537e+01,1.110044322574795359e+02,3.524381951794057777e-01
-3.208597621111193376e+01,1.104289005202903411e+02,3.245209916397048255e-01
-3.192587801847903606e+01,1.098398290918874807e+02,3.566368227752131914e-01
-3.164272363403485855e+01,1.093769695790649195e+02,4.913129322268782184e-01
-3.140586786689761212e+01,1.089506261350323086e+02,6.307783340346103662e-01
-3.120567194784957010e+01,1.074794579498823026e+02,9.483055273114908701e-01
-3.130593346169264990e+01,1.069168355766049245e+02,8.213064256074366076e-01
-3.138465043337721028e+01,1.064308435208863983e+02,6.782748423063458265e-01
-3.152618601151354483e+01,1.058712368150872010e+02,5.130667108952904343e-01
-3.161425109601054828e+01,1.053406789628035938e+02,3.508222471733196679e-01
-3.153707880130509267e+01,1.047792423917463509e+02,2.192836605761960267e-01
-3.114994760319221712e+01,1.040595598250286002e+02,3.142117713008769631e-01
-3.085078694651458520e+01,1.036989256752057287e+02,5.113939529008975082e-01
-3.053030428079537373e+01,1.033215744231255826e+02,5.941332586297095597e-01
-3.019690895445747714e+01,1.029455022728605513e+02,6.720850538202592928e-01
-2.862261174256412133e+01,1.001317388654213261e+02,7.368641402975991683e-01
-2.857212301125709075e+01,9.962185256422091584e+01,7.389197014405234354e-01
-2.855654191096996897e+01,9.910637231519478973e+01,7.831901655524897699e-01
-2.864803816453452256e+01,9.819127890779373047e+01,7.342515788377083075e-01
-2.881727122218667247e+01,9.770828762831800418e+01,6.891464480374985824e-01
-2.854880994769324332e+01,9.548422305797504350e+01,3.753466984692216957e-01
-2.826792857700654693e+01,9.503598664041757615e+01,4.698156933124499890e-01
-2.786925528698736798e+01,9.458856272284850775e+01,5.540274880618593079e-01
-2.755125651245085550e+01,9.415855924550614020e+01,6.005783445804875331e-01
-2.720471187149610515e+01,9.369566467963551304e+01,6.468148638137486417e-01
-2.688298325944650458e+01,9.331287487799802705e+01,6.937738221124788440e-01
-2.658425857981798046e+01,9.279224038711637945e+01,7.024452035261106175e-01
-2.629121588711029744e+01,9.229042262261160090e+01,7.081694682558629106e-01
-2.606851616864545917e+01,9.179752410349331626e+01,7.238374797972977337e-01
-2.586875953617705903e+01,9.129152739970264463e+01,7.237924827402455463e-01
-2.575755357672485601e+01,8.780972200841800657e+01,6.701202824771793631e-01
-2.468727614409154469e+01,8.507506517499807330e+01,6.643754760557523120e-01
-2.432601268452696175e+01,8.472418259183491784e+01,7.198952356524430662e-01
-2.394317393808256966e+01,8.434500760492693416e+01,8.133730554740912222e-01
-2.359827266814057722e+01,8.393032645825978477e+01,8.690460498627703423e-01
-2.335257498797801645e+01,8.348677590141029725e+01,8.510620493611914528e-01
-2.309407593700737138e+01,8.300932269010357345e+01,8.087770478855604850e-01
-2.243190819229788957e+01,8.097615145415491611e+01,7.949628851456242984e-01
-2.234961085488099286e+01,8.046778482742985261e+01,7.832585052720890673e-01
-2.128032183961070345e+01,7.380400076525081943e+01,8.198208362202039634e-01
-2.105552450275232701e+01,7.328127112472604665e+01,8.509365130166670621e-01
-2.086545336297629305e+01,7.278382993659715794e+01,8.205233334075399121e-01
-2.074108232533297169e+01,7.222837256007855444e+01,7.620809425170615992e-01
-2.044918404631405906e+01,7.157053642546017613e+01,7.088972260074417608e-01
-1.975063254364965459e+01,7.007483111107866591e+01,7.387074438709094748e-01
-1.948533157008206373e+01,6.953692876710488235e+01,7.296187881966132993e-01
-1.921045644469348446e+01,6.899714798999755772e+01,7.500080750501767479e-01
-1.896589701280396412e+01,6.851964429873022766e+01,8.412635706831244065e-01
-1.881905156311253435e+01,6.801940741943421642e+01,7.818093101571008674e-01
-1.864830786396287365e+01,6.746558229991070732e+01,7.280683141866350905e-01
-1.856456585671763904e+01,6.695067686892495828e+01,7.688986298381169648e-01
-1.855434895388213334e+01,6.636130405521413422e+01,7.491507331997406816e-01
-1.848924214426698853e+01,6.578644479716989224e+01,6.871432368961749582e-01
-1.858661726357320276e+01,6.529455537510506247e+01,7.096102939070962901e-01
-1.899968290888596556e+01,6.358443475528724775e+01,6.545443027843946826e-01
-1.905148122152429835e+01,6.297363000217823270e+01,6.033532201977491738e-01
-1.910480171905458846e+01,6.239196648714656135e+01,5.557851599728222958e-01
-1.912206035563950479e+01,6.189026306286136503e+01,5.180992718756092241e-01
-1.897588156747661614e+01,6.139382726382259392e+01,4.890682920449921367e-01
-1.887885555179486730e+01,6.089816363964515489e+01,5.184561574276763674e-01
-1.878089117488376658e+01,6.036764250038457646e+01,6.174538999189815858e-01
-1.815297702775377431e+01,5.868674288121082583e+01,7.531846513665219067e-01
-1.792766165512178489e+01,5.819415606024999477e+01,6.669976732466397218e-01
-1.777681884330247186e+01,5.766913455499032892e+01,6.755600481005069602e-01
-1.747912103857603583e+01,5.721870996114991925e+01,6.744939728859395967e-01
-1.716579404662888919e+01,5.677831519855426023e+01,6.103014230875601909e-01
-1.688828948913939954e+01,5.633562949995901903e+01,5.410224101084887272e-01
-1.672657152320224938e+01,5.578075306665090238e+01,6.382883807145612876e-01
-1.654376425047156829e+01,5.530901088294513102e+01,6.583871588531157171e-01
-1.633476456548749667e+01,5.480142122584661024e+01,5.986091032282522262e-01
-1.613265066602787101e+01,5.429983064899440137e+01,5.405229073273529750e-01
-1.587946369722663675e+01,5.379925252072494857e+01,5.029162659596709828e-01
-1.572260389930773705e+01,5.330914609852178643e+01,5.299019020870405772e-01
-1.542647178050732215e+01,5.260815937672593634e+01,5.793345425618917632e-01
-1.481600576105804556e+01,4.979832186268630778e+01,4.671166938049290951e-01
-1.473007747533790734e+01,4.925268951033091724e+01,5.223819793869096673e-01
-1.468247963533299583e+01,4.873249562615666974e+01,4.934720945601687725e-01
-1.456574925546239108e+01,4.371069034889174532e+01,2.748946557649560585e-02
-1.452894950519966066e+01,4.310600684893429246e+01,7.179086669988887781e-02
-1.443215237428865727e+01,4.260969189321951944e+01,7.414508687746673710e-02
-1.418407516981739214e+01,4.211656160132677940e+01,6.518294367114116361e-02
-1.393886495083389043e+01,4.157284805405875261e+01,9.461980798760308287e-02
-1.373842365119102027e+01,4.107068065469352547e+01,1.868039972612993149e-01
-1.349918620693642346e+01,4.057133851670239011e+01,1.562469631386997349e-01
-1.338859437795636786e+01,4.007074872884667371e+01,1.022147659509101830e-02
-1.337273399716338318e+01,3.956652433318812001e+01,-3.475035112182376512e-02
-1.288603426378706551e+01,3.638316395186805607e+01,3.243999559073692529e-01
-1.287412832588005962e+01,3.577569216750291758e+01,3.282568065083786291e-01
-1.281179168184936223e+01,3.525998562732605990e+01,3.767064276835225822e-01
-1.278952042292672786e+01,3.471796339757231920e+01,4.215646191932753695e-01
-1.279133104198810145e+01,3.420343678346503680e+01,4.699240382887153178e-01
-1.275630895675584675e+01,3.363928041621870335e+01,4.448570889572752707e-01
-1.291912052666792299e+01,3.190258871104805749e+01,3.707502238453889987e-02
-1.302964480586084761e+01,3.132796483063187054e+01,-4.835412405580034878e-02
-1.302759327186120863e+01,3.074580985916969667e+01,-1.268558797625365664e-01
-1.312222683405838985e+01,3.023567259853134459e+01,-1.527246514869545213e-01
-1.325040315450561224e+01,2.972209942055665977e+01,-1.413062742696005181e-01
-1.321783885714530804e+01,2.912975912093622455e+01,-1.536748785195469480e-01
-1.308479176925038345e+01,2.863397819688421464e+01,-1.390402231769427011e-01
-1.294891581858843921e+01,2.814991807274896018e+01,-1.029052440827462334e-01
-1.278091248831104387e+01,2.767759581437188388e+01,-9.746311588273467996e-02
-1.269916918862167599e+01,2.715105251599512570e+01,-6.209819827158834238e-02
-1.259892874839684573e+01,2.662177145120345756e+01,-5.286108654832201437e-02
-1.200447399899587353e+01,2.566658202748860873e+01,9.966710008548053390e-02
-1.170133325726412465e+01,2.521313230923720639e+01,2.349182064237154977e-01
-1.133185104294062739e+01,2.487847072835279860e+01,3.019789937149165437e-01
-1.101828877804814333e+01,2.447177579745581966e+01,3.247623490059585727e-01
-1.084640102394233985e+01,2.393471060574720255e+01,3.585221779390371788e-01
-1.065590063439319835e+01,2.346254331994808595e+01,3.918074818233935885e-01
-1.044385506454305812e+01,2.295586474145061118e+01,3.995486206672653751e-01
-1.027412496648103080e+01,2.246888333170593910e+01,3.647265331767374219e-01
-1.014831338236584912e+01,2.196315932179328101e+01,3.307245329205037998e-01
-9.797114044254403353e+00,2.035039939623951710e+01,3.179883842036972941e-01
-9.685784271789771083e+00,1.986057624425092882e+01,3.505699764935545915e-01
-9.514281887133618554e+00,1.936155778652683424e+01,3.158012499681230878e-01
-9.156997153972049830e+00,1.725122953608855170e+01,3.657184063138539942e-01
-9.015502506752094192e+00,1.674895959533981937e+01,3.876311211494619657e-01
-8.775232564340308627e+00,1.520553363878069142e+01,3.132076009074097889e-01
-8.618750070671524099e+00,1.467908498732465539e+01,3.250004585364044130e-01
-8.482965615074808952e+00,1.417422186928590655e+01,3.150191802545163622e-01
-8.285527809315228254e+00,1.371381889760951367e+01,3.347008662420293823e-01
-8.075348306978858304e+00,1.315797738224773106e+01,3.100137774154638759e-01
-7.386803081048684660e+00,1.195150783240239001e+01,1.854272018635760022e-01
-7.117310696003602999e+00,1.151688828878498683e+01,1.733844856255059574e-01
-6.845170724925766059e+00,1.110622473682199463e+01,2.642693147087045724e-01
-6.559689644821224519e+00,1.069163817820700757e+01,3.275928834025623737e-01
-6.347148546819972204e+00,1.018567501908255046e+01,3.564455905370829125e-01
-5.827936698151152228e+00,8.652797800671331530e+00,3.622533706523152208e-01
-5.705457273769266813e+00,8.064826167717230376e+00,4.244455256746074712e-01
-5.597850566180887277e+00,7.543176896841464973e+00,4.696445058139105955e-01
-5.483255721212349165e+00,7.025206702945495429e+00,4.824563130356370744e-01
-5.329063426671373449e+00,6.517166330644196037e+00,4.319134391636236803e-01
-4.671846861001179185e+00,5.217878596182860207e+00,3.493939946386896978e-01
-4.353618517637996455e+00,4.748053115833726245e+00,3.923224142246193868e-01
-4.106101644534335016e+00,4.297516454993560053e+00,4.330965002978696687e-01
-3.682780932763673132e+00,3.867713301808137771e+00,4.365837800149272585e-01
-3.314909961303414754e+00,3.485905081162095964e+00,4.423751005922886281e-01
-3.004616570455912683e+00,3.062017951123365389e+00,5.016023892716695576e-01
-2.690885284525721843e+00,2.582730801457637781e+00,5.676213617833346659e-01
-2.469328283539214297e+00,2.096700521475007850e+00,5.090203217712663264e-01
-2.135959576609712585e+00,1.624182679712954602e+00,4.191984557817667323e-01
-1.517035207254597284e-01,5.552374078275372771e-01,4.073172184051458977e-01
2.722472881420756052e-01,3.082033333044038592e-01,2.800719548233820966e-01
