-7.497305359954931081e-02,-6.395383911102642260e-02,2.459931210082815303e-02
-5.560138484569411288e-01,1.775766639517183387e-01,7.011792804916176791e-02
-1.061638015590338213e+00,7.298390748698425912e-02,1.299555748886346285e-01
-1.651914222854772074e+00,2.989532718136105049e-02,2.536526905869572746e-01
-2.159431702558059829e+00,8.914703434557330608e-03,3.836356260062894763e-01
-2.662246019631488103e+00,5.521973518588446650e-02,4.634424915388845045e-01
-3.150184998017341531e+00,3.134536518172216790e-01,4.415502328352597927e-01
-3.570048937469196826e+00,6.493384432904737436e-01,4.000086716511308538e-01
-3.984616249453597714e+00,1.062851049210084220e+00,3.387254849850643845e-01
-4.438972750741238649e+00,1.435691912088218558e+00,3.658968722313388766e-01
-4.759898480591860270e+00,1.818353879936516648e+00,4.897967474989237124e-01
-5.097658264767187752e+00,2.154726074652498102e+00,6.452280157027661112e-01
-5.533851706516011326e+00,2.396861175759106288e+00,6.858785498923537505e-01
-5.999637335572486130e+00,2.785360087176569799e+00,6.449019959317997541e-01
-6.385546142621347343e+00,3.118284090135571063e+00,5.602499042056688916e-01
-6.726070161189912078e+00,3.521861153690582835e+00,5.500695721141279915e-01
-7.081643375440120458e+00,3.971057143148234658e+00,5.813873075097788501e-01
-7.413684620692277072e+00,4.369299984083229837e+00,6.368762324210064385e-01
-7.750047232188885360e+00,4.741888388909743846e+00,6.980646993804173750e-01
-8.169174999909291301e+00,5.042634477531340309e+00,7.200590290872683763e-01
-8.575330864724968194e+00,5.433677744583326863e+00,7.024898470946395745e-01
-8.974454520567533677e+00,5.836622939442523972e+00,6.728246069853659472e-01
-9.333794237232922342e+00,6.183348294384262367e+00,7.052904039736319630e-01
-9.702387833607224010e+00,6.637883737898722991e+00,7.154162631594074284e-01
-1.014269837835984589e+01,7.029061654541890469e+00,7.506103832541863863e-01
-1.054613416290626837e+01,7.332683101709478457e+00,7.806132448564396809e-01
-1.097943222966157073e+01,7.610883740193382430e+00,7.628359693143610398e-01
-1.139545825292313275e+01,8.019192338197125736e+00,7.453141997009328223e-01
-1.172632357241174716e+01,8.419846953959400082e+00,7.780261185329004903e-01
-1.215758596765593325e+01,8.771419938058375720e+00,8.402568127287665112e-01
-1.252421853160768350e+01,9.201250835887080370e+00,8.523400275438199891e-01
-1.289936200937823862e+01,9.589282680790331526e+00,8.431081601253873625e-01
-1.317644715079753936e+01,1.001794915825453636e+01,8.531836916334085696e-01
-1.347564907281869573e+01,1.052161303967546679e+01,8.547000439833504215e-01
-1.370670632780362119e+01,1.097677542091054903e+01,8.267490226753397842e-01
-1.397160930201027362e+01,1.147566423884608788e+01,8.505516054296089479e-01
-1.429824496879206741e+01,1.186426592790507684e+01,8.741837225984181448e-01
-1.468541853836062927e+01,1.233112780158635502e+01,8.780779730368456493e-01
-1.503553818037586076e+01,1.271157844893095046e+01,8.606090713950815818e-01
-1.544328456688247897e+01,1.316310508059826567e+01,8.796764101692325921e-01
-1.570768495726979808e+01,1.358532834336381256e+01,9.242698611397427433e-01
-1.600762633375573785e+01,1.403842994602220529e+01,9.656534914611418774e-01
-1.631746759221333321e+01,1.447221534180556013e+01,1.020071185220833065e+00
-1.673170198841240364e+01,1.483002195901939757e+01,9.740376432753045099e-01
-1.715287970484857638e+01,1.509587463298957921e+01,9.291057181427098133e-01
-1.755845509046804764e+01,1.547031269200698667e+01,9.023053084205897578e-01
-1.794634039485919175e+01,1.583695665650660445e+01,8.322142322190719810e-01
-1.829092189540939728e+01,1.627660081655630364e+01,8.324596407308958446e-01
-1.862071312421513625e+01,1.670561401185891981e+01,8.218188752473799541e-01
-1.903606217841155868e+01,1.712962904065341618e+01,8.006776506443875618e-01
-1.933087787169418448e+01,1.754520621395970181e+01,7.953440955261475986e-01
-1.958164065035924750e+01,1.800665689299790273e+01,8.262120725789967590e-01
-1.990719719798847720e+01,1.839583881085721728e+01,7.949568448556624256e-01
-2.032159830112853172e+01,1.882060344916398265e+01,7.900877136240073151e-01
-2.071103418803107843e+01,1.917859825667695617e+01,8.412028283590273769e-01
-2.102505457119479715e+01,1.957645063135606378e+01,8.702099439013538662e-01
-2.127380976951701896e+01,2.013150766022533134e+01,8.080040441519271699e-01
-2.163472984797779830e+01,2.059841900754062749e+01,6.960708311761746314e-01
-2.195619708767028300e+01,2.098948819325336501e+01,6.646563405792371704e-01
-2.228283722725778304e+01,2.143084923349368864e+01,6.971937649117727620e-01
-2.263455937314995836e+01,2.181842092130587218e+01,6.929858883386075252e-01
-2.291703743140113758e+01,2.231280727076462966e+01,6.833486149009617705e-01
-2.320879668292777609e+01,2.278911813282615029e+01,6.704536720948521822e-01
-2.353892807249739860e+01,2.320398016477328440e+01,6.811281307381266137e-01
-2.379300298346059606e+01,2.364428006299945295e+01,6.545788781075801976e-01
-2.406181854176056589e+01,2.406794115917620758e+01,6.737237464382058727e-01
-2.433574589303891500e+01,2.452620577774515809e+01,7.368106628620221255e-01
-2.456875968347319628e+01,2.501820325058056227e+01,7.347151722519290606e-01
-2.485666725550543887e+01,2.547844489336678819e+01,7.260651010929178861e-01
-2.513604340041143459e+01,2.594172247885719784e+01,7.594167896116916783e-01
-2.537260663508968506e+01,2.644336653833573081e+01,7.304799920343453268e-01
-2.565552068754297466e+01,2.690142480292377414e+01,6.622126767511641310e-01
-2.592506699292668415e+01,2.738426732229303795e+01,6.415675314621180902e-01
-2.615861187046616720e+01,2.791109559381549232e+01,6.291811816289211157e-01
-2.643403506968417105e+01,2.841527803671781882e+01,5.985727340229278770e-01
-2.670156325334801650e+01,2.891173282171335757e+01,5.926443097628170120e-01
-2.699866419047089394e+01,2.938876232406452615e+01,6.329386314923961532e-01
-2.732613554340747442e+01,2.982120769577085895e+01,6.154946652880282087e-01
-2.758697170263581455e+01,3.030519491783116592e+01,6.121384122120014926e-01
-2.785147503555746340e+01,3.077285852948758560e+01,6.708024179310274615e-01
-2.812300505445081455e+01,3.120773501839030928e+01,6.653347215543741200e-01
-2.831907522650997322e+01,3.167345514664974004e+01,6.191183830673810951e-01
-2.852997083605142592e+01,3.213223723517180730e+01,6.209432609970103600e-01
-2.878265741676430878e+01,3.256318958977470146e+01,6.486187121191789862e-01
-2.898991442778379479e+01,3.304537863332130598e+01,6.397635758309317966e-01
-2.931233836422102002e+01,3.356074661209022736e+01,6.484323784538780222e-01
-2.965892663585997369e+01,3.405752238455561098e+01,6.632831134904119130e-01
-2.990905225020321012e+01,3.451885974259948142e+01,6.953854993834388543e-01
-3.022245708989678903e+01,3.493006937816011970e+01,6.930607545354678933e-01
-3.053122159855330864e+01,3.532661020328249890e+01,6.670313661838609409e-01
-3.087513103122893554e+01,3.570575370147993510e+01,7.007889256921537857e-01
-3.127121136273186508e+01,3.607768302890730894e+01,7.639970901744829179e-01
-3.159303920740124383e+01,3.652032401314544785e+01,7.797542465529850864e-01
-3.185044535756112438e+01,3.697125845114972975e+01,7.979044800842869378e-01
-3.211243369602942010e+01,3.745419505870601995e+01,8.488300400263726342e-01
-3.234000094097860512e+01,3.797120348288047609e+01,8.173360552668708090e-01
-3.264456634152848835e+01,3.840934661422687668e+01,7.819349189054556337e-01
-3.298198428080917211e+01,3.885926419586471070e+01,8.278493065734561229e-01
-3.325135045774378284e+01,3.934218622920664643e+01,8.854515478305882148e-01
-3.357255359808764439e+01,3.976430656507288575e+01,8.858987892716485568e-01
-3.389318823120383684e+01,4.018860435477112958e+01,9.110806174983248074e-01
-3.421460710452542742e+01,4.061526558598740166e+01,9.603506850902224778e-01
-3.457754099655729618e+01,4.100152907345680120e+01,1.029671467553941788e+00
-3.483657015460221373e+01,4.143858692822095691e+01,1.027019611592840276e+00
-3.506808287872921426e+01,4.189052212715024837e+01,1.060392470432485856e+00
-3.538180988518093528e+01,4.243049082338873035e+01,1.061126500476670564e+00
-3.557877240121342055e+01,4.297425362160525708e+01,9.817891184128005877e-01
-3.583142669638442612e+01,4.341030028069870639e+01,8.843423641996788209e-01
-3.615194532422178497e+01,4.382705724904402445e+01,9.178546489567456224e-01
-3.642694142716737815e+01,4.424476366242632253e+01,1.000630473358417261e+00
-3.679043248093998386e+01,4.463685147663875341e+01,1.059962594197146668e+00
-3.714878251649402330e+01,4.502003005571005900e+01,1.107015368894657792e+00
-3.747720027505791052e+01,4.543067522163755001e+01,1.119961162378100727e+00
-3.784519202184643660e+01,4.581743233366739076e+01,1.057623597890514411e+00
-3.815474177327168803e+01,4.631983390211041751e+01,1.010883784452845990e+00
-3.845050490413460409e+01,4.678004854883105423e+01,1.057400312844788193e+00
-3.886602980509236716e+01,4.722315811441251299e+01,1.058999123047207780e+00
-3.918509482713590586e+01,4.764788920480061307e+01,1.030943070517035487e+00
-3.955063852078281883e+01,4.807373446672005457e+01,1.071996243652182601e+00
-3.995210285751635126e+01,4.844899067398963410e+01,1.079859567304521040e+00
-4.029333698309773126e+01,4.887789260331411612e+01,1.037739707307929526e+00
-4.059494260502463447e+01,4.929941539371834125e+01,9.787297291419339018e-01
-4.095435996267480050e+01,4.971863291873366819e+01,9.532945826359930930e-01
-4.128246570542264493e+01,5.016117662391407350e+01,9.600080137626092469e-01
-4.167886482338374776e+01,5.050165883995620675e+01,9.915309389415503105e-01
-4.209948237495901679e+01,5.082855996163321777e+01,1.033488407267711962e+00
-4.244955476609906242e+01,5.123083985381294525e+01,1.008329619527124521e+00
-4.283546492540683204e+01,5.164631210591161903e+01,9.665029442517486524e-01
-4.313223837373181624e+01,5.206489626442142082e+01,9.655119942487100371e-01
-4.336091976056253117e+01,5.251605437343572902e+01,1.016317705878059696e+00
-4.363844534500307759e+01,5.296679516987592251e+01,1.002284623253111961e+00
-4.392396913374962963e+01,5.350281731814930453e+01,9.572470273906052984e-01
-4.415561942595871159e+01,5.396935980972532576e+01,9.538163085727047186e-01
-4.450374823939461066e+01,5.455251920767641849e+01,9.746467540753840364e-01
-4.474662873236758998e+01,5.501443027616308967e+01,1.036795686878007050e+00
-4.512699983619592103e+01,5.545113257699933484e+01,1.059865497814125312e+00
-4.548109584339388078e+01,5.584211856230427884e+01,1.078849157930033442e+00
-4.578273753478942609e+01,5.624282406202248552e+01,1.070052023492020776e+00
-4.612826202930309449e+01,5.662623754661024833e+01,1.007649473192207878e+00
-4.641897345896482818e+01,5.705479906028688930e+01,1.031163199724815627e+00
-4.665684350506470679e+01,5.754798389947408310e+01,9.972618971598974369e-01
-4.692949024276356340e+01,5.800839289427418777e+01,9.333572946899573175e-01
-4.719261124937492013e+01,5.843080601894897086e+01,9.864197465538345755e-01
-4.748632749893259586e+01,5.886298564455766780e+01,1.029759395433958336e+00
-4.789145690237913300e+01,5.924183927203161204e+01,1.055838310151294035e+00
-4.823786480725446779e+01,5.960660639103330283e+01,1.083814888473907612e+00
-4.854316063371695122e+01,6.001445439999899634e+01,1.104396662514208316e+00
-4.900399442369501202e+01,6.043531871818676393e+01,1.079481998624052030e+00
-4.932011508438276337e+01,6.084121524310961604e+01,1.046746131423073711e+00
-4.961588228516810517e+01,6.127459128139961564e+01,1.048810300324598099e+00
-4.995522110465379484e+01,6.170076609265108658e+01,1.015955467964959169e+00
-5.016703617950965821e+01,6.219514651420355023e+01,9.203753378153897158e-01
-5.034430519809435367e+01,6.268683714532211582e+01,8.297299262424822075e-01
-5.061791729593867473e+01,6.316849684082840355e+01,7.879597826068314159e-01
-5.089366363596884213e+01,6.364617896788634255e+01,7.639124108449037998e-01
-5.123747674525606044e+01,6.401182133650867456e+01,7.962050654595123067e-01
-5.159429474726812259e+01,6.435937410839827066e+01,9.023870022952571457e-01
-5.198949333160336295e+01,6.480205821888594642e+01,9.565165176463626961e-01
-5.243536570505617789e+01,6.514949272432495775e+01,9.096580798686356717e-01
-5.281732872855207006e+01,6.547764137706306542e+01,9.245292051178188864e-01
-5.317849538800233233e+01,6.584060395772000618e+01,9.428064511551701443e-01
-5.359095375256943328e+01,6.618316596412078923e+01,9.681976861868630824e-01
-5.401456036835168817e+01,6.656799875460812643e+01,9.893884200321912958e-01
-5.437377263971443853e+01,6.696698331775421309e+01,9.347524416229806565e-01
-5.474694632184211684e+01,6.734298581438640952e+01,8.537112692265760305e-01
-5.510846115051450056e+01,6.773505439870760370e+01,8.585055101866594374e-01
-5.542136832254646350e+01,6.815474274127326737e+01,9.110894100935531537e-01
-5.580759234896074616e+01,6.858598274177512621e+01,9.033657290890371172e-01
-5.613066886071533901e+01,6.897141207826875586e+01,9.294583063851312721e-01
-5.647841091913846157e+01,6.935431264962596742e+01,1.000573546080729903e+00
-5.685525118847171910e+01,6.971894847363985548e+01,1.013521209063543926e+00
-5.717549383051026268e+01,7.014185904540364902e+01,1.023287874516737306e+00
-5.750808844324129865e+01,7.058213699551126297e+01,1.067355831585413473e+00
-5.786489860730281265e+01,7.101402249788834808e+01,1.032175196850630083e+00
-5.816756324658791044e+01,7.150005745230585319e+01,9.069227339412765376e-01
-5.849315595272359047e+01,7.193303969102140627e+01,8.009348655165133835e-01
-5.886902810891940874e+01,7.232720817953611459e+01,7.755172138930656045e-01
-5.922214858840639806e+01,7.275789116913050236e+01,7.522964698551219964e-01
-5.963136417130340305e+01,7.316698473392980873e+01,7.439160006031242389e-01
-6.000082972022872951e+01,7.353008156240436222e+01,7.593655059523120032e-01
-6.036292699580652510e+01,7.394265387210646168e+01,7.550929877726261230e-01
-6.072921544935118732e+01,7.429179584820585092e+01,7.815017423019523513e-01
-6.106627379223078123e+01,7.465126308898065588e+01,8.669836912036706922e-01
-6.137809972913871093e+01,7.504957906983939608e+01,8.486471267176249889e-01
-6.171926516135209084e+01,7.543418286095371172e+01,8.061670835989258599e-01
-6.210758273493674153e+01,7.588752167723983177e+01,8.039286772074500931e-01
-6.242124759629777486e+01,7.633225931146782273e+01,7.900316128971882623e-01
-6.281756467341721617e+01,7.673513705421484588e+01,8.037867471714348344e-01
-6.321208961562179951e+01,7.711672367233528291e+01,8.416802059310781736e-01
-6.356471861554225455e+01,7.750273894685615517e+01,8.015199169160557302e-01
-6.398963158716415478e+01,7.789870200008776635e+01,7.741210619005668425e-01
-6.437443675532931309e+01,7.826353155582016541e+01,8.142513403000153360e-01
-6.473431909035231513e+01,7.863405741513700775e+01,8.381105959139893979e-01
-6.519257265217527220e+01,7.903280723733584523e+01,8.044948054373315394e-01
-6.551803917293378277e+01,7.943837062227873957e+01,7.936174224610444972e-01
-6.583165141310693969e+01,7.991391092000370122e+01,8.205872396390978540e-01
-6.615866637863884137e+01,8.032984205969387403e+01,7.873342213490427399e-01
-6.646171727490528269e+01,8.076717693426179778e+01,7.601368152229530661e-01
-6.683745365517592063e+01,8.124064140380838239e+01,8.028013222421787054e-01
-6.721204844734461403e+01,8.163372011368930714e+01,8.180025020081095333e-01
-6.755200429349976332e+01,8.203665551637631381e+01,7.741239726066324600e-01
-6.790983358975429951e+01,8.241644915250910230e+01,7.349552390650880840e-01
-6.827679911699972592e+01,8.278004179294100595e+01,7.542596095600799799e-01
-6.863263841935795995e+01,8.320971247942544835e+01,7.407802632442349600e-01
-6.902986748348375556e+01,8.362753876439181511e+01,7.196446864925494236e-01
-6.937542331337073165e+01,8.402434507683888398e+01,7.159083040277656185e-01
-6.969409478029581351e+01,8.444413137908915701e+01,6.824005860698824089e-01
-7.005336445194421913e+01,8.484161563446069465e+01,6.090648958210774788e-01
-7.043288811434122465e+01,8.533729909810925562e+01,5.933877083373225725e-01
-7.077802098758401428e+01,8.578077171012320434e+01,6.234279396217601299e-01
-7.111911204393170749e+01,8.620229054121210766e+01,6.302654391605259088e-01
-7.135621354560142038e+01,8.664102483100400320e+01,5.824169402784238336e-01
-7.162544428074505731e+01,8.717021714803908594e+01,5.569954677169917101e-01
-7.182877618472552683e+01,8.763823399114097867e+01,5.713816163755751631e-01
-7.201075930503853328e+01,8.821713032190417891e+01,5.422457228604046220e-01
-7.221326792664885375e+01,8.868236970581432388e+01,5.007604602809669903e-01
-7.238564999180782422e+01,8.915423908969464151e+01,4.875541402753540421e-01
-7.256013617476305910e+01,8.968056402522218207e+01,5.430316202272724713e-01
-7.275284018111196360e+01,9.020829151007205837e+01,5.559148297846336906e-01
-7.287236141646272358e+01,9.070847456439297218e+01,5.412422097349299799e-01
-7.301373779315819945e+01,9.119455435975255853e+01,5.660927462754545836e-01
-7.318331117685080756e+01,9.166896947287860087e+01,5.614544105956782438e-01
-7.329619987238898204e+01,9.225943630526724348e+01,5.255596732677326743e-01
-7.339116241224759563e+01,9.280046624920447584e+01,4.998446135786447364e-01
-7.344061078321391278e+01,9.334474764054371576e+01,4.851686194087379000e-01
-7.341365618954296224e+01,9.388667871908060647e+01,4.950533971512697251e-01
-7.344380130306787180e+01,9.439227945729733449e+01,5.242110938023034628e-01
-7.347378724097704605e+01,9.495262209888787197e+01,5.995680554875957302e-01
-7.341346852906855247e+01,9.546900249993866794e+01,6.045772503779600626e-01
-7.339939657510404913e+01,9.609596566270681706e+01,5.985332107150905800e-01
-7.334137492323257845e+01,9.669222413111907599e+01,5.930764418577380015e-01
-7.324272413562334805e+01,9.727986113117692923e+01,6.329697704323574703e-01
-7.313700194207335414e+01,9.778959644561128073e+01,7.040546962950301468e-01
-7.293033582658637215e+01,9.836379658410223215e+01,7.090453489825924160e-01
-7.276935972617114601e+01,9.891490214028020489e+01,7.067770902460968063e-01
-7.253947289474500337e+01,9.941271099823727297e+01,7.097824819746763048e-01
-7.238563201049032614e+01,9.991261580239790874e+01,8.045632660456567553e-01
-7.239211163300042529e+01,1.004364429947447803e+02,8.660006599532834581e-01
-7.225635912300012365e+01,1.009264735385827692e+02,9.140247316259901833e-01
-7.206730610229446654e+01,1.014149826946084971e+02,9.174854685729363357e-01
-7.170066975692338929e+01,1.018469417050465182e+02,9.074169790500012933e-01
-7.157543736430083925e+01,1.023433940969720481e+02,9.109159308759371410e-01
-7.143820797626672459e+01,1.029313553538277972e+02,8.952628895545384768e-01
-7.132333672996163898e+01,1.034795660905274843e+02,8.459756602544569182e-01
-7.119015429708457532e+01,1.039884303838837383e+02,8.342005850378646503e-01
-7.103872058864651251e+01,1.044785350405570057e+02,8.738691913179491566e-01
-7.095034855755434933e+01,1.050118791700153054e+02,8.844384569965427767e-01
-7.079689484704171321e+01,1.054840347644112910e+02,9.446612095024637945e-01
-7.065038236569236574e+01,1.059716700350114280e+02,1.020282139217680850e+00
-7.054985298559340379e+01,1.064763353491792657e+02,9.992715299296469622e-01
-7.036558690980278641e+01,1.069421934690951872e+02,9.943302947762165944e-01
-7.016473120411724551e+01,1.074206853508867567e+02,1.045404278517973573e+00
-7.006165430997931765e+01,1.079463028055184282e+02,1.054429457226240929e+00
-6.994275276019752141e+01,1.084464838819822319e+02,1.065212245948535363e+00
-6.984860933931831539e+01,1.089884716939784113e+02,1.105504277175203942e+00
-6.978977057569446174e+01,1.095278867196475545e+02,1.148269133562572764e+00
-6.963380060150991824e+01,1.100985691126898303e+02,1.142882761220183063e+00
-6.949091410952004821e+01,1.106068340301018651e+02,1.089733749335048962e+00
-6.928181664586577426e+01,1.111037214199284193e+02,1.061575570396031010e+00
-6.903788815761448916e+01,1.115472324002779487e+02,1.022046108905942496e+00
-6.887515696459674075e+01,1.120523345433522451e+02,9.996148346692533826e-01
-6.871855203958926950e+01,1.125351518948675533e+02,1.033822363656289989e+00
-6.850026417684249225e+01,1.130187955957924117e+02,1.039409837046626706e+00
-6.832769171682971887e+01,1.135578575322420676e+02,1.008025685069741106e+00
-6.814103964159545512e+01,1.140796413925886270e+02,1.001061228189920049e+00
-6.794434820345905734e+01,1.145513519336821417e+02,1.002090878241130856e+00
-6.780326192572445620e+01,1.150348809622273194e+02,9.310838045932002816e-01
-6.755405170172222995e+01,1.156029550074976555e+02,9.135727236232188408e-01
-6.729841453347658842e+01,1.160579246457342322e+02,9.400352149167818805e-01
-6.702520705197569839e+01,1.165768736002820134e+02,8.830726458676656510e-01
-6.669404320312122536e+01,1.169992465202522709e+02,8.074621953335443525e-01
-6.635271363926872823e+01,1.174154947633718962e+02,8.087522133290691029e-01
-6.600940831427242017e+01,1.178429582067842603e+02,7.914086437401463003e-01
-6.557652537508126045e+01,1.181862367666735452e+02,7.192687636071363189e-01
-6.513039239693864602e+01,1.185168923741588145e+02,7.168936898414350889e-01
-6.470396560476351056e+01,1.188802431495152234e+02,7.203687649913919078e-01
-6.426196470467468203e+01,1.191919825091684260e+02,6.733783829626412976e-01
-6.382180543312566101e+01,1.195127237821311610e+02,6.562150448707898542e-01
-6.338408131977744375e+01,1.197910842377520027e+02,6.715770614798831639e-01
-6.290153483339854290e+01,1.199531050255335458e+02,6.452605868435652425e-01
-6.243096201844712567e+01,1.201357529175501924e+02,6.606221159326378656e-01
-6.192395900426569000e+01,1.203357878671360339e+02,7.167903148465771812e-01
-6.136849767552119062e+01,1.204718962548374463e+02,6.939140222877900888e-01
-6.086576643427394373e+01,1.206200230781955725e+02,6.444683543270856019e-01
-6.037958652444901020e+01,1.207639731870537361e+02,6.662207201186086669e-01
-5.987559292081574824e+01,1.209059377039115901e+02,6.773602020101188170e-01
-5.942418928486735297e+01,1.211359612847108593e+02,6.579976872017540002e-01
-5.897311487214555825e+01,1.213619541327589531e+02,6.598248101387269582e-01
-5.845925928662891380e+01,1.214996252177204923e+02,6.429772368206347899e-01
-5.794045229697249511e+01,1.216359644319857551e+02,5.795132219883137870e-01
-5.742234312419370212e+01,1.217037426526348156e+02,5.632211984725976617e-01
-5.689402530863451801e+01,1.217319259702942134e+02,6.039681405665610070e-01
-5.639878145569588241e+01,1.218911148637469779e+02,5.771827356678858045e-01
-5.584468391241948382e+01,1.220924661067866879e+02,5.725794921947046090e-01
-5.528356890242795174e+01,1.222690917210678663e+02,5.685476181473764212e-01
-5.474052877965812769e+01,1.223660030785132165e+02,5.435097026143689281e-01
-5.417778797642801436e+01,1.224171350318932951e+02,5.210631592148532443e-01
-5.364099929779558096e+01,1.225143283902752245e+02,4.865510625909642561e-01
-5.306749389389071325e+01,1.225566018060108746e+02,4.674744512705107935e-01
-5.245175326262568660e+01,1.226619275119840609e+02,5.006347553368375447e-01
-5.195810818226786409e+01,1.229021041565297452e+02,4.584483074522517909e-01
-5.143418527551148145e+01,1.230741705699959141e+02,4.392800410267888589e-01
-5.086597805552906948e+01,1.230710573150712861e+02,4.368090528705245723e-01
-5.032227762182090913e+01,1.229573907397892896e+02,4.191432432172109146e-01
-4.986226204804543016e+01,1.227269637069831987e+02,3.944617254732594724e-01
-4.942219773640242408e+01,1.224802015570981126e+02,3.776349410036380361e-01
-4.898491724879713871e+01,1.222059811887022533e+02,4.099200464748720130e-01
-4.861471484224422568e+01,1.218462835343373740e+02,3.973627740618978499e-01
-4.814320405530799007e+01,1.214634474403720077e+02,3.047550243510940837e-01
-4.778352270328598195e+01,1.210440813350784168e+02,2.509448173588364472e-01
-4.770138943328058900e+01,1.205313221006266531e+02,3.048720702086742951e-01
-4.773606698277091454e+01,1.200305912643723900e+02,3.877122624444936383e-01
-4.789848172572681761e+01,1.195473426774407102e+02,4.656209960120398783e-01
-4.830601545705486188e+01,1.198914061201215162e+02,4.417664165744719096e-01
-4.850370801868244541e+01,1.203869920502489350e+02,3.918512994387736703e-01
-4.869968474057051822e+01,1.209025815714889660e+02,3.829590134528553236e-01
-4.895175018216111340e+01,1.213817376983181759e+02,3.840816020855843949e-01
-4.933369304408085299e+01,1.217589065827131378e+02,3.548593490936337025e-01
-4.975595672236892142e+01,1.220956184672835718e+02,3.737309480154716312e-01
-5.026539665802874879e+01,1.224000496228981802e+02,3.778779161540322118e-01
-5.075391981674920316e+01,1.225147347172998593e+02,3.572453564154671746e-01
-6.040116235812747902e+01,1.212376919697968987e+02,8.305404978707449093e-01
-6.113294304122086231e+01,1.209853599674265467e+02,9.015311759816659887e-01
-6.176310363258475888e+01,1.207891100451232802e+02,9.083124215830867820e-01
-6.475130687709497579e+01,1.193804667836436550e+02,7.707862720045676186e-01
-6.518196495038021965e+01,1.190326480439712498e+02,7.405992118643718314e-01
-6.559231162529762571e+01,1.187160169041958397e+02,7.129077989109774416e-01
-6.738046849066702748e+01,1.164023821120995308e+02,5.735021592919976596e-01
-6.767453704003347070e+01,1.159892059997015679e+02,5.431068741919495846e-01
-6.798150351772474664e+01,1.155593235608178020e+02,5.724650387120631123e-01
-6.830388930442312301e+01,1.151633819671914125e+02,5.991954166516194613e-01
-6.856007493843794975e+01,1.147260842374441268e+02,6.510938541318336270e-01
-6.874805606036368033e+01,1.142576069609696674e+02,7.170470487389639658e-01
-6.897809547031833688e+01,1.137169806561286691e+02,7.557454375477917763e-01
-6.911339274015136880e+01,1.131322421292357348e+02,7.593031750138907743e-01
-6.924541029972041883e+01,1.126110878560121904e+02,7.692559635970440679e-01
-6.935827039362085600e+01,1.121010963730080050e+02,8.257904740261553522e-01
-7.056467516538801021e+01,1.077496649566715945e+02,9.406272095791333721e-01
-7.081643205603286617e+01,1.072632348299661800e+02,8.775764890536835727e-01
-7.102033520512091513e+01,1.068021241092896361e+02,8.240240907323953534e-01
-7.118327408707115467e+01,1.063031382695888425e+02,8.508013931442888200e-01
-7.130420760467495711e+01,1.057581694818562852e+02,8.894405722763621958e-01
-7.145180552300381294e+01,1.052563643702067822e+02,8.750474912153525242e-01
-7.154879058420397087e+01,1.047205672552292270e+02,9.149049625010475806e-01
-7.171073848786065241e+01,1.041988891420561316e+02,9.206217162179823887e-01
-7.193539787923234030e+01,1.037155672487053693e+02,8.651979022971889588e-01
-7.208767812793738017e+01,1.032279076912319198e+02,8.142589169304106367e-01
-7.218509671335407063e+01,1.027254514376355843e+02,8.426408887423424421e-01
-7.230196433360787012e+01,1.022320180425817000e+02,8.367335630557047876e-01
-7.276989140599388861e+01,1.008004916431489306e+02,1.001852645644590423e+00
-7.297249805761966002e+01,1.003307718691108192e+02,9.417700552918490953e-01
-7.316632725791453140e+01,9.986071718140786402e+01,9.228454128108579679e-01
-7.329081171034435727e+01,9.934062569592006753e+01,8.245619698449406787e-01
-7.333965926879007213e+01,9.884535658475915909e+01,7.456298840117223659e-01
-7.341502544581608447e+01,9.822188038361633744e+01,7.227321668057465898e-01
-7.388676952408803800e+01,9.598895278344978976e+01,7.225845192827219376e-01
-7.409215315444410521e+01,9.540679999200273187e+01,7.035546354327221197e-01
-7.425211276043921771e+01,9.493397428656420800e+01,6.528955700177493382e-01
-7.435389032081026528e+01,9.443354219618755963e+01,6.482148421732045751e-01
-7.431861320020908579e+01,9.393133393215077831e+01,5.914540221805836273e-01
-7.418473140339476402e+01,9.331212534873196773e+01,5.323426125205132919e-01
-7.401009850958551795e+01,9.284275498938696103e+01,5.111931659782994464e-01
-7.383548430602570534e+01,9.233292314777574461e+01,4.887989963775797864e-01
-7.375602409613257748e+01,9.183147860184384115e+01,4.369619403580313199e-01
-7.363620560333259846e+01,9.128498377339813885e+01,4.407814065827360128e-01
-7.347412173047580097e+01,9.075962732624772400e+01,4.454204529927678902e-01
-7.329259895105093392e+01,9.028976555113069935e+01,3.610949934021727148e-01
-7.300424920311559163e+01,8.982338001475160638e+01,3.521430547935285316e-01
-7.059612197727726368e+01,8.483278082074578208e+01,5.276703761923728919e-01
-6.838398109096517885e+01,8.226767244020157932e+01,8.009388593525484934e-01
-6.809738795647925258e+01,8.182558000906311690e+01,8.630755339334528209e-01
-6.778341207870276719e+01,8.138291518056556129e+01,9.422325849671259190e-01
-6.735260391045322592e+01,8.105778993928861098e+01,9.152899185565321893e-01
-6.695189321427110940e+01,8.072185321714923134e+01,9.213223709550866225e-01
-6.549171832104416069e+01,7.864587592405993632e+01,6.960933184855533362e-01
-6.525691580828031135e+01,7.819693497909878488e+01,6.582854394102261031e-01
-6.498730082296773958e+01,7.772914888041873382e+01,6.105768896371824850e-01
-6.463981454478876287e+01,7.733987313428264088e+01,6.133181547901098707e-01
-6.424644279544665437e+01,7.693338772276138116e+01,6.890185160883487425e-01
-6.390465186025669198e+01,7.651442117980739965e+01,7.398194288035484512e-01
-6.349752691164427176e+01,7.621421281300376904e+01,7.600092265312423656e-01
-6.308070159644318409e+01,7.590876846620372476e+01,8.536563770984454402e-01
-6.264916391434766041e+01,7.546557276517918922e+01,8.991283324740264593e-01
-6.223623582482132122e+01,7.509337735425373239e+01,8.860774450748286624e-01
-6.186560166579826614e+01,7.473577492817635459e+01,9.531050800626456043e-01
-6.151938294115313965e+01,7.434753058244955071e+01,1.024259953259331724e+00
-6.112434790079782232e+01,7.398972079401005431e+01,1.023058065932721972e+00
-6.078504122298603107e+01,7.358806127295970612e+01,1.030575416078487017e+00
-6.048414298598605399e+01,7.312551191133283623e+01,1.089939150355037079e+00
-6.008921177707331651e+01,7.277085313975575787e+01,1.092233152198093027e+00
-5.960448797430779422e+01,7.243341841370980205e+01,1.062507497640979848e+00
-5.898153194442505765e+01,7.192603644623910952e+01,1.076157574600568934e+00
-5.861866707865963377e+01,7.158164817032594840e+01,1.176000629563872746e+00
-5.488347795042014354e+01,6.681867234542396261e+01,6.881193149074611437e-01
-5.478089200745168341e+01,6.624259971921429724e+01,7.767516446421969256e-01
-5.455589469380354473e+01,6.575643557452022492e+01,8.044262892767869433e-01
-5.417560544395244904e+01,6.532422990622232817e+01,7.911143491674129669e-01
-5.367877896734734833e+01,6.496111163755955431e+01,8.607430292535495076e-01
-5.311153901441971925e+01,6.469865360327995063e+01,9.272295194530395523e-01
-5.261738322999907780e+01,6.438846208753936651e+01,9.534039687200319690e-01
-5.220582071876411590e+01,6.403476840050269914e+01,1.043069537642854927e+00
-5.178390180162661949e+01,6.365715952804105626e+01,1.111944596154953224e+00
-5.147530128594585364e+01,6.326064688297413596e+01,1.084955360373872413e+00
-5.116952795107236796e+01,6.284424591851417574e+01,1.088949902786431778e+00
-5.077857916339594624e+01,6.242036553300744117e+01,1.034822927822284244e+00
-4.874283725163155623e+01,5.955125386084049666e+01,1.023969674289938903e+00
-4.846501808013243107e+01,5.910511582552626209e+01,1.047794803508935946e+00
-4.812049217979534177e+01,5.870299953767672463e+01,1.010330649721780993e+00
-4.778874251883748059e+01,5.828653848558109019e+01,1.021476675658876232e+00
-4.743262658563185852e+01,5.783044534377845736e+01,1.101980895852032294e+00
-4.573800906645860920e+01,5.538486047910854637e+01,9.335060766523981535e-01
-4.544618222568400512e+01,5.490393843552362085e+01,9.007659465417575673e-01
-4.519145526568399163e+01,5.446910215118428056e+01,9.294871908385567982e-01
-4.486436628842938035e+01,5.396589807634880742e+01,1.038212634611832774e+00
-3.751291289385179795e+01,4.469929093386596719e+01,9.446068767594673066e-01
-3.735155373230316656e+01,4.417384559037171954e+01,8.370888537193063028e-01
-3.710896845544343137e+01,4.371485791555542022e+01,7.946237225955502526e-01
-3.680352335636413130e+01,4.327512736044538855e+01,8.137172726651148436e-01
-3.641469162896424194e+01,4.290662332151158154e+01,8.266473802290889017e-01
-3.599313035095720181e+01,4.248483095654834329e+01,8.386018179310529286e-01
-3.183167132077577932e+01,3.808286811391371174e+01,7.092721844622912331e-01
-3.149196645114652071e+01,3.764121556979436889e+01,7.098673689645127460e-01
-3.112330558340788045e+01,3.718722493042830735e+01,7.013241577032426344e-01
-3.083952514603905115e+01,3.677578062808328951e+01,7.425625620288617279e-01
-3.060591752299189849e+01,3.628171816407628114e+01,7.390830801828676133e-01
-2.194199871777298227e+01,2.019980423085976540e+01,5.165660821129645086e-01
-2.178756442919583236e+01,1.964821546553761067e+01,5.487366966627124087e-01
-2.159472337864415792e+01,1.915765664386766431e+01,5.544208020438671225e-01
-2.138791029354975848e+01,1.866132533552912065e+01,4.591817025097620908e-01
-2.103873575346172942e+01,1.821025108431976491e+01,4.201448033027204154e-01
-2.061504977228100444e+01,1.791809155538395615e+01,4.065719503744942842e-01
-2.020251293692516725e+01,1.762894398768155924e+01,4.004218415768854289e-01
-1.973501724966162385e+01,1.731098170155165406e+01,4.853947157362421549e-01
-1.685949588504111674e+01,1.437788190445800929e+01,7.333753157530435995e-01
-1.660294883423685164e+01,1.391536589129841062e+01,6.641149091339718646e-01
-1.638756701191469745e+01,1.343717856532874144e+01,5.691813858380587732e-01
-1.629659651173176727e+01,1.295934260982882513e+01,4.508149968107374450e-01
-1.609464818126333796e+01,1.237376949135673421e+01,3.968336015409704709e-01
-1.571321786631844475e+01,1.193343854635953605e+01,4.030985001685310487e-01
-1.515130331538342467e+01,1.161949231295938390e+01,4.493351450557243609e-01
-1.461595601190859028e+01,1.154240165497899007e+01,3.982586106534356518e-01
-1.414600937364802036e+01,1.134775955717288021e+01,3.781637865693251443e-01
-1.104376971923827710e+01,7.084145361440498334e+00,6.022185065716885166e-01
-1.070017817305662788e+01,6.697657117320570563e+00,6.786623171481996897e-01
-1.030714538934068081e+01,6.305610068413856517e+00,6.001942338280732425e-01
-9.899004997381499749e+00,6.008374743660043649e+00,4.443661668065469472e-01
-9.483184699001837359e+00,5.674565800697634721e+00,3.612447336044181112e-01
-9.115703196125924279e+00,5.299327485494077727e+00,3.788398426812661368e-01
-8.644765750328257781e+00,4.937953119424888015e+00,5.202731796117594509e-01
-8.209278188679403954e+00,4.533514205352053850e+00,6.771330727672139060e-01
-7.577297743886306058e+00,3.883309447579847085e+00,6.704295262833402935e-01
-7.285277275204010472e+00,3.481696800173839090e+00,5.465660373682935669e-01
-7.045537277063101733e+00,3.052939455467425844e+00,4.376967633451848139e-01
-6.692951525454173378e+00,2.605310244713495038e+00,2.714516268601908644e-01
-6.368869124524525915e+00,2.224401923692898464e+00,1.592581492044264080e-01
-5.959952521740641274e+00,1.864304481979029093e+00,9.199642110794581384e-02
-5.462287875735871268e+00,1.629707264223308361e+00,1.684136969148535001e-02
-4.984380679649321522e+00,1.350397075559541582e+00,-7.306199409200880845e-03
-4.486499942213808545e+00,9.861672093475133405e-01,1.050847983447302514e-01
