-1.016872452758537659e-01,-6.303944208914301350e-02,4.456269029356600686e-02
9.037218412268677170e-03,5.270883740693136504e-02,5.218340076969201213e-01
1.027331069546653930e-01,2.740657484850312353e-01,9.932565816125481506e-01
6.116596099810864828e-01,4.529483038213351076e-01,1.070054093368782544e+00
1.072083672450430569e+00,7.294155907960541141e-01,1.064358607049343375e+00
1.572544329744427039e+00,1.024237299577696048e+00,1.044695021606494745e+00
2.094185361444495186e+00,1.274928944527625507e+00,1.047268437951192288e+00
2.584562548320285202e+00,1.395048888889447225e+00,1.054854513834036167e+00
3.161542076510028831e+00,1.368373920130725230e+00,1.030301319361226264e+00
3.670048157190098248e+00,1.389145943156401941e+00,9.949678627249212148e-01
4.202574103964332508e+00,1.373270547317248402e+00,1.011083642130948368e+00
4.747518059947574365e+00,1.331534731936602434e+00,1.017817416709083433e+00
5.281233735196894763e+00,1.447901431484838408e+00,9.778320992088013197e-01
5.752431706297484126e+00,1.714549157847824024e+00,9.610499581383797896e-01
6.118501148680810964e+00,2.102374976441788945e+00,9.901446495267252068e-01
6.348618592304169361e+00,2.568571751837518402e+00,1.042665396885773532e+00
6.524958076986831834e+00,3.076399190998071465e+00,1.025947985972686993e+00
6.525856596037908908e+00,3.633205753994558584e+00,9.976144020889425867e-01
6.480451170188445964e+00,4.174308336719932733e+00,1.021218245883188658e+00
6.361635059628778954e+00,4.754214479193229259e+00,1.005227315015119416e+00
6.245637432252878263e+00,5.261323145100702980e+00,9.611285234164498315e-01
6.108361040616709481e+00,5.763413909625534792e+00,9.576420871547645097e-01
5.940701178514836478e+00,6.274374336727368551e+00,9.546417968088941608e-01
5.807371132171884831e+00,6.837307999363387623e+00,9.359516887240244554e-01
5.653839342963758341e+00,7.437008748606311670e+00,9.261715983093328219e-01
5.565046405803349749e+00,7.939214314932293348e+00,9.247946221924461252e-01
5.516306634899092565e+00,8.547955405559411801e+00,9.348556696306250524e-01
5.501762916603490261e+00,9.129869645108733778e+00,9.518255383962728189e-01
5.547627112727545828e+00,9.662879544904946272e+00,9.394255408015451669e-01
5.563062274755840697e+00,1.025060536490060947e+01,9.202747090154026477e-01
5.554475922394187748e+00,1.085797056200156163e+01,9.169046119503787562e-01
5.582284116696845544e+00,1.146069420069013844e+01,9.404963790028116888e-01
5.642037640421002642e+00,1.208355184877565947e+01,9.440520582469376087e-01
5.797920652607871261e+00,1.256840956430764500e+01,9.411988124022365731e-01
6.012616587728337514e+00,1.313679273278600768e+01,9.423261311026485121e-01
6.218225294263658220e+00,1.359415381617030327e+01,9.380465340855840273e-01
6.431785074769093669e+00,1.404644378033077068e+01,9.442741610701556043e-01
6.638132724940501106e+00,1.453061551080151581e+01,9.150057568262129903e-01
6.872048096576470755e+00,1.498748294449036500e+01,9.210763959417287428e-01
7.115383321734636723e+00,1.544647982726429625e+01,9.601544385488018918e-01
7.390551648355086378e+00,1.606515418106069149e+01,9.651740916417188565e-01
7.610940659115080109e+00,1.654958798377797891e+01,9.348499279760354996e-01
7.809634347655545206e+00,1.701138224853453806e+01,9.432536604028357585e-01
8.057081514258625177e+00,1.759919859664427477e+01,9.336978719505276691e-01
8.269051063118713074e+00,1.807363859771422199e+01,9.362107601789412259e-01
8.449182956465275396e+00,1.858131893307175275e+01,9.127598567822661213e-01
8.604225863151095055e+00,1.907515617598308566e+01,9.266000108881993214e-01
8.696416653784455164e+00,1.957812700051849220e+01,9.594413304645380558e-01
8.745190150007873697e+00,2.009227065904569898e+01,9.177010907254701255e-01
8.845948565122634832e+00,2.065920813579064230e+01,9.081712245277807627e-01
8.892793130855022099e+00,2.117485440815651998e+01,9.506348068508831961e-01
9.015357078798139412e+00,2.171765951270143447e+01,9.806388792069210547e-01
9.118205426945751313e+00,2.229146725114886962e+01,9.791655654717882351e-01
9.246882207502473250e+00,2.283783025818002699e+01,9.901841023623447757e-01
9.485860928127646474e+00,2.336684555801816998e+01,9.374167448201955466e-01
9.635967207347016839e+00,2.386121192892550269e+01,8.952484168579111223e-01
9.812286431148381283e+00,2.433481977070540481e+01,9.426121970242756776e-01
9.950193335789068172e+00,2.482659876991971970e+01,9.490149183287528434e-01
1.014050954002608407e+01,2.529134361204064874e+01,9.640477115638237393e-01
1.041793316024249449e+01,2.580922940981932001e+01,9.516401476318820940e-01
1.067809284731973030e+01,2.625539850183370305e+01,9.459963640421182873e-01
1.100773040359837118e+01,2.668575553322656546e+01,9.361503829454823622e-01
1.145236592027960754e+01,2.697547679034408574e+01,8.984761534242317049e-01
1.191839393299940753e+01,2.741615754170331698e+01,9.209178867303124960e-01
1.231423543308508783e+01,2.780165092366246427e+01,9.601351812574981937e-01
1.269445182750338752e+01,2.820905325161319155e+01,9.846502168033879343e-01
1.309520644291112212e+01,2.861178817650178630e+01,9.874275617342761491e-01
1.351707082895826950e+01,2.895475581323882608e+01,9.864181960086374490e-01
1.397534277155026317e+01,2.925556912961329203e+01,1.002777201165634180e+00
1.452627916935993646e+01,2.940329973862568025e+01,9.866518822365705210e-01
1.512033691697362414e+01,2.948254934744078781e+01,9.737677465404785959e-01
1.584640270969684828e+01,2.939803240660783246e+01,9.685761767941862832e-01
1.639770035749109667e+01,2.924435932713392106e+01,9.840520604709371844e-01
1.690832866871822304e+01,2.903982022321459411e+01,9.790831234663065485e-01
1.736185923468016412e+01,2.871967902395432759e+01,9.701472165170648143e-01
1.773894546120432736e+01,2.839007888431117976e+01,9.716051821851072745e-01
1.805142505003624009e+01,2.797071587513276469e+01,9.598436031392610923e-01
1.840708125181541632e+01,2.745649348851238969e+01,9.960967361791513985e-01
1.871301253851551394e+01,2.705769381524563855e+01,1.007106844676422863e+00
1.904351905124272903e+01,2.654967310127134539e+01,1.002798322576268220e+00
1.934307096575003726e+01,2.613641423326084023e+01,9.832936613362606160e-01
1.961752673004743031e+01,2.557654803046165526e+01,9.755407264383677557e-01
1.991210578085057747e+01,2.502789008457374820e+01,9.949220761432199245e-01
2.018577170366319606e+01,2.458713237501267557e+01,1.020261491302914880e+00
2.040741434242065466e+01,2.412149548182715009e+01,9.962903457003366992e-01
2.068472294657719956e+01,2.368990814592361360e+01,9.713652354000660294e-01
2.096144100875412519e+01,2.324774271733230790e+01,9.907079004620187312e-01
2.125724172313429960e+01,2.276006631203940600e+01,1.053523784572763633e+00
2.160006378146645289e+01,2.237522778005049773e+01,1.098184110113236134e+00
2.199066155243301779e+01,2.189639607921500897e+01,1.149800843926148231e+00
2.244348111011141000e+01,2.147163709319962521e+01,1.156251665216829316e+00
2.288875748749492445e+01,2.103928540012994119e+01,1.142753530086467073e+00
2.319008084695923344e+01,2.061758594235053721e+01,1.051601441450079610e+00
2.351137141061867908e+01,2.021873666522121837e+01,9.901273441034509348e-01
2.388582980838986103e+01,1.977948055650019654e+01,1.007618549325653756e+00
2.425293667562774047e+01,1.941411937178235192e+01,1.020901268722759436e+00
2.467056681478690194e+01,1.897160552505608067e+01,1.022661562967106086e+00
2.497508788707783367e+01,1.855312996759283095e+01,1.040816453314551637e+00
2.537300941480671312e+01,1.809387849823365002e+01,1.032297748937430315e+00
2.566691499747367189e+01,1.766508022352525487e+01,1.010575772738919298e+00
2.592192740074101565e+01,1.719906858987507903e+01,1.021588221471689151e+00
2.617977861173259768e+01,1.674929103054514457e+01,1.003360464421735099e+00
2.638981876992225750e+01,1.629443404587479804e+01,1.007277576559273857e+00
2.660600207715990706e+01,1.581541600198138831e+01,1.045114113401908851e+00
2.683758073558115598e+01,1.530795966454044432e+01,1.095206847983696941e+00
2.699314346185312630e+01,1.482948066345968918e+01,1.193436362448883958e+00
2.711947388535040204e+01,1.425911886918898830e+01,1.283419948177011882e+00
2.711054900272121060e+01,1.366602198085122311e+01,1.161214815030126912e+00
2.706001158794995121e+01,1.316964356390780111e+01,1.004051057982339401e+00
2.701850119800992545e+01,1.266145889734200836e+01,8.686896493755176252e-01
2.686161154557614950e+01,1.207609231273113437e+01,8.121139192139994467e-01
2.669191545107148400e+01,1.158633820105050383e+01,8.377407406393496681e-01
2.650993021377955827e+01,1.109398128291337926e+01,8.926263901660336231e-01
2.627690363004239771e+01,1.062531336939271576e+01,9.086806617385002616e-01
2.609000936051592845e+01,1.016151218850859905e+01,9.168689471971610550e-01
2.590446682804748235e+01,9.665534592965094873e+00,9.385749205901643410e-01
2.566204374498493479e+01,9.208873107240643563e+00,9.231919794157051884e-01
2.543490073739663160e+01,8.742764974461223915e+00,9.375623299544795231e-01
2.513722904878141051e+01,8.199920488321051693e+00,9.480817405790992192e-01
2.486757544418528809e+01,7.738001141502298452e+00,9.995156651660044300e-01
2.462649539364367612e+01,7.238193913911256772e+00,9.828955130201498802e-01
2.434737549666538214e+01,6.813867402650880756e+00,9.593086886278267000e-01
2.403818388952634066e+01,6.392448863759767619e+00,9.739379487763705212e-01
2.370468942300955106e+01,5.925424283486958821e+00,9.526763303252274717e-01
2.334013192527469016e+01,5.522550450403588940e+00,9.212062682314109407e-01
2.298441763098228918e+01,5.096399534805025056e+00,9.219308352301283094e-01
2.262239861464301782e+01,4.621921615143576467e+00,9.218718273983007583e-01
2.226257645746765590e+01,4.195754231429662084e+00,8.946068840351426577e-01
2.193635373072499917e+01,3.767557489687399563e+00,8.883988137086291648e-01
2.161490485152732788e+01,3.378957556060469436e+00,9.234711946034345198e-01
2.123651117856960013e+01,2.986336804249719812e+00,9.470085293354562062e-01
2.088037660922001137e+01,2.555131070437199892e+00,8.993677578729032396e-01
2.050902180068055713e+01,2.115182164042273438e+00,8.845938587204762449e-01
2.016496898115489245e+01,1.700113209479048981e+00,9.333544823614744468e-01
1.984850613658571916e+01,1.260041633003060380e+00,9.338398857972881606e-01
1.952447300023940002e+01,8.283034098701386183e-01,8.925271833994409265e-01
1.925388570641710473e+01,3.823269146217329051e-01,8.806589449677649784e-01
1.899539849671400304e+01,-1.115286981944395156e-01,8.691009255717890847e-01
1.872607714649899791e+01,-6.612794672625926795e-01,8.632952338774120271e-01
1.852272681027352874e+01,-1.156126033464876857e+00,8.298682662955797484e-01
1.826999852284658132e+01,-1.637605979070116957e+00,8.301552109281241654e-01
1.797958808160120370e+01,-2.060405535492994211e+00,8.135132703144239974e-01
1.770953258678749975e+01,-2.533509950926223997e+00,7.984493094541064151e-01
1.739860778082234560e+01,-3.002683332796649562e+00,8.099270469136049533e-01
1.705930268907516734e+01,-3.434214716122421240e+00,8.149413514650716284e-01
1.671891399720073323e+01,-3.898198061369352985e+00,7.870740792169140798e-01
1.636499409032024133e+01,-4.297137509780680098e+00,7.861458164745085408e-01
1.597653093125561696e+01,-4.659467142155648389e+00,8.008447066852582008e-01
1.552483310710800524e+01,-5.046006547884064553e+00,7.684200192158695542e-01
1.502532009743558739e+01,-5.342141278191141041e+00,7.291958441901099652e-01
1.453961858503438087e+01,-5.563096471444950453e+00,7.469915359946124322e-01
1.403147261002950508e+01,-5.791829021412755019e+00,7.685864860545164046e-01
1.351858910553314530e+01,-5.949557306057534412e+00,7.502443547272344970e-01
1.302836901040539885e+01,-6.157839601611970082e+00,7.496109631749821034e-01
1.252031061986596505e+01,-6.376769421791844472e+00,7.629560658708306464e-01
1.200205404148243105e+01,-6.509494968756338373e+00,7.603886066305921565e-01
1.149375674591982488e+01,-6.621682069154922523e+00,7.970884376019363726e-01
1.091569509740030597e+01,-6.703825713658805086e+00,8.754508210451058536e-01
1.036369129923919807e+01,-6.716144416885859947e+00,9.033826182674581373e-01
9.816368822400665550e+00,-6.750491920602437190e+00,8.739604003280406763e-01
9.296533139595654305e+00,-6.717242732237648895e+00,8.886746339202786782e-01
8.771965614375464071e+00,-6.656295701380199326e+00,9.260792668322957999e-01
8.241418561846492352e+00,-6.662876702700488707e+00,9.099932668470842589e-01
7.715243308434136082e+00,-6.640221478943559852e+00,8.922358148880353834e-01
7.196161848499007974e+00,-6.620234240333766174e+00,9.186120070708474472e-01
6.646531422182206050e+00,-6.644336355389134141e+00,8.963330139866400037e-01
6.085474450024970672e+00,-6.617366603734013530e+00,8.884894145988255776e-01
5.570587238499295601e+00,-6.615548065329338812e+00,9.463476479021231125e-01
5.044242984037985877e+00,-6.645491818141028517e+00,9.911575834810004704e-01
4.545105330655095699e+00,-6.620616885915437067e+00,9.704281871066137155e-01
4.014812254820504300e+00,-6.592436979373879957e+00,9.530810587807952983e-01
3.480464895996219887e+00,-6.593757167579697764e+00,9.390802924233778715e-01
2.962224402553131686e+00,-6.539938519402878292e+00,9.127549168152455650e-01
2.413900528164624415e+00,-6.506576347742528021e+00,9.323314678999039540e-01
1.830503793999519679e+00,-6.442584217898662757e+00,9.671835435806870329e-01
1.333678095261284113e+00,-6.355394871816248070e+00,9.862388052718170650e-01
7.200654375174664334e-01,-6.238704436648204066e+00,9.959719747535851209e-01
2.595026121409582665e-01,-6.042728871794337486e+00,9.744897563683470043e-01
-1.720207349229432026e-01,-5.760728555967209452e+00,9.559349662889019550e-01
-5.621202111675529522e-01,-5.424349576522031313e+00,9.123482107154075038e-01
-8.596579127737464798e-01,-5.011710377709494679e+00,8.635354199787663720e-01
-1.130053544279755018e+00,-4.583370846931358322e+00,8.738734657637895475e-01
-1.424704118001367092e+00,-4.087387434392739216e+00,8.735668099234616957e-01
-1.591351344558582070e+00,-3.531997247511409643e+00,8.952124126706796359e-01
-1.759652449723497991e+00,-2.953678196346795293e+00,8.733595170539950603e-01
-1.771666951871067930e+00,-2.340108886283124079e+00,8.347700997001225032e-01
-1.746377139783682697e+00,-1.668207581763537561e+00,8.810190922725454898e-01
-1.623976790923770341e+00,-1.141260287378385030e+00,9.541703709409316003e-01
-1.460762971201712723e+00,-5.834853887816111584e-01,1.064210014137939142e+00
-1.243865445998288966e+00,-8.087165927362388596e-02,1.087099301348585234e+00
-8.501893418944271863e-01,2.490875455257669513e-01,1.034321064990175065e+00
-3.419712483205976372e-02,7.945496099824718161e-01,9.147085367447196358e-01
1.924354361804823665e-01,1.243445571318936960e+00,8.885722907104888213e-01
-3.450513031635418781e-01,4.606433601398780553e-01,1.127171841016129550e+00
-4.839696739646178747e-01,7.908590507623838861e-03,4.216128741501155575e-01
