-1.097273500621175762e-01,-4.473505539220551386e-02,3.487162063515919508e-02
-6.210194794706910826e-02,1.801716248103981954e-01,4.978718517143145283e-01
2.884369114309250914e-01,3.951575758928969062e-01,8.656073553642814611e-01
6.750115563256423590e-01,7.341431710699496405e-01,6.410802323871285235e-01
1.113163829632641377e+00,9.988830848828880171e-01,5.221638234151286806e-01
1.569115777701171721e+00,1.210923215213534743e+00,6.012344637858448859e-01
2.054832027577924602e+00,1.402275269215214060e+00,6.397143422428182014e-01
2.642598025072905532e+00,1.425719422959089711e+00,6.773400776076049512e-01
3.173978511377826717e+00,1.429464026489469353e+00,7.165461736577601881e-01
3.783667182919025596e+00,1.470834766135226124e+00,7.403949722931805200e-01
4.297967106608926002e+00,1.531874265816559166e+00,7.129292172326338051e-01
4.800547779446223018e+00,1.617183838002527629e+00,6.761372899990595320e-01
5.340247484246829046e+00,1.642244895329662890e+00,6.812731313831829061e-01
5.865255042330273838e+00,1.659958001961380214e+00,7.062570019919789388e-01
6.387163048906780105e+00,1.702629471977108011e+00,7.617471882196356070e-01
6.914550325664520436e+00,1.758799345755643673e+00,7.421960032646267580e-01
7.525510288397070369e+00,1.861046724188543999e+00,7.490109188814146890e-01
8.028750340355149007e+00,1.941891199015451930e+00,7.806501857953309642e-01
8.535468068230510852e+00,2.042157646060939413e+00,8.054936244999931771e-01
9.041722170133498437e+00,2.223718818270180808e+00,7.744936775030707432e-01
9.534465674045462080e+00,2.514057303844138502e+00,7.453416840830137113e-01
9.890524910378093892e+00,2.870171149412011236e+00,6.891271878915119498e-01
1.029155404329280366e+01,3.278189649829547303e+00,6.667422705948720107e-01
1.062835331561586294e+01,3.661151855236078667e+00,6.857001588592949171e-01
1.098731941291390868e+01,4.162327245305794676e+00,7.290308061775165882e-01
1.129368582814055699e+01,4.564155612490861103e+00,7.119991888981656025e-01
1.159677255225281556e+01,4.973604784168598414e+00,7.194062288732576693e-01
1.195852029593722499e+01,5.453658450401220215e+00,7.218966367635665238e-01
1.232143402311031544e+01,5.914131177072590617e+00,7.245791545607948025e-01
1.265907561520156399e+01,6.393345097488733586e+00,7.377147822727236903e-01
1.301316266124441157e+01,6.764964634078311612e+00,7.158056946825668287e-01
1.342832127196253289e+01,7.135860577583259534e+00,6.968617311745793907e-01
1.390151708006575682e+01,7.462880074727824109e+00,7.009498369465588796e-01
1.437439809642321009e+01,7.634493915985449242e+00,7.307993765427253097e-01
1.488115385738440466e+01,7.778838705770925621e+00,7.100284201610036483e-01
1.538120056057817209e+01,7.865981593283988715e+00,7.126367871956715838e-01
1.587849894078772195e+01,7.921756067727778294e+00,7.338280736467925891e-01
1.643998018345982359e+01,7.989806979405271292e+00,7.471416801508957706e-01
1.693715762880901110e+01,8.034006304397502518e+00,7.799631669843489767e-01
1.747538641213824206e+01,8.098454363002156597e+00,8.341253204811528432e-01
1.800507092408722798e+01,8.253830372759109579e+00,7.867104428766392710e-01
1.850683599464976581e+01,8.444086118590925949e+00,7.495223920894730218e-01
1.900234596586140867e+01,8.739323644581364903e+00,7.802661553836320874e-01
1.937621574168339933e+01,9.079677428508023951e+00,7.847344587392652837e-01
1.984298627584778174e+01,9.489058819542471213e+00,7.680372263759022156e-01
2.026463423878567127e+01,9.911211867566956712e+00,7.264439202431164366e-01
2.061398357360882372e+01,1.031659831619217194e+01,7.097869942473193916e-01
2.090866517399391356e+01,1.074863113326023978e+01,7.528559493803672620e-01
2.112522714190451012e+01,1.120160273592206757e+01,7.481777610340888396e-01
2.133471584568459178e+01,1.169259763824858211e+01,7.170902068043655264e-01
2.151694932727998477e+01,1.225593631782096971e+01,7.137081854017830462e-01
2.160087436598732324e+01,1.275278234225565832e+01,7.321985317150047079e-01
2.162987208088981461e+01,1.326769551510221667e+01,7.224373981052670812e-01
2.154376415763085362e+01,1.388445485727634399e+01,7.241514108318936049e-01
2.143125928383390288e+01,1.437846004765587793e+01,7.343353643551020493e-01
2.129723466780512453e+01,1.490948938339729501e+01,7.455209179161292887e-01
2.116117451502367786e+01,1.540186198148835217e+01,7.408517746549704297e-01
2.107186822224275602e+01,1.589429167373016405e+01,6.942193546433920170e-01
2.101611592884516000e+01,1.640099089546906796e+01,6.777997477320473196e-01
2.095848995675520143e+01,1.696423019937411780e+01,7.451102673690639389e-01
2.091383922587117539e+01,1.746850612945769399e+01,7.591835804929927267e-01
2.083032827881418569e+01,1.801101583106969528e+01,7.552249045097296776e-01
2.072649291876796696e+01,1.856775066642905969e+01,7.453719530986678832e-01
2.062127795931200680e+01,1.916434189655873865e+01,7.585430752806985311e-01
2.048443148288549764e+01,1.964699788906994016e+01,7.387674822635522665e-01
2.035012146181272286e+01,2.016599544144977330e+01,7.582872343627590217e-01
2.020016220245363314e+01,2.070066236762932732e+01,8.054360813226734139e-01
2.008195494233652312e+01,2.119569657582196598e+01,7.932855960789166883e-01
2.001701180597407159e+01,2.170414244660420522e+01,7.836260789647225833e-01
1.990708557550400570e+01,2.230571408188091453e+01,7.850257980771535582e-01
1.981972179839321413e+01,2.281134906412458108e+01,7.961589562172491918e-01
1.974831745915658487e+01,2.339164237262736279e+01,7.656265633076814181e-01
1.969702432981643980e+01,2.396074182467021885e+01,7.780070284916393852e-01
1.966274155199351625e+01,2.453860649022534801e+01,8.452305676950411240e-01
1.964541190212421995e+01,2.508736213491387801e+01,8.438996461947396721e-01
1.961708870840404728e+01,2.565112564016585139e+01,8.225753049995252475e-01
1.963400383558578710e+01,2.617572979273743528e+01,8.349305174304683108e-01
1.967218273842336629e+01,2.672901465958726064e+01,8.479714979961426868e-01
1.967977845190388209e+01,2.730245602882590461e+01,8.070346472616545253e-01
1.968198305285597627e+01,2.784750901080245100e+01,8.010295504493303298e-01
1.968850676633138974e+01,2.839636700691212212e+01,8.201118150037958188e-01
1.969958436186062656e+01,2.892863235130344890e+01,8.097771818890455719e-01
1.972253157021807013e+01,2.946473018118378207e+01,8.117609235645685262e-01
1.976534008432961542e+01,3.001703101529253104e+01,8.684450820176562447e-01
1.982206830588629742e+01,3.053605460371688451e+01,8.709021347750471875e-01
1.985783779986354247e+01,3.107741717517400559e+01,8.186156053695532453e-01
1.988351159229091181e+01,3.160034477453417168e+01,8.587572321953531596e-01
1.994303243808044712e+01,3.211988471378101906e+01,8.985406736554329976e-01
2.003885007310860544e+01,3.265394908230731374e+01,8.976666604852241438e-01
2.010627224467506480e+01,3.315662803030186012e+01,9.446137718070619638e-01
2.015329366855958071e+01,3.366377767006030552e+01,9.883110175267871833e-01
2.023399448664843447e+01,3.417685037017952254e+01,9.706803837653689149e-01
2.030765771184728408e+01,3.468587112710553555e+01,9.478128506043164148e-01
2.036103042462886137e+01,3.518298191828963439e+01,9.739004006509419664e-01
2.042865276752587178e+01,3.570822177193397096e+01,9.649653038924430604e-01
2.047854164102674090e+01,3.622643678852885785e+01,9.551144055248357301e-01
2.055317280440306860e+01,3.683105307595036493e+01,9.560537768721236729e-01
2.064119432810676358e+01,3.740993877946575452e+01,9.874036986100425128e-01
2.075490687368536058e+01,3.799027836843163897e+01,9.993924604184839522e-01
2.091282375918256875e+01,3.852041756836935349e+01,9.728652223336023974e-01
2.103681861838393985e+01,3.906526614738098147e+01,9.532098718432617801e-01
2.112752583064698442e+01,3.959021153117274139e+01,9.565451022145302629e-01
2.121343110537953081e+01,4.010603914887959576e+01,9.218761155829656717e-01
2.121891172696854966e+01,4.073623626791945185e+01,9.145056338200850954e-01
2.115844446505011689e+01,4.123740128387286319e+01,9.215699307922418093e-01
2.103912053527095338e+01,4.174794154725299222e+01,9.428202431879079137e-01
2.072342202619575247e+01,4.218024501865437514e+01,8.931892720062181157e-01
2.035690593575280971e+01,4.258447322356600040e+01,8.329577063437870743e-01
1.994121567609523638e+01,4.295352635390418072e+01,8.435661064075015148e-01
1.946994745022946915e+01,4.317833213546774118e+01,8.605613373978938663e-01
1.893267599008699165e+01,4.332790819845278918e+01,8.960603819179541185e-01
1.830926949778088897e+01,4.331914812651677238e+01,8.745177451872686580e-01
1.778542797371889250e+01,4.328061065299711174e+01,8.570280278158658449e-01
1.728966882609445932e+01,4.322875880831380613e+01,8.979196965870603897e-01
1.678626188137652875e+01,4.306970464213507910e+01,9.000280297035886390e-01
1.626502621591815156e+01,4.284854840236844353e+01,9.228406669583395505e-01
1.586031067709506281e+01,4.255256304865682182e+01,9.260371805264976386e-01
1.544830343553749508e+01,4.217831114049623409e+01,9.521639611731733677e-01
1.507002202064282947e+01,4.175446535720485741e+01,1.027571463391389273e+00
1.480613128597904549e+01,4.122240712412408925e+01,1.049058451677963522e+00
1.455198287594991946e+01,4.068231556298128737e+01,1.080292190538145292e+00
1.441654473270955172e+01,4.018913029197460673e+01,1.111705416239003430e+00
1.428927605811065860e+01,3.969368123139707905e+01,1.102772642793490299e+00
1.425851394076239664e+01,3.917041692583651979e+01,1.099834927312017596e+00
1.431925307978391793e+01,3.861103202719856142e+01,1.158372430449826185e+00
1.435276166247621177e+01,3.810196392483710071e+01,1.168395524237994865e+00
1.441741787255164198e+01,3.759847987206264719e+01,1.200923541024448093e+00
1.439123992042547151e+01,3.700053868890274344e+01,1.235577301319963572e+00
1.435487772732350820e+01,3.637000957729869555e+01,1.136753552285404201e+00
1.435631776395254278e+01,3.581762732884238432e+01,1.053192692567933131e+00
1.438770006253717071e+01,3.525298885680143002e+01,1.002233573942266309e+00
1.451918418871503746e+01,3.468678918653883869e+01,1.003140327771312679e+00
1.469332415967462779e+01,3.411355971604226767e+01,9.932651547555516602e-01
1.491048622840983207e+01,3.364843561315588971e+01,9.728697013366071067e-01
1.514964306709448039e+01,3.317036287768884506e+01,9.820041048211533008e-01
1.533048050230586234e+01,3.263738557678348684e+01,1.008271778455482215e+00
1.549093006622594082e+01,3.215671587146677979e+01,1.001253732164663512e+00
1.553493746140510900e+01,3.162739166482699460e+01,1.009950897116540292e+00
1.545075971891083100e+01,3.109358915695599279e+01,1.037999255496151241e+00
1.519810014002016807e+01,3.053984381997300090e+01,1.064752900088310472e+00
1.487860819507398702e+01,3.012909749157638473e+01,1.030233206707202198e+00
1.454384668104441047e+01,2.960424633298140407e+01,9.701838307681790452e-01
1.414250618369919188e+01,2.913980771849362128e+01,9.087405438564477578e-01
1.378185355175723537e+01,2.877610516479406755e+01,8.867497966319340952e-01
1.335586643705383558e+01,2.828524669824481919e+01,8.798954477310427791e-01
1.306381075713028572e+01,2.787101855726603716e+01,8.574199552100486565e-01
1.292573570124860538e+01,2.733222290600449611e+01,8.409498813749441970e-01
1.284733083822757926e+01,2.682992958804849692e+01,8.715707236601299979e-01
1.286376578855334607e+01,2.630213184439389806e+01,9.016469248438369055e-01
1.302999070471621224e+01,2.581960432610567935e+01,9.325845220561497229e-01
1.323117726471060074e+01,2.529954176570102220e+01,9.590505282940082754e-01
1.352037628002259240e+01,2.485912600341736223e+01,9.177758406974233507e-01
1.368283081411781943e+01,2.436182750359693472e+01,8.339042508829694889e-01
1.377297034503989970e+01,2.379688148509853818e+01,8.260220266944169332e-01
1.380655053288463918e+01,2.322439680553508623e+01,8.329324933235463524e-01
1.369534562774503428e+01,2.265436799582083083e+01,8.225069697858787832e-01
1.356328624737193422e+01,2.211653432253389084e+01,8.233668022421033461e-01
1.332406304435169631e+01,2.157141497134889008e+01,8.300981057113503425e-01
1.310178622544667881e+01,2.108013671011559254e+01,8.087104811312801900e-01
1.273360899653785694e+01,2.074601652920928885e+01,7.505239256352718158e-01
1.231160515915131448e+01,2.037922038496368060e+01,7.428646403642836793e-01
1.185115409218597726e+01,2.007701264171273436e+01,7.554320104566324412e-01
1.127312964580590737e+01,1.985135540710086133e+01,7.672572117407689962e-01
1.081451989561829485e+01,1.961630580695285531e+01,7.473460988610136635e-01
1.024423540284390199e+01,1.939418966644747400e+01,7.247126565406148968e-01
9.690741175874604707e+00,1.911287484525921698e+01,7.306553388149346073e-01
9.262211487169800250e+00,1.882154781564177171e+01,7.515647786322974255e-01
8.826049658270358478e+00,1.849427103476299195e+01,7.576389082988427282e-01
8.489111289495584245e+00,1.811895486744228023e+01,7.800775326811187904e-01
8.190866775501243424e+00,1.770825379648040609e+01,8.133723964018650943e-01
7.828557909290625894e+00,1.718889735088125192e+01,8.393528801983773935e-01
7.547724502304063776e+00,1.663148512714988314e+01,8.186185995340801158e-01
7.250884153808561550e+00,1.607340224820197960e+01,7.941152044796820908e-01
7.023985509842447073e+00,1.544134869497885099e+01,7.944461201096018055e-01
6.851213989663232695e+00,1.492879564089975020e+01,7.985879538975524383e-01
6.671387264603873213e+00,1.437077815338511755e+01,8.280671181827017335e-01
6.564589595820546464e+00,1.387713547492238320e+01,8.005537944556397889e-01
6.417553968716061874e+00,1.335406902740366242e+01,7.532733160998962285e-01
6.305257505339087132e+00,1.286524805341648836e+01,7.719599051213551499e-01
6.246024972148610743e+00,1.231516906347319029e+01,7.737260110115511402e-01
6.206700383865556780e+00,1.175765443617728856e+01,7.582555234393036914e-01
6.259706793756746102e+00,1.123644512425425823e+01,7.369849745317698098e-01
6.311806826410559346e+00,1.072880758319665517e+01,7.447878501786913130e-01
6.351549383380878488e+00,1.019231611602341836e+01,7.136496106658306582e-01
6.410524065617630995e+00,9.666419016182450363e+00,6.568876517507881152e-01
6.432564624632080452e+00,9.136857431569202603e+00,6.255927536387571042e-01
6.433190380536154329e+00,8.610333786306332726e+00,5.970718558245331486e-01
6.453634664964652323e+00,8.097389888109614020e+00,6.026103895010066491e-01
6.434963970153747326e+00,7.581221065390970182e+00,6.083625038207800539e-01
6.420731260218072833e+00,7.071177627155584844e+00,6.400624495414573012e-01
6.420201577596421849e+00,6.526147170605444359e+00,6.396088149888519148e-01
6.401417066494441421e+00,6.019397145322934684e+00,6.262546197257597980e-01
6.387035340929117844e+00,5.412412497671779121e+00,6.206515743623329806e-01
6.359805539449643774e+00,4.907310536448291849e+00,6.183886406492496990e-01
6.273738901340336405e+00,4.408047362904620847e+00,6.182351524744124083e-01
6.195761686130392576e+00,3.859399640747359417e+00,6.236495778347975749e-01
6.039095692823582162e+00,3.329597127122041922e+00,6.106110009340059985e-01
5.773798190779944939e+00,2.866567135033403879e+00,5.854633566731011207e-01
5.437421498247712037e+00,2.488038576824655568e+00,5.163571650544405145e-01
4.976955894214570186e+00,2.267502363850423919e+00,4.364215105423573382e-01
4.449463255896970004e+00,2.154230964321537822e+00,4.434000469277175616e-01
3.946713629145112368e+00,2.106301519520889176e+00,5.040046825434650879e-01
3.402645237381327181e+00,2.139255063696954728e+00,5.737472855157048635e-01
2.889536385296855858e+00,2.056041314067533321e+00,6.318087955325425442e-01
2.370402655977099204e+00,1.844131430403671335e+00,6.273832136246125790e-01
