-7.685391188967205522e-02,-5.406772481759321292e-02,3.324571181229537403e-02
2.797708486590167465e-01,3.009209449037785755e-01,2.750596866016271069e-01
5.713718126044053935e-01,4.288062871870904069e-01,7.093181882222070467e-01
8.274626664834841550e-02,5.864340459618574419e-01,8.683077582100281466e-01
-4.369343866765553752e-01,6.536733336734987798e-01,8.850017550872090188e-01
-9.296846382956995836e-01,5.681641981393723562e-01,8.494412044213812685e-01
-1.516906353831016352e+00,5.062899555583973976e-01,8.214314484628801871e-01
-2.079183539696901395e+00,4.286593337318380659e-01,7.802863430734207073e-01
-2.592976984972218180e+00,4.828955132065706479e-01,7.308198775279085568e-01
-3.132541703787478760e+00,5.430995835567177243e-01,7.067560996231400106e-01
-3.684126863536903773e+00,7.116347007344980824e-01,6.875975432667588150e-01
-4.239537850318376044e+00,9.209204138996753830e-01,7.066976030781374485e-01
-4.831661064001776751e+00,1.082579617413498951e+00,7.434468759987706843e-01
-5.307608284218181538e+00,1.243414778401431109e+00,7.479170398407887221e-01
-5.801488965669033604e+00,1.349770030129980203e+00,7.178889451409067313e-01
-6.311785780940988744e+00,1.477584388028607920e+00,7.496522097668850693e-01
-6.890686945944770159e+00,1.637500911483464883e+00,7.583872020475490583e-01
-7.397368812130510562e+00,1.768275412774308553e+00,7.214076258556464394e-01
-7.882375924012024804e+00,1.932701856114699357e+00,6.981480323724887915e-01
-8.478740246459993912e+00,2.064977874236739286e+00,6.972768061479849289e-01
-8.977773918830941113e+00,2.180884219028091486e+00,7.332490902514959830e-01
-9.480164938511126849e+00,2.334494263838552630e+00,7.135692861629656658e-01
-1.005510391487917055e+01,2.475480209179203417e+00,6.778725316551682534e-01
-1.054591942451972919e+01,2.633312227978409581e+00,6.995539948313584944e-01
-1.102400822052833540e+01,2.796426569235528348e+00,7.632798962557624245e-01
-1.152268836678302399e+01,2.935713453082457125e+00,7.310629329699802614e-01
-1.199986890877715773e+01,3.105083506451024267e+00,7.061769196189756626e-01
-1.246400702810948680e+01,3.292254262081280025e+00,7.129413709414902378e-01
-1.294032239636955417e+01,3.447708271220137455e+00,6.881722612896050695e-01
-1.341712781275489696e+01,3.653234062663396564e+00,6.653109729269274242e-01
-1.394474926015533711e+01,3.874000224778502144e+00,7.265200452671516373e-01
-1.442229711851977569e+01,4.066974125945543861e+00,7.913263475108872624e-01
-1.487353867493187742e+01,4.289396967068601185e+00,7.625835729953265307e-01
-1.534800467486673980e+01,4.496890390638588642e+00,7.437910233618356681e-01
-1.581713268840313447e+01,4.726314910327721108e+00,7.756667686447493715e-01
-1.624403722635502945e+01,5.000250123898531740e+00,7.674755366045211691e-01
-1.669838985428966183e+01,5.280512754598013281e+00,7.409221252160044235e-01
-1.708670603462578796e+01,5.613865220489773655e+00,7.350469774493149089e-01
-1.743155901118108275e+01,5.979275791089160741e+00,7.498240014270904918e-01
-1.776722165160463263e+01,6.469387806875323221e+00,7.346550506155657967e-01
-1.792118625838672941e+01,6.946866912527504212e+00,7.403322073243687740e-01
-1.816512768913406362e+01,7.387111283263239514e+00,7.648161867059419805e-01
-1.835512393370463258e+01,7.852346608001140815e+00,7.458423448026864078e-01
-1.837220684572192653e+01,8.381737259702470411e+00,5.844095224598352400e-01
-1.837907917381439660e+01,8.905695781889503948e+00,4.063837830594247413e-01
-1.842889785275094638e+01,9.620157948952041238e+00,2.359533481104099384e-01
-1.850244271979782695e+01,1.012310888198411973e+01,2.519727291047235140e-01
-1.863284129727095007e+01,1.062466459650677209e+01,2.496530136544653777e-01
-1.881558576208911759e+01,1.111729698540514377e+01,2.412079983695339103e-01
-1.919326052623309664e+01,1.147751971218502121e+01,2.317655756996467864e-01
-1.976138781329729710e+01,1.167800465030689949e+01,2.364426404999795117e-01
-2.036941848702824132e+01,1.176516457402524729e+01,1.791293029000833870e-01
-2.097965219491152311e+01,1.177295150590817663e+01,1.250883849210019383e-01
-2.174094516734860250e+01,1.182340610951336046e+01,7.428484119458289570e-02
-2.227192756588378586e+01,1.184669148299482977e+01,3.876942528740725397e-02
-2.279261783233039651e+01,1.188961480763498813e+01,-3.267575313638915180e-03
-2.329625082256163182e+01,1.193688331272517722e+01,-1.456942712053613947e-02
-2.386339087917123081e+01,1.200346005660735571e+01,-2.738590154269743976e-02
-2.450300858965549367e+01,1.212314277249957684e+01,-3.125557493902670486e-02
-2.511608859864746179e+01,1.222675833929041644e+01,-3.999275382105592358e-02
-2.561049917486989003e+01,1.230630805984108811e+01,-6.759194949187943835e-02
-2.622572414395261120e+01,1.237532180096834189e+01,-5.789475959590959647e-02
-2.676167296656313255e+01,1.243386671944990063e+01,-5.505411424118775154e-02
-2.727419449353119774e+01,1.248203505220132392e+01,-1.051493720815384336e-01
-2.781159384886107233e+01,1.249070601835179239e+01,-1.593396505656391737e-01
-2.842618105545494700e+01,1.254439658412452197e+01,-1.964221712299898115e-01
-2.902637281155024951e+01,1.268143530305753863e+01,-2.213262024634021774e-01
-2.959273846290325594e+01,1.282386551601779345e+01,-1.893518209831167864e-01
-3.015793081476994075e+01,1.300346710363069214e+01,-1.588136004148398839e-01
-3.073324429186764917e+01,1.313621366886461139e+01,-1.637721916499064734e-01
-3.141516787557998569e+01,1.332196479362472985e+01,-1.662928747051973799e-01
-3.190955527690290694e+01,1.343900881328405816e+01,-2.015601015782807481e-01
-3.249553814159263254e+01,1.356804236443357681e+01,-2.411469009938855546e-01
-3.307123564721060660e+01,1.367323167183087484e+01,-2.727977553344486106e-01
-3.363191579740026782e+01,1.373672320186375195e+01,-2.818397143118689385e-01
-3.416301277455451668e+01,1.385656557357719976e+01,-3.185170426381888631e-01
-3.469152937423485383e+01,1.405380628856194036e+01,-3.602236767276750240e-01
-3.527203653969952057e+01,1.446469757161821867e+01,-3.958570221532029532e-01
-3.569249411803124161e+01,1.488148213081479376e+01,-4.107893033529002591e-01
-3.592876627138891621e+01,1.538291675957915672e+01,-4.726775508315692043e-01
-3.613543949924486043e+01,1.596084208022661954e+01,-4.900045076564401580e-01
-3.629017870698761783e+01,1.656143255470122000e+01,-4.631145666929520899e-01
-3.631705763179190427e+01,1.717261102076862755e+01,-4.521138328203186951e-01
-3.619461963041577235e+01,1.775116245594023923e+01,-4.484405256736212486e-01
-3.581355366094387449e+01,1.818853141060067102e+01,-4.325402286007280495e-01
-3.539833188749400250e+01,1.848896507993969252e+01,-4.338722694805071667e-01
-3.481367872310562461e+01,1.867425928489322118e+01,-4.112062025816668465e-01
-3.420058884007412559e+01,1.875150791038821652e+01,-3.455092641118089891e-01
-3.359640240120923238e+01,1.885641369651213139e+01,-3.754648677843607785e-01
-3.305180080627716421e+01,1.888639983302523717e+01,-3.696768795121203044e-01
-3.247626474413524278e+01,1.887980570336066322e+01,-2.930000573608111392e-01
-3.192661826173457484e+01,1.889743198641370014e+01,-2.904910641774190450e-01
-3.140532133140769133e+01,1.886113039617767129e+01,-2.805728531943306736e-01
-3.083748223850535553e+01,1.882600603193536770e+01,-2.141165661121008368e-01
-3.025790434084764158e+01,1.882208406494746455e+01,-2.220084831515894419e-01
-2.970637029231628645e+01,1.879653736133039743e+01,-2.368083624181613889e-01
-2.915998902742608578e+01,1.882252522755201696e+01,-2.352791683996194316e-01
-2.859445036749023572e+01,1.883439978115873359e+01,-1.860551329179227220e-01
-2.801295058753810707e+01,1.874357991278111513e+01,-1.369859384807895764e-01
-2.744205794026056466e+01,1.872327366129698945e+01,-1.016104315165305555e-01
-2.684623660859862682e+01,1.872724578676953300e+01,-3.174059924851541786e-02
-2.628998741375447423e+01,1.866216804102363369e+01,-1.688980417792302832e-02
-2.574926465713534540e+01,1.863553310016347808e+01,-2.731019291228010612e-02
-2.521607193420226523e+01,1.858639079192116128e+01,2.323458321576445801e-02
-2.463352174593731547e+01,1.854563507203469186e+01,7.348838063524479325e-02
-2.405908629613332295e+01,1.853016802929904472e+01,5.744297296941186515e-02
-2.349263324344689963e+01,1.843216762931730202e+01,6.360695418134901247e-02
-2.292693373906969256e+01,1.829769898529420757e+01,1.360445472236848641e-01
-2.235523506909966329e+01,1.820493755077383113e+01,1.360736552701263813e-01
-2.180764031346126330e+01,1.809361907472689168e+01,1.331341501434331054e-01
-2.128853628800520426e+01,1.802833685022411458e+01,1.910697813776133513e-01
-2.075736948122296610e+01,1.799699121896090759e+01,2.004369351673229716e-01
-2.024219798550371507e+01,1.791025063621248137e+01,2.082340593940243956e-01
-1.974344204846418194e+01,1.779262064955232603e+01,2.599233684311200721e-01
-1.922275220433538934e+01,1.765708106855408488e+01,2.953870030176374284e-01
-1.879140136767970048e+01,1.738890987712843383e+01,2.777348248425753896e-01
-1.840139154522067599e+01,1.707314959069216442e+01,2.721620695906603604e-01
-1.807272369701438208e+01,1.667310941750530517e+01,2.787211120409210929e-01
-1.792030354250116986e+01,1.616739642137703470e+01,2.522049710999517691e-01
-1.780623885768573089e+01,1.565761981728753760e+01,2.426545745655882547e-01
-1.774853177573983487e+01,1.512316227483535869e+01,2.419542147715080249e-01
-1.777345123362261958e+01,1.453506388187977905e+01,2.104075457513752134e-01
-1.775909841546998891e+01,1.400071057345724768e+01,1.726269986372246934e-01
-1.777437382566071378e+01,1.340308399387330418e+01,1.745760095013730862e-01
-1.782871710459326309e+01,1.279532874996366765e+01,1.950226594469618990e-01
-1.786978492123873608e+01,1.229568442216942081e+01,2.065080419848045468e-01
-1.795887223596349358e+01,1.177044847240205527e+01,1.794589671273480735e-01
-1.800138505771378306e+01,1.126246596124909694e+01,1.648417719380419755e-01
-1.802920705404787682e+01,1.075855649252970636e+01,1.900419622690632804e-01
-1.812415372745662268e+01,8.495228008676274811e+00,1.643178707239968117e-01
-1.801623998882536171e+01,7.966924614102719460e+00,3.127505220147251408e-01
-1.768206270296269267e+01,5.443766027978833577e+00,6.952766973161725872e-01
-1.771790779791538739e+01,4.931957781646534755e+00,7.222292597881756482e-01
-1.772445130066353869e+01,4.408292380238096442e+00,7.175619748058035263e-01
-1.781569052908494655e+01,3.801784530701820319e+00,6.736734789385964151e-01
-1.796636640547879438e+01,3.317840525667820728e+00,6.434099143034434087e-01
-1.826106053406531871e+01,2.828409309528625570e+00,6.051158410604076110e-01
-1.864904766176560358e+01,2.463445236024076834e+00,5.952830589404378703e-01
-1.904886829139784155e+01,2.159187660773266515e+00,5.864821745746389148e-01
-1.960480821970217846e+01,1.977161458910342340e+00,5.882859948064461664e-01
-2.017050121576537336e+01,1.929484147668581784e+00,6.026088913142094716e-01
-2.070480616337493629e+01,2.011738883270363321e+00,6.204668788757209397e-01
-2.122838410013611465e+01,2.137939425049514508e+00,6.252973947050025627e-01
-2.178112109218619352e+01,2.316805911934191275e+00,6.032024529089141662e-01
-2.243576793228880462e+01,2.406180726340747089e+00,5.831062037491369088e-01
-2.300562495615822911e+01,2.405574269436288493e+00,6.076650982876454776e-01
-2.361121956494550389e+01,2.354286519911253261e+00,6.000643430611836138e-01
-2.411655481705587079e+01,2.263994546595544222e+00,5.974153834126004758e-01
-2.461919782982493032e+01,2.202546226973064680e+00,6.300905125880871260e-01
-2.517842630437452556e+01,2.048994733165693027e+00,6.610697614457545779e-01
-2.573032982085578269e+01,1.852654252812533375e+00,6.765133041017820092e-01
-2.619655357646283278e+01,1.596625010319466131e+00,7.253109281703464806e-01
-2.651736461329893046e+01,1.204295448493006404e+00,7.553795991916082420e-01
-2.673504342567165537e+01,7.452636592621744160e-01,7.800087969697918622e-01
-2.667669449919596403e+01,1.609171688194515615e-01,7.448253080771584100e-01
-2.647286626983125757e+01,-2.980610450306174219e-01,7.069161027915830120e-01
-2.615303785389242819e+01,-7.096293444509584880e-01,6.298304980392769314e-01
-2.563273117236113308e+01,-8.743317273209492146e-01,5.828915113061335918e-01
-2.508892042318640492e+01,-8.779477129326250795e-01,5.925619778291831841e-01
-2.447017365886115314e+01,-9.089440655425220505e-01,5.914997038857878753e-01
-2.391963284788010213e+01,-8.438461030345059122e-01,5.420746834389847946e-01
-2.341035315062821454e+01,-7.722416400613432153e-01,5.348025268453560077e-01
-2.291132077051262428e+01,-6.614379763299195192e-01,5.632964397203376050e-01
-2.233643968794553913e+01,-6.358849033565560083e-01,6.465051104208159316e-01
-2.180819398665553877e+01,-5.965014773136541049e-01,7.137200292954380965e-01
-2.122657276962950590e+01,-6.042020579359149712e-01,7.818760877453678759e-01
-2.064219245986440399e+01,-6.762195910051554959e-01,7.915034955430835240e-01
-2.007135982297740284e+01,-7.416824204201750703e-01,7.840299722643372382e-01
-1.953605060010660566e+01,-8.201571032476572265e-01,8.018802211923352630e-01
-1.900223292201530612e+01,-9.130490364234153944e-01,8.341332344344447591e-01
-1.848690898973066865e+01,-9.713405233754952572e-01,7.978861724942528655e-01
-1.797027535905288076e+01,-1.068776115649896497e+00,7.541481417693010059e-01
-1.744904376782014666e+01,-1.156596527814929054e+00,7.771130293355518193e-01
-1.693462388876718805e+01,-1.216476273659816254e+00,8.134321817442329294e-01
-1.642727147177774683e+01,-1.302664270091878684e+00,7.986543552001491575e-01
-1.588222495407977775e+01,-1.397156651705180774e+00,8.101661023562929387e-01
-1.533608389596514598e+01,-1.465527930504809007e+00,7.942283214960734750e-01
-1.473443540187191125e+01,-1.557856574962905194e+00,7.205860443708714813e-01
-1.421679696875659538e+01,-1.633325174386821566e+00,7.432702621334031923e-01
-1.367824062431292553e+01,-1.769443362251301277e+00,7.985306784307889538e-01
-1.317872694508997178e+01,-1.912185695113887807e+00,8.414744380323322392e-01
-1.262395051245725952e+01,-2.040992226271278298e+00,7.930157932009082034e-01
-1.210761642998615883e+01,-2.183084079231533803e+00,7.412139408773931182e-01
-1.146911914351949946e+01,-2.338397880881468716e+00,7.321223521499472531e-01
-1.087390458745128363e+01,-2.509792323161812000e+00,7.546616105039103406e-01
-1.037570686029124367e+01,-2.648986146623427462e+00,7.666077874950611992e-01
-9.884407225181398360e+00,-2.743332489568604426e+00,7.278692041357972542e-01
-9.363171317537798188e+00,-2.815155771035489529e+00,6.668922498062177517e-01
-8.799428333398561008e+00,-2.833290168617166760e+00,6.760876547632659328e-01
-8.244829399972658734e+00,-2.843496186089890188e+00,6.598811666505893792e-01
-7.714516773250107207e+00,-2.856059567222528628e+00,6.238394754363886241e-01
-7.208817753447253729e+00,-2.842332497725780893e+00,6.280995741940335053e-01
-6.691852155764005161e+00,-2.809168232740832938e+00,6.288557607770152158e-01
-6.096712475879051851e+00,-2.810343053050122109e+00,6.428283165935254617e-01
-5.496019419994990329e+00,-2.825140033545231244e+00,6.384831639315794449e-01
-4.996165706365519377e+00,-2.875357246645342091e+00,6.112709825312114820e-01
-4.488570934965049553e+00,-2.937039678560166678e+00,6.655649318952994165e-01
-3.955221274110147789e+00,-3.061671312707829884e+00,7.213272906106907856e-01
-3.439188447117755842e+00,-3.294690716705207745e+00,7.517074628343906051e-01
-2.992720844552532622e+00,-3.520490037484101276e+00,7.547719816087778977e-01
-2.512299731552057214e+00,-3.823310954356021529e+00,7.520329573570601056e-01
-1.987848284407432109e+00,-4.186929615754186429e+00,7.572200422662532793e-01
-1.492936482798493891e+00,-4.520149036563494427e+00,7.301189622110877409e-01
-1.082317403410993029e+00,-4.828781922833901952e+00,6.744682526706768932e-01
-6.549974323597659298e-01,-5.119024007899966477e+00,6.693555616977922007e-01
-2.012281653258717051e-01,-5.386370653885379944e+00,6.693126124652177822e-01
2.296400668759049357e-01,-5.648759894864065600e+00,6.257667474977300914e-01
6.969431512241797133e-01,-5.869612231612828523e+00,6.509155585024829493e-01
1.186493744591736288e+00,-6.043228643133630840e+00,7.003015141878273786e-01
1.691096456890980315e+00,-6.163062985802837623e+00,7.041033056209397012e-01
2.259005887631026166e+00,-6.203320569925613981e+00,7.368955941243754415e-01
2.777512814762745474e+00,-6.179860411239326723e+00,6.906850113402955849e-01
3.321761955195444926e+00,-6.054591120639677193e+00,5.274406810057127304e-01
3.728682150986442068e+00,-5.784072285462349861e+00,3.855359207884992423e-01
4.052251635515913719e+00,-5.293805356890800340e+00,2.767502508822746732e-01
4.084612467679636261e+00,-4.773351402525589648e+00,2.416603659619338540e-01
3.847766095869129099e+00,-4.325828086246740867e+00,2.604232032923792239e-01
3.511832160458014940e+00,-3.891639531313137557e+00,3.714247014546190329e-01
3.155023418867410001e+00,-3.558009520592361419e+00,4.864522522334887578e-01
2.753555226177171189e+00,-3.114044440516971157e+00,5.830272394399942382e-01
2.381408303460597509e+00,-2.714671764238368201e+00,6.337263886283900360e-01
2.013959024043701973e+00,-2.374185731378299469e+00,6.834683591588288643e-01
1.644152204567833397e+00,-1.991535350990977005e+00,7.205114328929929091e-01
1.207414990171581604e+00,-1.647275982586629883e+00,7.120199153410804449e-01
8.165837856525580696e-01,-1.301490247672916656e+00,7.670152908543078629e-01
4.562484934248886570e-01,-1.057733657655504089e+00,1.072636534199419511e+00
1.759182117977797222e-01,-6.193982875020248580e-01,1.014671440751237830e+00
4.496429347229889684e-02,-2.862805400185958749e-01,5.398916577274375239e-01
