-9.325728125813088909e-02,-6.332673438471470018e-02,4.636914765557983986e-02
2.058553261406471657e-01,2.822186765656696239e-01,3.568336306044721518e-01
3.800160537404542183e-01,3.405082532782639504e-01,8.373352780306483334e-01
1.310789860731612355e-01,5.768370362735464330e-01,1.232231604475017450e+00
-3.619165757378672854e-01,6.751842093972044712e-01,1.159753945243636508e+00
-8.301241601308615436e-01,4.665354865883326041e-01,1.046931866189283244e+00
-1.316691967489542314e+00,1.823891052621870734e-01,9.748333396770584303e-01
-1.729440518295743301e+00,-1.420589310243882131e-01,9.994013511859461962e-01
-2.191693775440299863e+00,-4.450039497528507915e-01,9.751608830605827949e-01
-2.704672665452205749e+00,-6.223316836575977229e-01,8.350494178272097612e-01
-3.194716958617119129e+00,-4.169608943800304779e-01,6.883047369223080914e-01
-3.495849944167545242e+00,-1.329191613470444983e-02,6.259588453975629685e-01
-3.789095890433349378e+00,4.724435119498884839e-01,6.387423760059627309e-01
-4.198645399363376107e+00,8.123229052307554543e-01,6.929043446243515758e-01
-4.683293429026638144e+00,1.066414209534661151e+00,7.200308495013900689e-01
-5.209008211572076164e+00,1.194917492759925981e+00,7.332895554096572344e-01
-5.746307576535389039e+00,1.314727601824681624e+00,7.230561582647093699e-01
-6.307131156847746389e+00,1.398176101006771255e+00,7.369974188340222554e-01
-6.885578086702661693e+00,1.458671876275951629e+00,7.681241767413725663e-01
-7.476500475517891431e+00,1.551541958359610396e+00,7.767185235652228625e-01
-8.080139865644790476e+00,1.584683726762330824e+00,7.684805024213495761e-01
-8.623252012213129092e+00,1.639120709959376310e+00,7.512145902264711905e-01
-9.188629389201329545e+00,1.682950179303863703e+00,7.522006379605197246e-01
-9.688042609884664813e+00,1.726295166457953334e+00,7.666035323143076674e-01
-1.017886769452272056e+01,1.835537935674261600e+00,7.769317851324878399e-01
-1.079574764978538326e+01,1.938424871865831900e+00,7.771170385450194562e-01
-1.140043908772632619e+01,2.087999460487723002e+00,7.787959123664576211e-01
-1.197121366001928777e+01,2.262139950037581837e+00,7.841287878014100432e-01
-1.253352316401641353e+01,2.417502614372711189e+00,7.499821358149889594e-01
-1.308614931597928077e+01,2.637466540544049831e+00,7.388077786039332073e-01
-1.356619776548107303e+01,2.861915637800606760e+00,7.258466807602127480e-01
-1.397204544918649560e+01,3.183712323690661261e+00,7.070049564516591722e-01
-1.438597843994870473e+01,3.516080443423060586e+00,6.992188332055095934e-01
-1.480500960480111772e+01,3.839677365078896454e+00,7.029967190186361403e-01
-1.524479204275988664e+01,4.282277837024873968e+00,7.214291585613893387e-01
-1.558860014095924029e+01,4.721751530309083122e+00,7.152970193768820595e-01
-1.580729395969204987e+01,5.238908263274534072e+00,7.158124138991582841e-01
-1.598235563289951955e+01,5.783523769628022393e+00,6.908912702139357043e-01
-1.610949077627468640e+01,6.298764434117985367e+00,6.765465582198577632e-01
-1.621052725499792047e+01,6.840761127500847749e+00,7.010880993854413656e-01
-1.615169928251767217e+01,7.361220010805715752e+00,5.860634526973921288e-01
-1.609047074264964294e+01,7.828478310060530632e+00,3.977130257718213269e-01
-1.603975389870406687e+01,8.374858205535787192e+00,2.320623112293978274e-01
-1.605037442553208038e+01,8.943514142866144212e+00,1.314566599278416681e-01
-1.601835123688575635e+01,9.494311318427161694e+00,1.313486977102460151e-01
-1.596342788838578919e+01,1.004246269993087459e+01,1.538759102695285430e-01
-1.595564888088878597e+01,1.055754977366361302e+01,1.623205662506794766e-01
-1.597009641280940961e+01,1.114428162283517665e+01,1.870842385607376923e-01
-1.602210285817973912e+01,1.172850411148529481e+01,2.204739002177845131e-01
-1.609600470658904925e+01,1.230993786244160049e+01,2.341188113033066398e-01
-1.610690258445840328e+01,1.281557619434784634e+01,2.086555918917573638e-01
-1.610255699784501715e+01,1.337593672644976728e+01,1.805514724762222745e-01
-1.606597760984451639e+01,1.391582994278961216e+01,1.744366113970260979e-01
-1.595443297797594973e+01,1.447292882656095436e+01,1.750301191359673048e-01
-1.585740740167322826e+01,1.505249079992388239e+01,1.523927292999091576e-01
-1.573427369327241543e+01,1.558026204463921438e+01,1.628618452411041417e-01
-1.560002495576300774e+01,1.613251129852970678e+01,1.974292188631329159e-01
-1.551387137517472325e+01,1.671987063882535196e+01,1.810415446437924902e-01
-1.545648038506480582e+01,1.726974845024182059e+01,1.797780425708413177e-01
-1.541808245821569656e+01,1.778017819085848572e+01,2.083839156009785754e-01
-1.538385755192899218e+01,1.829552170076679118e+01,2.106853436323251061e-01
-1.531725086915566791e+01,1.880743422877621995e+01,1.717433566626034580e-01
-1.527767621908245488e+01,1.938966869857922504e+01,1.587408077624013203e-01
-1.525637411176156277e+01,1.992169240721500501e+01,1.898941913853659791e-01
-1.524530409572596845e+01,2.044693353961131166e+01,1.885123875545119676e-01
-1.526397758653050296e+01,2.103399415096993152e+01,1.898455104554424011e-01
-1.528542797570462142e+01,2.157315942153115174e+01,2.319018237623065026e-01
-1.527382470726876385e+01,2.208886330354030747e+01,2.709121085408383034e-01
-1.529643994768991533e+01,2.261543565982221082e+01,3.964227779690275844e-01
-1.525984262854660400e+01,2.310468335620517166e+01,5.737591251235326650e-01
-1.515181024979441737e+01,2.359121549805325202e+01,7.321300011406566277e-01
-1.502534909578024802e+01,2.410395126011854217e+01,8.948535309208931476e-01
-1.489762582588721784e+01,2.460360211521360441e+01,1.126350542221527196e+00
-1.481728691424656574e+01,2.508488030673166236e+01,1.301022682624799698e+00
-1.481668056209244533e+01,2.562354632884633432e+01,1.435387198226837802e+00
-1.478510341003160455e+01,2.614459766324741707e+01,1.463643228628505266e+00
-1.466767673592313415e+01,2.670442374384361273e+01,1.456539028285845250e+00
-1.442684613649949910e+01,2.714303763873035891e+01,1.434554778677377573e+00
-1.403809367365615834e+01,2.752957600853814313e+01,1.453991337535174289e+00
-1.355503861364764084e+01,2.774443936565531388e+01,1.468232360528370917e+00
-1.304593574145077639e+01,2.780796156743672398e+01,1.456704909144372007e+00
-1.253670542082788053e+01,2.782857120882830770e+01,1.410638061433628021e+00
-1.203624011473780975e+01,2.778030946147278613e+01,1.380364623704189109e+00
-1.151911440330540159e+01,2.773840977099524707e+01,1.406980570034222389e+00
-1.091163491854991108e+01,2.768336650901548168e+01,1.402855665458966339e+00
-1.043218673078776426e+01,2.754125882878086529e+01,1.342588054903838035e+00
-9.933818158973901191e+00,2.741860039419418982e+01,1.308399199382539235e+00
-9.442973870800294378e+00,2.728370641217705383e+01,1.298655331870991247e+00
-8.945424350997951635e+00,2.712953747536577254e+01,1.255644015150310544e+00
-8.418587792622098220e+00,2.702790614173424899e+01,1.220690551617942710e+00
-7.920080499478267200e+00,2.693011633526574045e+01,1.243902251266459702e+00
-7.301614297237094320e+00,2.680912927991671424e+01,1.262590773345815043e+00
-6.803948948071817604e+00,2.673519003291356100e+01,1.251401252540438325e+00
-6.314905942650975490e+00,2.662410504495229446e+01,1.237986567108839253e+00
-5.820451073695941169e+00,2.654699260544344952e+01,1.256759866089843580e+00
-5.291451175389392247e+00,2.646835000120934822e+01,1.254242334336563625e+00
-4.708207137979578683e+00,2.631769543593603089e+01,1.195511294477610509e+00
-4.178611925476726441e+00,2.621619565686351550e+01,1.119945712937255644e+00
-3.674018232965187813e+00,2.610548380624515730e+01,1.106707694414668097e+00
-3.165749222790690265e+00,2.598848519633182264e+01,1.116497836599416482e+00
-2.665907810807526701e+00,2.593050609335631052e+01,1.122480692975939887e+00
-2.163517983827579094e+00,2.584396741423949351e+01,1.090993698782316779e+00
-1.637416206253495821e+00,2.574371247358823567e+01,1.086959127615559018e+00
-1.068988660229792442e+00,2.561635819765875866e+01,1.065952550551685363e+00
-5.256731894510557890e-01,2.542595571834484147e+01,1.047002700565536903e+00
-2.417165031611972353e-03,2.530276944122329397e+01,1.050531707882648824e+00
5.161504660256457377e-01,2.524908943588160071e+01,1.028195190240259294e+00
1.031586657793448936e+00,2.518184986549492166e+01,9.458329206913860254e-01
1.615940127425012918e+00,2.520846027489302799e+01,8.771890949194531828e-01
2.119813207717749393e+00,2.520052604793501416e+01,9.165451929006037668e-01
2.642751280862588814e+00,2.511676187342860800e+01,9.321592678760427519e-01
3.236877238917064581e+00,2.499819464060147212e+01,9.298432460173002845e-01
3.746773892355201863e+00,2.485193489189887117e+01,9.014073067252642568e-01
4.237702110322902449e+00,2.472183585340725287e+01,8.439436862437822429e-01
4.842094312125188260e+00,2.452372820198315040e+01,7.855447057540738687e-01
5.377470866402134675e+00,2.439985507104375273e+01,7.879757767617003861e-01
5.944351130264732497e+00,2.435762601128056204e+01,7.854575515174775369e-01
6.505437679646393079e+00,2.430610941159336136e+01,7.549998225428458110e-01
7.084218071797745431e+00,2.427345259392741639e+01,7.655489580261850557e-01
7.619507513003334509e+00,2.424009673516657415e+01,7.711638120289960874e-01
8.140070716727700884e+00,2.416103900136988258e+01,7.527566097206428442e-01
8.643326976454991595e+00,2.408453921734095005e+01,7.669658301137667333e-01
9.178386891049875373e+00,2.399115999551307610e+01,8.017936162330330241e-01
9.718645728540352025e+00,2.389686284897899782e+01,7.608218032590134960e-01
1.022123026886786334e+01,2.387195782358033824e+01,7.511393712215869156e-01
1.073841205440377422e+01,2.377980451465645118e+01,7.751826463158044689e-01
1.131360389832342861e+01,2.365756974913360011e+01,7.891199794299875725e-01
1.182273125317275131e+01,2.359819134243308625e+01,7.589834256331983164e-01
1.231894268686452243e+01,2.352002862580176767e+01,7.356388432459299853e-01
1.290180522220878245e+01,2.344648520559304927e+01,7.565623494439949193e-01
1.347833895797094605e+01,2.344430353143773971e+01,7.207338227700803568e-01
1.398323566730318213e+01,2.346217729232300542e+01,6.701849664927129746e-01
1.455409718840423849e+01,2.352363212254443781e+01,6.812587375622414232e-01
1.505805085426803558e+01,2.359191758639206427e+01,6.973604940671840335e-01
1.567403483331145964e+01,2.360011269057105920e+01,6.923690506564255109e-01
1.617901605330981596e+01,2.361041534272849063e+01,6.877387849775400408e-01
1.680591368933603391e+01,2.360721501627399022e+01,6.836269804852712628e-01
1.740834295988196700e+01,2.360774167564365200e+01,6.980629327454122013e-01
1.793719040087642469e+01,2.363022272043271244e+01,6.760873102887867692e-01
1.851523926753539584e+01,2.360145062376244951e+01,6.444913376447793940e-01
1.910395990822792101e+01,2.349763455034376847e+01,6.636139557573340619e-01
1.969389000373323739e+01,2.332681513375053228e+01,6.752831282941932356e-01
2.014325063743059374e+01,2.309882000396840951e+01,7.225461127656429561e-01
2.064581186826178794e+01,2.273391120036850666e+01,7.429828976701685628e-01
2.095008968357804235e+01,2.227966618155952716e+01,7.250545500955779543e-01
2.117974887878877510e+01,2.180241965411960692e+01,7.477028977265836041e-01
2.134725328987208925e+01,2.128606217417697266e+01,7.816082119800874528e-01
2.144901916506891126e+01,2.068433321649423107e+01,7.621813025847813394e-01
2.153067330283493774e+01,2.018373889072819338e+01,7.611219557292893123e-01
2.157561401067874129e+01,1.964016412597612415e+01,7.809940850980988669e-01
2.156246372969760472e+01,1.906501786867617909e+01,7.489353921292566385e-01
2.156093337383576625e+01,1.853905177641236079e+01,7.186334158534106731e-01
2.154799687333764879e+01,1.802460168527235140e+01,7.415969266831414775e-01
2.150381130199940216e+01,1.751832275115004833e+01,7.340660725560513855e-01
2.149449358428068635e+01,1.701195909139918783e+01,6.901453837986144535e-01
2.148916895417592698e+01,1.649627679258900415e+01,6.958497273921915305e-01
2.147593793331088463e+01,1.596695548006102428e+01,7.322731943603525417e-01
2.150386745210640171e+01,1.545860747290661408e+01,7.287107135474263364e-01
2.150756579778905220e+01,1.493070020941651244e+01,7.376590235615698710e-01
2.152266454497832271e+01,1.441249825487559733e+01,7.675180174472343575e-01
2.154620292500397483e+01,1.389535546039449798e+01,7.654937690655714277e-01
2.152328897167767963e+01,1.335683030810632310e+01,7.308091379110406294e-01
2.154343542804737410e+01,1.282420338287694861e+01,7.522432947151198590e-01
2.156656302429817629e+01,1.230190854494837360e+01,7.744446749846684019e-01
2.153285609520210642e+01,1.178901826534447750e+01,7.237306809234473892e-01
2.151746511826299368e+01,1.116206094938158166e+01,6.840011216584588327e-01
2.142705591856365643e+01,1.057435140886360969e+01,6.667623321568297845e-01
2.127909590591899658e+01,1.005550303327450656e+01,7.014215161356067707e-01
2.115061123195386728e+01,9.567105246004567576e+00,7.088259910872309888e-01
2.096479284779331209e+01,8.996474504999701693e+00,6.937572364247552859e-01
2.084312068551808750e+01,8.482211318585777704e+00,7.023929356263103330e-01
2.075154900355234489e+01,7.968656727007584983e+00,7.276587707280141037e-01
2.062366210311484949e+01,7.442893053810268889e+00,7.165286104182777560e-01
2.051408652312008130e+01,6.926006658945793149e+00,6.978655515356784189e-01
2.038858629706063752e+01,6.423271790036782392e+00,6.987851861766806172e-01
2.022038770470688007e+01,5.919362707944894275e+00,6.493730798118612091e-01
2.013149806315295365e+01,5.426794309783459447e+00,6.193013395382240827e-01
2.004063401024114199e+01,4.831171135927057492e+00,6.305551092937409230e-01
1.996939445274528069e+01,4.325586924514957410e+00,6.695935076004800868e-01
1.993101987006109255e+01,3.815596421330488042e+00,6.895272122241339341e-01
1.988922799631889049e+01,3.299987968890436107e+00,6.825054323714840887e-01
1.984070096113263304e+01,2.766576561594236594e+00,6.996320831361906301e-01
1.980418976652481433e+01,2.251021883651595168e+00,6.787790547966254806e-01
1.970692173340199460e+01,1.630143252429074208e+00,6.314857555196007333e-01
1.963335097075873747e+01,1.115127844377409305e+00,6.201454861947649499e-01
1.954115906988151963e+01,5.919778867072529316e-01,6.363733112086081833e-01
1.939638801554543690e+01,6.850978855471756557e-02,6.236583643914754838e-01
1.929276808067344007e+01,-4.716160242276999925e-01,6.187989422764790248e-01
1.919837738512889658e+01,-1.000199383110385698e+00,6.302002579328382925e-01
1.907974964393215700e+01,-1.532790940737568830e+00,5.991146275824447143e-01
1.894854665080663736e+01,-2.064004460709327748e+00,5.754754128948444958e-01
1.874456589697027553e+01,-2.554763398836200849e+00,5.988166837503511308e-01
1.847601082456908372e+01,-2.989073140419051366e+00,5.841847412872792633e-01
1.812527460652333744e+01,-3.431593222108276109e+00,5.621023073339838083e-01
1.761666149597984088e+01,-3.804957694902696197e+00,5.431927368685528501e-01
1.714095716998962970e+01,-4.010360167089341843e+00,5.603079033025020195e-01
1.661545539371415003e+01,-4.145740175869297772e+00,5.488862960232988586e-01
1.605204685200992643e+01,-4.156404871720821070e+00,5.470270920546734805e-01
1.550549559159716573e+01,-4.105410676561383809e+00,5.990801670014352931e-01
1.499377244205804693e+01,-4.050848693927276756e+00,6.020555469029647000e-01
1.441256184235842497e+01,-3.927694625650967275e+00,5.949643411635383572e-01
1.388453188251260606e+01,-3.834774712754354553e+00,6.296349692883164151e-01
1.327863106018614658e+01,-3.709694416522677063e+00,6.653059605972031498e-01
1.276808088198871793e+01,-3.578422330887712999e+00,6.536336226480968792e-01
1.216192488012166883e+01,-3.479589490472576152e+00,6.469795025282211176e-01
1.145948186678533531e+01,-3.219740666396011974e+00,6.546638801594993895e-01
1.090056571993024903e+01,-2.957973718791906403e+00,6.604988295071300142e-01
1.045046167592984077e+01,-2.674131581263755830e+00,6.623628610843564912e-01
1.000290155999671704e+01,-2.357162131838036689e+00,6.691587806147519801e-01
9.535629629317712741e+00,-2.039676678299212398e+00,6.855166003881895120e-01
9.142979958071357771e+00,-1.707416116440895637e+00,6.831898004104153266e-01
8.729444379114747576e+00,-1.389110087375579283e+00,7.300532414387033153e-01
8.296718981000875459e+00,-1.114710108467423577e+00,7.411456838317372897e-01
7.871595051734503912e+00,-8.379487168676974518e-01,7.069007734092327411e-01
7.312248796431608966e+00,-5.309864822268525186e-01,7.076379595727279037e-01
6.870294909663765992e+00,-2.791368359911637897e-01,7.363296327641005723e-01
6.342709506001948050e+00,1.313571238384501905e-02,7.598636568866561358e-01
5.868612948615897551e+00,2.098887345095485912e-01,7.522304510003939848e-01
5.393406988329124019e+00,4.131679205657006748e-01,7.287480469080326317e-01
4.864895132418000756e+00,5.831882882459032968e-01,7.311137531080506013e-01
4.288141350857849865e+00,6.695881957922790173e-01,7.405921305770275520e-01
3.761740436733536086e+00,7.190325728431508079e-01,7.152346684939426824e-01
3.261068531951073268e+00,6.967503289347709572e-01,7.050288149864050169e-01
2.744806448211623451e+00,6.728834798120311156e-01,7.187745786632262490e-01
2.210677886417033111e+00,6.564480027448810207e-01,7.428475961400365923e-01
1.701571252302472192e+00,6.084673309189750912e-01,7.507885198932487958e-01
1.171858176469901647e+00,5.560060210122177438e-01,7.619266848633436950e-01
