-2.678670145484228493e-02,-7.232243900804830039e-02,7.435016700375526866e-02
2.047194601231179245e-01,2.499264445297977866e-01,4.100868004515990650e-01
4.436097336592073614e-01,5.605156319365680595e-01,7.675559180935430659e-01
7.216928362026600041e-01,9.911560261133690597e-01,7.213514827053028045e-01
9.890494230055877356e-01,1.411070261180285668e+00,7.815735937465607686e-01
1.527393468454436576e+00,1.544788355303600813e+00,8.307288010167994674e-01
2.027059623270311306e+00,1.182679088273752122e+00,7.746892006379575424e-01
2.347717939455406189e+00,7.050023700604064469e-01,7.097872684833019807e-01
2.643969412212001213e+00,1.731702544134556265e-01,7.334003048832078431e-01
2.904262608727092410e+00,-3.336582093762490708e-01,7.287715464415128741e-01
3.110683659522983202e+00,-8.052472303769954154e-01,7.230113718510000620e-01
3.325030165065440357e+00,-1.295083550791359617e+00,7.730034136223680186e-01
3.628021210983919609e+00,-1.810751980541355222e+00,7.722894668531362639e-01
3.875920731689955101e+00,-2.277250815723988353e+00,7.499241334965464079e-01
4.131651563245953618e+00,-2.706786969182788383e+00,7.655261516450703185e-01
4.479002956205942354e+00,-3.187994130593510889e+00,7.510072037291625202e-01
4.790251280246777377e+00,-3.700120140676729008e+00,7.186817641218475883e-01
5.154330530169415781e+00,-4.176609313532959611e+00,7.036567302347415120e-01
5.516786242411591878e+00,-4.638536447250102057e+00,6.990707628123055128e-01
5.908664525147767854e+00,-5.113642054842483908e+00,7.159735258805298708e-01
6.295043429692400494e+00,-5.465590751804086267e+00,7.277564664302501596e-01
6.717605363040252797e+00,-5.891970220890549115e+00,7.137137754201127171e-01
7.116164669536289011e+00,-6.210075346715912659e+00,7.070156211269204016e-01
7.531408019321544245e+00,-6.506362173043362063e+00,7.214351513348574718e-01
7.937566726464354794e+00,-6.808379050531918608e+00,6.962476870583647059e-01
8.414730496564896356e+00,-7.016227870146522605e+00,6.716034686847389690e-01
8.893028366185296463e+00,-7.164726471843869682e+00,6.677880196569343507e-01
9.481795145744619902e+00,-7.329275480856815683e+00,6.534972988089525758e-01
1.006147010681402421e+01,-7.298111176429276092e+00,6.076731470602165786e-01
1.067771466039819828e+01,-7.258023500203073297e+00,5.553987816678181977e-01
1.118824274590965651e+01,-7.167461415016266102e+00,5.538938795103819368e-01
1.170966921949985817e+01,-7.034595852824467421e+00,5.825936405439652299e-01
1.226060479248266688e+01,-6.928049081310659219e+00,5.790177515174917966e-01
1.276303391294651846e+01,-6.751077990648500560e+00,5.756659953206993974e-01
1.329929656280995687e+01,-6.542544298126282243e+00,6.858350006620993478e-01
1.376075482684377249e+01,-6.357164940732523917e+00,8.439568812172183465e-01
1.420135347710607654e+01,-6.112732744174460109e+00,9.374774086521607819e-01
1.474066118441761652e+01,-5.803472139778667938e+00,8.790404757594812990e-01
1.511572270717374522e+01,-5.487467422262715999e+00,7.539782232131602147e-01
1.541443100373154707e+01,-5.128607690960263810e+00,5.186789056265542763e-01
1.567984210011478297e+01,-4.750561970574529447e+00,3.104161704830084578e-01
1.591816662026400131e+01,-4.287955512824704662e+00,2.629139249888337582e-01
1.613502439096983565e+01,-3.737769520626734288e+00,3.314479790611886134e-01
1.635501767258385186e+01,-3.233426890621743155e+00,4.328941234175091024e-01
1.654499117993746182e+01,-2.670680907161956608e+00,5.131398426488810172e-01
1.676183315409882013e+01,-2.151502462312837594e+00,5.861746424202458616e-01
1.691707165823499537e+01,-1.680688936452290339e+00,6.714211175852135005e-01
1.704700488843430506e+01,-1.174820546199701887e+00,7.341057262893621038e-01
1.723903871759308615e+01,-7.054155144174956149e-01,7.942624023908115838e-01
1.739712085119322182e+01,-2.297837937947607989e-01,8.188896745187929094e-01
1.758247737716662584e+01,3.526955709688127660e-01,7.484899847173105414e-01
1.777997141212206955e+01,8.401361685723218731e-01,7.407932602253290977e-01
1.793216215668555691e+01,1.373077635003878250e+00,7.331764821871170623e-01
1.810082699514670779e+01,1.879550793582210222e+00,7.336546999338576791e-01
1.829841804156665219e+01,2.463811964887311579e+00,7.660310469808321310e-01
1.841053124963797671e+01,3.015746138061864645e+00,7.189424353675540891e-01
1.855990542429584167e+01,3.624890359532488837e+00,6.899225485943729641e-01
1.868652298094999153e+01,4.131684044438822312e+00,7.357762303022749029e-01
1.874811685478043444e+01,4.645786552936722380e+00,7.135833491372864934e-01
1.883726809023107762e+01,5.225375478455627665e+00,6.824279793901320001e-01
1.890296018751427098e+01,5.794764723476101054e+00,6.930078389566118879e-01
1.896219850465758228e+01,6.330786968381589830e+00,7.196888184861501836e-01
1.904149846749442077e+01,6.884335615477456649e+00,7.323305987664895378e-01
1.902581211965512509e+01,7.428088842920085533e+00,7.304435038400494129e-01
1.899067919230299850e+01,7.929204899779005444e+00,7.866227362347287810e-01
1.894989774580598763e+01,8.452040044586276224e+00,8.057271653395812194e-01
1.875679806532753702e+01,8.979883067038857192e+00,7.957781555942028406e-01
1.841230162365902245e+01,9.593588759475629502e+00,7.552377209383051015e-01
1.802643374437099766e+01,1.002087357643444498e+01,7.413545669441417019e-01
1.757838718160058988e+01,1.034605076802679235e+01,7.525321587945396073e-01
1.713645609214454879e+01,1.059651376892437291e+01,7.592235287042946590e-01
1.662623343793245567e+01,1.070623366523671471e+01,7.284168404816029341e-01
1.588296081214128819e+01,1.071401984182047151e+01,7.060885767673927838e-01
1.529181047655523251e+01,1.058906679041747267e+01,7.718482097076596604e-01
1.475868786727375515e+01,1.043462898556299656e+01,8.478642540853366105e-01
1.422482803294278320e+01,1.031587371727983005e+01,9.392808255890376934e-01
1.369355580367658654e+01,1.009790957363929387e+01,9.494709293868049960e-01
1.323992729894973408e+01,9.875370746608238548e+00,9.028893523102229368e-01
1.276602334158652496e+01,9.480737173904074666e+00,8.829903407123268488e-01
1.234514120669206427e+01,9.068419595802355460e+00,8.771817927648919433e-01
1.197662271768741427e+01,8.730532297162008959e+00,9.034560174114347753e-01
1.162812027782538138e+01,8.368115156861861692e+00,8.609557197467164746e-01
1.125611475300228825e+01,8.018946487542466528e+00,8.229605756903957126e-01
1.089090379185812729e+01,7.623918402465251098e+00,8.324391661813128618e-01
1.056484481169866463e+01,7.212274736594864954e+00,8.223260631232505169e-01
1.020882672293465099e+01,6.815550763655008559e+00,8.103242365286045246e-01
9.845466643863387546e+00,6.390502293494649599e+00,8.288599219798370443e-01
9.522430507355986506e+00,5.957048286902865364e+00,7.809171768022419302e-01
9.146978126135447695e+00,5.595000813242314130e+00,7.507830053208806032e-01
8.755928843149280993e+00,5.253930925277115804e+00,7.753998096969564324e-01
8.409663997664804214e+00,4.885563052041860033e+00,7.645053762589750779e-01
8.011529094583796251e+00,4.525610729264458953e+00,7.563271388135092144e-01
7.612113159453449462e+00,4.147813165847923145e+00,7.598712490209111881e-01
7.196073558555572625e+00,3.775678008019678344e+00,7.558115855177143239e-01
6.767140957755610309e+00,3.488275445333059110e+00,7.424768760549751434e-01
6.350433630309941790e+00,3.163445189395666546e+00,7.229788621467323484e-01
5.860737318520092387e+00,2.875305497382456554e+00,7.063938256637940505e-01
5.377401011593353708e+00,2.691418800423871716e+00,7.068940206969454021e-01
4.836602979157627935e+00,2.561466912553088893e+00,7.049757772849790660e-01
4.255394478421138160e+00,2.558300533899225293e+00,7.193135276911603038e-01
3.665709297294184932e+00,2.607432819759667453e+00,7.505639187843886617e-01
3.169341129781781063e+00,2.934872889759502002e+00,7.335173312357012865e-01
2.870015267937475301e+00,3.406627463644182452e+00,7.180309120069874318e-01
2.703420694431540650e+00,3.995485387045842884e+00,7.110320370743321572e-01
2.639483197236964784e+00,4.549160161174968131e+00,7.078259243309422688e-01
2.501976924358789933e+00,5.055394147961232321e+00,7.018701788938047637e-01
2.263651132960001089e+00,5.590563902314396039e+00,7.479185706355657715e-01
1.902655771032589094e+00,5.971953666814676431e+00,7.781577033447328873e-01
1.389134032699765209e+00,6.201141262191893766e+00,7.729369548772132559e-01
8.306437312644274762e-01,6.349507670710143437e+00,7.873690635446684016e-01
2.649414370252643480e-01,6.372398144378685458e+00,8.112125961999616663e-01
-2.973597524520401048e-01,6.381687635972160599e+00,7.961034256839465417e-01
-8.577440560965992056e-01,6.299445203579673525e+00,8.039078218247555085e-01
-1.452630924518886424e+00,6.165869007488885778e+00,7.567668798743095726e-01
-2.029357921945166954e+00,6.130742418365551671e+00,7.046607526195461935e-01
-2.541164959626581954e+00,6.095860602074241186e+00,7.021673752128352319e-01
-3.145345028791633357e+00,6.105698126761735622e+00,7.122553802686164559e-01
-3.652159405472068077e+00,6.098584967680572788e+00,7.472276184055426373e-01
-4.160803638036340679e+00,6.100349898103026192e+00,7.618917338473438772e-01
-4.701895625116774724e+00,6.149950356742908575e+00,7.414818379577011731e-01
-5.225710986555299087e+00,6.170069911347597191e+00,7.536531506477074371e-01
-5.751801722842331266e+00,6.169291775006262135e+00,7.570352010654558539e-01
-6.432310739808118072e+00,6.195161094567098736e+00,7.006108005638045366e-01
-6.947785195841118089e+00,6.182523155326105524e+00,6.935166098256084766e-01
-7.509752360875770805e+00,6.212402037335720273e+00,6.911279163353374333e-01
-8.011561470556321396e+00,6.267458332986530323e+00,6.992439372437456724e-01
-8.512458068817588597e+00,6.290534216865491857e+00,6.585011707862051811e-01
-9.040104128591265109e+00,6.316649699796601070e+00,6.156497880577400661e-01
-9.549752892197254539e+00,6.328084532949844743e+00,6.365716302028346929e-01
-1.013591838096514586e+01,6.313007959835332805e+00,6.807436478972809235e-01
-1.064427152209642813e+01,6.336220063626217147e+00,6.877714619248253003e-01
-1.117337021004348152e+01,6.318567465383778448e+00,7.068554943873760488e-01
-1.171344890909839620e+01,6.261381970338949721e+00,7.321835226890509585e-01
-1.220957575060282885e+01,6.183521987105676132e+00,7.403499565158921936e-01
-1.267789400233441377e+01,5.987096665109218563e+00,7.177671055561892777e-01
-1.311364996474469358e+01,5.688731869464275448e+00,7.185591918922421550e-01
-1.346581232339357115e+01,5.315289357513196755e+00,7.271088082157596277e-01
-1.365984135981591230e+01,4.854767719165032247e+00,6.898853293696002309e-01
-1.378107577101235925e+01,4.332088803083784967e+00,6.561760475129589931e-01
-1.382819539493898553e+01,3.823904645382767420e+00,6.566443355213886779e-01
-1.376474085504864853e+01,3.268604083165635110e+00,6.110532202889816800e-01
-1.373626220603669879e+01,2.711354899612120395e+00,5.533428669786343290e-01
-1.368593350410070109e+01,2.212064011285373333e+00,5.475264505018027084e-01
-1.366048395462393472e+01,1.624420673044989050e+00,6.327241551059578084e-01
-1.363180408236905627e+01,1.121678604106945976e+00,7.008455232012330560e-01
-1.362227823051057563e+01,6.214809966999518265e-01,7.524929052669210305e-01
-1.364288960433723830e+01,1.180863404778378922e-01,7.599874430587107987e-01
-1.368133427246841549e+01,-4.356580231753204302e-01,6.969196411501299426e-01
-1.375541739835827570e+01,-1.041623124195380390e+00,7.025959986081824482e-01
-1.377891992209475625e+01,-1.553659853622956000e+00,7.310078125276029404e-01
-1.378370230629135307e+01,-2.101733527713630423e+00,7.406008593545509999e-01
-1.377367227767769187e+01,-2.709338686590871514e+00,7.427804207192355568e-01
-1.370289395782668507e+01,-3.267637952338774632e+00,7.297349062146403220e-01
-1.358951137951229704e+01,-3.783167612465944352e+00,7.254158953580277513e-01
-1.343338366149953522e+01,-4.285833543729434147e+00,7.170101787823088824e-01
-1.315347398616466812e+01,-4.768144507930015763e+00,6.711136227515900332e-01
-1.285667615805351716e+01,-5.182964114007106993e+00,6.260577380915227641e-01
-1.242439064622545786e+01,-5.567833555922075739e+00,5.978649842299973427e-01
-1.192117455427786687e+01,-5.831521766529732531e+00,5.885706057724567897e-01
-1.135648736654491664e+01,-5.960538648294560815e+00,5.942941089337870908e-01
-1.083695645169081523e+01,-6.045183948078890701e+00,6.130787682054525956e-01
-1.026453563712115091e+01,-6.128157494388381643e+00,6.358549206493369077e-01
-9.754084519282550048e+00,-6.169721341150192551e+00,6.564599384302400864e-01
-9.194142900191083712e+00,-6.241114965927240021e+00,6.861511365363993642e-01
-8.671496133711951160e+00,-6.249719471678874427e+00,7.195089461894410565e-01
-8.100984176892314537e+00,-6.261333859272689928e+00,7.303504948625930693e-01
-7.559579258559208981e+00,-6.295860787365794131e+00,7.134677442086083676e-01
-7.054892414164426917e+00,-6.297575990939770385e+00,6.840646894515181042e-01
-6.530991839273291966e+00,-6.316481758496991006e+00,7.049986721608373363e-01
-5.998921544055327182e+00,-6.375671638762667293e+00,7.382775537952896983e-01
-5.437375713277107003e+00,-6.398610063146295879e+00,7.071028117173359107e-01
-4.935230765116951801e+00,-6.453030212981558655e+00,6.870611758994270568e-01
-4.342349743145921259e+00,-6.514480773533718683e+00,7.175179805966869218e-01
-3.831667630609608022e+00,-6.539106839532218274e+00,7.402124285765231404e-01
-3.308312935224352991e+00,-6.589183189990613698e+00,7.469001237368593227e-01
-2.803578965496810849e+00,-6.597836030445581201e+00,7.635089404550768899e-01
-2.300874410155057781e+00,-6.588644396509932832e+00,7.890504948050823808e-01
-1.729797812048467831e+00,-6.589801623375671547e+00,7.814864194249377949e-01
-1.212567808735172781e+00,-6.554137519656324962e+00,7.414747478371530587e-01
-6.121742064094132241e-01,-6.492050643748132899e+00,7.111005653916837588e-01
-1.102226902033256184e-01,-6.447701609794654232e+00,7.471349474068835761e-01
4.612415436397631630e-01,-6.370569806411023883e+00,7.527490398036738029e-01
1.079312010914573960e+00,-6.327641519281307581e+00,7.345173902557498025e-01
1.663079659867091387e+00,-6.228562561203920822e+00,7.201975022948575722e-01
2.260757557871319268e+00,-6.131681967842872005e+00,7.043176783613604997e-01
2.846254887635990105e+00,-6.042107722251311763e+00,7.487233064223220991e-01
3.424717440684496683e+00,-5.876249075039657654e+00,7.733043080338622977e-01
3.937746031073416031e+00,-5.690499787013242106e+00,7.926038596905006228e-01
4.372001339027958622e+00,-5.381832578521840382e+00,7.579936112418954597e-01
4.797325233905817221e+00,-4.918032782248030088e+00,7.455129235038935320e-01
5.085043798193234821e+00,-3.232296992565907523e+00,7.535529701919907453e-01
5.076269339389986257e+00,-2.708779048875266771e+00,7.681008075355056919e-01
5.061873467367486334e+00,-2.186958227486993867e+00,7.672480858424809425e-01
4.959213441400708078e+00,-1.686857790014166358e+00,7.749517985621964256e-01
4.864709156759832176e+00,-1.130017254775148361e+00,7.577797619637327564e-01
4.665720943564124923e+00,-6.468376567199335403e-01,7.486250713310298455e-01
4.346997653252873128e+00,-2.113888992065410810e-01,7.523080175944358849e-01
3.976619807855930500e+00,1.729040518257543568e-01,7.634512637604321528e-01
3.504236508802011762e+00,4.451869504748529049e-01,7.371956598193386556e-01
3.018883114264554912e+00,6.542753419048947805e-01,7.203532027622174816e-01
1.796050748322939983e+00,6.924422683347573049e-01,7.648327316777715490e-01
1.226739071674492809e+00,5.362664740011562348e-01,7.225746853900388844e-01
