-1.099800259805452374e-01,-3.233776361175021846e-02,5.707122076215800227e-02
2.795273644298986587e-02,3.246463126987645387e-01,4.256574713837039670e-01
1.659820925937472991e-01,5.360400914851928267e-01,8.614336279674634778e-01
6.201493690157305894e-01,7.669918225590469651e-01,8.506781177367082059e-01
1.123785066901194840e+00,9.859885337561644647e-01,7.727842012667502924e-01
1.601405201942376566e+00,1.137394858459765734e+00,7.582537137889744372e-01
2.114699126331159196e+00,1.301323790704319583e+00,7.489711320442858922e-01
2.575378089983671348e+00,1.516314051056226520e+00,6.940854032707625132e-01
3.140396125687911155e+00,1.753055468955518670e+00,7.125125301011420165e-01
3.592543813333474390e+00,1.966147730460243714e+00,7.449830831507672224e-01
4.059978746590853227e+00,2.212177183369155031e+00,7.373314500797820692e-01
4.545812670074237616e+00,2.402022472212414161e+00,7.069375705636158358e-01
5.054556815490192534e+00,2.673392672068550358e+00,7.004327065617694803e-01
5.534057809779024062e+00,3.014113406834445730e+00,7.314045441612395670e-01
5.975420370079632448e+00,3.330744794085538807e+00,7.172740441445810688e-01
6.390519810388677335e+00,3.687761141945435472e+00,7.232672427044799512e-01
6.825793107457424291e+00,4.012398544422555169e+00,7.329681184094615221e-01
7.294397970575560386e+00,4.278193569802960283e+00,6.934558636662845332e-01
7.715458010930912103e+00,4.606645876551238139e+00,6.618326176710664921e-01
8.154095253078242678e+00,4.969171510598890507e+00,6.686666347835267254e-01
8.611068318974576030e+00,5.318798416937385198e+00,6.889278745317248820e-01
9.010097258932654896e+00,5.683321137846509608e+00,6.665584402300461786e-01
9.427322847136956341e+00,6.022479261326389555e+00,6.562520901114228256e-01
9.851384496167018057e+00,6.329796373499247508e+00,6.739071322576968281e-01
1.028431431566168897e+01,6.612892561976414285e+00,6.211741565109359930e-01
1.071955995385984117e+01,6.867168387112352335e+00,6.392764660629016715e-01
1.118439264537718358e+01,7.108868633771370682e+00,6.539923140422968517e-01
1.166230256511142116e+01,7.361936052552927379e+00,6.600964615887217057e-01
1.215670847384688891e+01,7.582361673769997701e+00,7.004957590023812575e-01
1.267047096428994202e+01,7.806218696117107392e+00,6.998588545263881855e-01
1.313010941449657842e+01,8.095479120436639420e+00,6.385518835794616876e-01
1.355144028315224958e+01,8.371305314191429758e+00,6.366020459739065718e-01
1.399648821223608230e+01,8.663338590701663122e+00,6.797785989897612291e-01
1.442854343845784371e+01,8.995936884504549980e+00,6.650244964859304275e-01
1.485568368154492802e+01,9.327214089231736338e+00,6.667794947380651926e-01
1.525895108363694952e+01,9.679262408044255750e+00,7.056444617391055552e-01
1.560769510380639780e+01,1.006405496849196801e+01,6.691867230357981811e-01
1.600505225153088418e+01,1.045681320526971447e+01,6.502860239692531685e-01
1.637768594467399907e+01,1.079841586878143467e+01,6.987520680176055876e-01
1.673971118181603046e+01,1.116325969482563529e+01,7.001191354686145951e-01
1.713419204518500294e+01,1.161386561488860814e+01,6.721326397757505511e-01
1.745512362069739254e+01,1.208567232230057620e+01,6.808805424670089090e-01
1.775322098951582461e+01,1.253606097175989831e+01,6.574599090427852843e-01
1.816600973511095773e+01,1.283983116412095704e+01,6.218263591666532975e-01
1.855299816082547792e+01,1.316941000830491504e+01,5.953900032380003982e-01
1.895287581933499865e+01,1.354126833113725326e+01,6.116143949883059427e-01
1.935676361936390677e+01,1.397912857634228878e+01,6.807515812943994993e-01
1.969955550185673943e+01,1.442549100944611595e+01,6.761801119672765648e-01
2.005981710548530828e+01,1.494550678194028315e+01,6.503422139060597296e-01
2.032649094200885642e+01,1.545597825553632099e+01,6.631810468105112655e-01
2.055746058016324795e+01,1.591769556378489270e+01,6.792442804910836518e-01
2.082398255481230009e+01,1.642049371629024535e+01,6.644763549648456946e-01
2.109146380012699495e+01,1.686778743856681828e+01,6.976934889653946259e-01
2.139060027681368581e+01,1.730252095058960293e+01,7.209197256593258274e-01
2.175312545481947524e+01,1.772209458450853958e+01,6.895097198034215724e-01
2.222765935959391825e+01,1.813713333224570690e+01,6.569960722355924210e-01
2.286041635100482239e+01,1.843733821435164799e+01,6.461948493825967477e-01
2.336578162931097680e+01,1.859954603154241326e+01,7.134968653661046822e-01
2.388245858274547118e+01,1.874470508631710786e+01,7.369540673298712319e-01
2.445266032001137191e+01,1.885606479501208455e+01,7.083142449397354934e-01
2.500314611326326641e+01,1.893963601936151875e+01,7.315295493624961454e-01
2.556129316269250751e+01,1.898399192474810349e+01,7.869204559539444421e-01
2.610524521319498348e+01,1.897066332599904115e+01,7.949659365809880196e-01
2.660754224211082786e+01,1.899650917034951902e+01,8.072841787210482956e-01
2.713909324681548441e+01,1.904783434386125407e+01,8.437922307795857613e-01
2.768880940844741545e+01,1.909901711348583575e+01,8.304315063510846473e-01
2.826842058678632696e+01,1.919230200157715061e+01,8.033445867489039660e-01
2.883461185961100526e+01,1.927022748796896678e+01,8.216611517091783057e-01
2.935136549081428115e+01,1.935057270527066464e+01,8.270106997549050432e-01
2.995616995056576215e+01,1.949224924315571883e+01,7.909195896625889066e-01
3.045631624350449229e+01,1.956837593081541371e+01,7.793875345352796469e-01
3.103893503607313065e+01,1.964122630048810336e+01,7.959962534134008560e-01
3.158176750095695695e+01,1.967835571721353816e+01,7.460929936313733801e-01
3.210887666136034824e+01,1.962296772728634409e+01,7.476445124373465312e-01
3.272697450051954604e+01,1.962152131593995819e+01,7.738096717935047941e-01
3.331228152452338520e+01,1.963004533443250210e+01,8.125772624493620144e-01
3.386397688313362409e+01,1.961318309750994615e+01,8.037771517835384794e-01
3.445315069942875397e+01,1.964089872834672335e+01,7.930217737407047052e-01
3.498757446785479885e+01,1.965348460918252016e+01,8.251506555555006006e-01
3.550333279617999693e+01,1.962224278955656231e+01,8.517513683033723915e-01
3.601384749538532049e+01,1.961920932241599047e+01,8.311743601204181209e-01
3.653494371761335913e+01,1.957563845854554785e+01,8.601541100248870642e-01
3.703050597798954868e+01,1.950747669093849979e+01,8.850576106730794201e-01
3.781710501491894405e+01,1.944190541519645521e+01,8.687269358225628846e-01
3.834026186965110128e+01,1.937287875181278807e+01,8.410535078119228958e-01
3.888191523094062063e+01,1.933133525189611746e+01,8.362289070435147131e-01
3.945776633274354595e+01,1.930519768129544644e+01,8.236435408400226699e-01
3.997547920121550646e+01,1.924326543539203271e+01,7.905529233344582574e-01
4.048031455901119102e+01,1.921597259902075905e+01,7.948032921768408698e-01
4.104123018486055940e+01,1.914864567296962861e+01,8.234105565049184561e-01
4.152613701413932290e+01,1.897634308917225354e+01,8.012416540263658238e-01
4.200726940485838412e+01,1.879386945630461980e+01,8.094734526078370962e-01
4.248297073586478945e+01,1.858423252636135814e+01,8.547583226093424802e-01
4.293830018614347921e+01,1.835899715572686475e+01,8.408141992923973129e-01
4.339625017945526508e+01,1.812745392765229724e+01,7.952389691149802653e-01
4.385681071875378478e+01,1.780474486542687629e+01,7.992893330428251231e-01
4.420752656190607155e+01,1.743372479495625882e+01,8.010630377594790685e-01
4.456578284185469130e+01,1.697176955570849088e+01,7.858876123653997237e-01
4.475085936912643092e+01,1.648944174800820051e+01,7.726416444842646447e-01
4.489213137301085510e+01,1.597757507284095979e+01,8.148374972752836509e-01
4.501737782815673938e+01,1.544680627652549632e+01,7.389502583143476855e-01
4.504957632630359399e+01,1.494586184586440858e+01,7.848480388096730209e-01
4.502027594119843457e+01,1.432192951022464200e+01,7.813429020135702618e-01
4.504166461391605480e+01,1.374456173366922762e+01,7.773708850026656014e-01
4.504494480145994117e+01,1.321415672663128582e+01,8.141760581737522706e-01
4.505408356018725158e+01,1.267780219991960067e+01,8.040592563579476160e-01
4.509064342670617265e+01,1.214537192080156203e+01,7.511245209360837283e-01
4.507018429654655023e+01,1.164551880897429825e+01,7.311201351986399422e-01
4.503569780737077366e+01,1.112285591159519882e+01,7.662478189277799334e-01
4.502945707682929566e+01,1.054853368947149228e+01,7.416562030975242248e-01
4.497716534454734472e+01,1.003679564517020495e+01,7.236333964992921475e-01
4.491675550078821288e+01,9.510684636724281660e+00,7.636845715849842620e-01
4.483837729458785049e+01,8.977698715169015742e+00,7.510043022255044054e-01
4.471272367486780297e+01,8.489465359893808127e+00,7.130405106064232612e-01
4.461230947517901058e+01,7.969353468252000638e+00,7.329536486505270343e-01
4.452638873258362651e+01,7.439162606344471129e+00,7.494725128710295614e-01
4.438938684931557077e+01,6.924152058504239093e+00,7.167884879729957692e-01
4.425406268301513535e+01,6.318583196428449789e+00,7.133123553332263445e-01
4.411362491922537288e+01,5.746165991867767886e+00,7.000713743749045204e-01
4.399870515243181757e+01,5.257697352380572120e+00,6.995547281083995816e-01
4.384854633287115178e+01,4.728912687475519405e+00,6.662757624361786979e-01
4.358582559717396521e+01,4.221222016470929539e+00,6.496955133934769755e-01
4.332678088978057929e+01,3.785816341526528017e+00,6.560137620508709189e-01
4.294688509600992887e+01,3.276613426084375558e+00,6.613901659006827805e-01
4.255138963668857599e+01,2.872684913793094985e+00,6.854599557321896519e-01
4.214297174566724635e+01,2.488165692471173696e+00,6.584525861059117302e-01
4.171619517124557319e+01,2.219100067605319637e+00,6.725246349123489287e-01
4.116162033136611598e+01,1.964144160525227223e+00,6.900641304356436301e-01
4.066317641888558398e+01,1.791414601978554622e+00,6.764953084520614057e-01
4.012626711897014786e+01,1.706391897394870849e+00,6.350485202994411438e-01
3.961123400578520659e+01,1.642347016971716478e+00,6.504364083472785607e-01
3.904818294077364982e+01,1.582556478784290732e+00,6.946753082561439863e-01
3.854080351743328237e+01,1.605298913518765413e+00,6.495718911166792342e-01
3.803780081202408780e+01,1.587191491510294927e+00,6.165829950212357025e-01
3.748754938788964353e+01,1.570004905019797059e+00,6.298145663894556545e-01
3.688651671764448281e+01,1.623474931413449118e+00,6.339385946549813688e-01
3.635188716299342815e+01,1.594599146167605452e+00,6.114820943757036664e-01
3.584052683228775038e+01,1.585058895084316966e+00,6.477917648658702010e-01
3.529128354417132840e+01,1.597201481919735544e+00,6.702521496297995096e-01
3.474084651113969358e+01,1.546248571760850732e+00,6.479311479040887889e-01
3.417967200291037244e+01,1.604992212792503148e+00,6.443476770778084894e-01
3.365581639374187972e+01,1.680236241752542270e+00,6.777078861999223935e-01
3.313279053995535151e+01,1.736271556523441895e+00,6.948110278616199675e-01
3.263605957091588294e+01,1.867907373750812061e+00,6.902962770344281962e-01
3.214082624610178129e+01,1.956575737128371184e+00,7.094712333044982389e-01
3.157977963734975901e+01,1.978679833362403828e+00,7.166629269437909677e-01
3.102707693851850124e+01,2.024972399403637269e+00,7.140188910524734034e-01
3.050238654444444109e+01,2.013906303504142237e+00,7.182312282055819397e-01
2.995367976454155468e+01,2.030457552391737419e+00,7.319247598156893853e-01
2.945025396001188156e+01,2.142426776276260547e+00,6.960962307099285429e-01
2.892645728510979097e+01,2.204791414129636085e+00,6.877731962425375212e-01
2.837761365799506308e+01,2.299549795198546409e+00,7.159940679643473915e-01
2.786881823242320522e+01,2.428824379720950333e+00,7.251156199020932780e-01
2.729604185994687882e+01,2.507108244860400958e+00,6.968395231836251869e-01
2.676637858327991992e+01,2.635186230354115811e+00,6.639164659409541036e-01
2.624017922031605465e+01,2.726857792485728016e+00,6.690259444384769605e-01
2.566617428659824540e+01,2.722030396866349289e+00,6.409877843544282694e-01
2.510715406705073960e+01,2.804705718471998566e+00,6.046864325512769645e-01
2.455805402615055399e+01,2.868750291069455116e+00,6.273148180829918319e-01
2.401483217698033101e+01,2.876106601849165667e+00,6.403427242942237863e-01
2.344908483796911369e+01,2.899636812733959346e+00,6.159172703577302510e-01
2.292795392857625814e+01,2.820996945331329719e+00,6.230542583226066355e-01
2.236291534093643563e+01,2.699077713875840612e+00,6.384169749988030107e-01
2.173480695394855289e+01,2.563674387191718917e+00,5.996257142181365962e-01
2.122591077075790622e+01,2.336129497283050860e+00,5.517144660171630077e-01
2.077480013711119611e+01,2.104445437874367997e+00,5.191709691817700811e-01
2.038886589048587794e+01,1.772973449167224214e+00,5.398655746035398995e-01
2.000307429255908787e+01,1.277027938414109443e+00,5.109275633285461637e-01
1.966278693297553914e+01,8.583733935059766340e-01,4.189998052633512882e-01
1.934559245496816615e+01,4.582007819327807985e-01,4.060293114973622108e-01
1.905063900077452743e+01,4.580439827341219183e-02,4.158095884665325981e-01
1.875701331502384761e+01,-4.051670703239756421e-01,4.018087736852095082e-01
1.850571522705655170e+01,-9.094299505480448742e-01,3.658465211068189227e-01
1.825531131836912735e+01,-1.373395001336305876e+00,3.742624132052569386e-01
1.798988081487013346e+01,-1.833685587379994208e+00,3.746203644987193271e-01
1.775152097354470371e+01,-2.301894185928989867e+00,3.550750638279964733e-01
1.740624703776244786e+01,-2.802862546006083200e+00,3.540677054205002006e-01
1.707989068356839724e+01,-3.192186387762297350e+00,3.727533023978867321e-01
1.674572087594917136e+01,-3.571682621570584359e+00,3.767249412622645233e-01
1.632485818425987034e+01,-3.932246805639874943e+00,3.500274405672277322e-01
1.590234012618145876e+01,-4.282208307041966755e+00,3.149769530432831588e-01
1.549773034064925348e+01,-4.601712577206359178e+00,3.097978048286375019e-01
1.497300441302632557e+01,-4.928187055943770822e+00,2.952846020123129911e-01
1.455880375460863085e+01,-5.213820692618398311e+00,2.675691022751027215e-01
1.409359290604512616e+01,-5.411771889292292137e+00,2.499225576270323046e-01
1.360611804524561386e+01,-5.536627957076682982e+00,2.684391785490115034e-01
1.312964006460440380e+01,-5.748658985944131494e+00,2.636500354634532250e-01
1.266690659892080895e+01,-5.943365782853424761e+00,2.657363724989101894e-01
1.216037985152654421e+01,-6.039969966921239219e+00,3.550294435050556641e-01
1.165645878264959023e+01,-6.083704497679314649e+00,4.575471236500812111e-01
1.106108228233686575e+01,-6.048874297051568760e+00,5.052358803249119568e-01
1.053946174207524145e+01,-6.002059596242875550e+00,4.147003937727203882e-01
9.986780686398212481e+00,-5.953201511425843862e+00,2.096673285771549489e-01
9.463618999476022253e+00,-5.793311023200809373e+00,8.817185906678864926e-02
8.979959819529348408e+00,-5.628136017458674978e+00,8.909571870888188805e-02
8.497182421235555339e+00,-5.352040266897928333e+00,1.565251228476483292e-01
8.123318523441239947e+00,-4.984710835105040871e+00,1.977642002346990668e-01
7.763712100038105746e+00,-4.635668085823407836e+00,2.733740077927868106e-01
7.408704021959920283e+00,-4.289225763972992489e+00,3.692047628119184410e-01
7.058913441799186117e+00,-3.933137814597515547e+00,4.040439863598039305e-01
6.676797828899485587e+00,-3.573234034789133595e+00,3.949862478180203862e-01
6.383242759986127446e+00,-3.090200417984820813e+00,3.653393421978661793e-01
6.184576771528296213e+00,-2.618053624178406924e+00,3.877217178626137239e-01
5.923186319511285269e+00,-2.164688812202411050e+00,3.624248754017748708e-01
5.634801417581480010e+00,-1.714408615512793110e+00,3.193768662758645349e-01
5.263257021299899918e+00,-1.276758484740006638e+00,3.463225838377922972e-01
4.873053220076434933e+00,-9.252344944793601256e-01,4.012508296233158744e-01
4.475489320978224050e+00,-5.863577212795733073e-01,3.870250975117712766e-01
4.041119807459401692e+00,-3.346218253708456158e-01,3.686224924541087744e-01
3.582930244809722442e+00,-1.236960022985031660e-01,4.095883481018665617e-01
3.099516840719359845e+00,8.377334088206624119e-02,4.239851511691127284e-01
2.510801936758563002e+00,2.542443520273253155e-01,4.180527609169981118e-01
1.991035557246294996e+00,4.119262807821555405e-01,4.518172943048213153e-01
1.381806658222620499e+00,4.759531207131642017e-01,4.395345614586926852e-01
8.741916569901914125e-01,5.102187786970979744e-01,4.236766368854399945e-01
4.093444931482548288e-01,2.692419925182528706e-01,5.322570792603460721e-02
4.128391377827851649e-02,2.755410745535270475e-02,-4.631117865712299220e-01
