-1.580333248028447518e-02,-5.552266437442691244e-02,6.359550988319084830e-02
9.162663522203640110e-02,1.698493506147186471e-01,5.623980580924090589e-01
1.343891345450122787e-01,2.228358594094174694e-01,1.080739442225561397e+00
6.196322873351211014e-01,5.067450478127766278e-01,1.152402897113494529e+00
1.101959788547266283e+00,7.762313902457417258e-01,1.020039656757420143e+00
1.681104806184382294e+00,8.546717488195967327e-01,8.804322257046357514e-01
2.220912211032884720e+00,8.006283125444999538e-01,8.366568855087903600e-01
2.762820761483457677e+00,6.288957624915675337e-01,8.471235615216530235e-01
3.245910253996910022e+00,3.272564391525919492e-01,8.476122902686685778e-01
3.691960251586212660e+00,-5.828969291115287943e-03,8.267867061516019911e-01
4.025778061602594882e+00,-3.789000264103418725e-01,8.061648652199960852e-01
4.377164200673334449e+00,-8.261822879715836621e-01,7.966045667299577193e-01
4.735872979028290075e+00,-1.331053618612389577e+00,7.812733666789912768e-01
4.977271324262971142e+00,-1.770843004036936952e+00,7.609756168768100348e-01
5.274188953238406086e+00,-2.231635683000416925e+00,7.617312448989639329e-01
5.525854370054293696e+00,-2.694420563212928332e+00,7.911438176500329433e-01
5.756946884500255379e+00,-3.164679168494190176e+00,7.950476564618212949e-01
6.078745117639941853e+00,-3.687163180848902932e+00,7.386169714698648248e-01
6.375921981896806479e+00,-4.220331491942197921e+00,6.903749729466082119e-01
6.624728060505714389e+00,-4.697035611238782771e+00,6.888615297951072858e-01
6.833160887642920400e+00,-5.171563299296371596e+00,6.893759828940946299e-01
6.962715924417089752e+00,-5.733629416850421379e+00,6.885782614041352501e-01
7.107563049536016919e+00,-6.258170078289442273e+00,6.486321967187058668e-01
7.318950081399762553e+00,-6.791615529284898756e+00,6.532197585671318807e-01
7.553698405422278661e+00,-7.316888771427058735e+00,6.647177964844036557e-01
7.819462045282942420e+00,-7.797589176085501173e+00,5.902531590253945470e-01
8.035790913878862796e+00,-8.269518831386028168e+00,5.582656655231649223e-01
8.235594306515352514e+00,-8.756214843382586821e+00,5.731667320485843709e-01
8.466681856531472761e+00,-9.300129270095316869e+00,5.254459284117850570e-01
8.607351269546862582e+00,-9.809222506170025113e+00,4.220263539690626842e-01
8.738302857599126838e+00,-1.030783755485428266e+01,3.658627514289792826e-01
8.836076061062602349e+00,-1.080411487597965170e+01,3.474180955952575478e-01
8.884931993446748777e+00,-1.131889450074358727e+01,3.047949237350526253e-01
8.943689731625950046e+00,-1.184334783313117967e+01,3.241162805769255972e-01
8.973263094945414409e+00,-1.236015449080892559e+01,3.562883036848634166e-01
8.930287340305106625e+00,-1.288094419393713430e+01,3.618642503734608717e-01
8.873705487268548353e+00,-1.338917093524606727e+01,3.674960090043963290e-01
8.756184796599436382e+00,-1.398761036719004203e+01,3.632727665657966565e-01
8.614016619937675756e+00,-1.450402639511068870e+01,3.745778042079896952e-01
8.532543662402693130e+00,-1.500149300319320567e+01,3.530833067721091401e-01
8.462016862307081055e+00,-1.555029683740752233e+01,3.165896102845588977e-01
8.375489209099445276e+00,-1.612727319232572043e+01,3.300753060182416987e-01
8.252585767818896301e+00,-1.661421042443975438e+01,3.793467219446804983e-01
8.118852555143266869e+00,-1.712334871371837153e+01,4.169250324521351914e-01
8.076426500090098770e+00,-1.773827562619706200e+01,4.530741938949282566e-01
8.044510449198199353e+00,-1.835890213964909279e+01,4.897441013880799443e-01
8.053900948165042095e+00,-1.887155427473024361e+01,4.688748756704375076e-01
8.110542243319919464e+00,-1.939078301316002850e+01,4.621480238285661235e-01
8.247312814417282922e+00,-1.988558447870005352e+01,4.286849500377806210e-01
8.464544752872649624e+00,-2.038567350514422216e+01,4.135652768160571480e-01
8.435910289919426930e+00,-2.089069395185978806e+01,4.040388418156558581e-01
8.290596342103656369e+00,-2.146311119749611507e+01,3.952941665115984327e-01
8.155289249159137555e+00,-2.203140139223726379e+01,3.304378883884808715e-01
8.014972694006193166e+00,-2.253546418082610714e+01,2.993607295448170724e-01
7.902972574408070550e+00,-2.307975505604682454e+01,3.206306993023497753e-01
7.792507449035245060e+00,-2.358964499375064960e+01,3.195996332029953368e-01
7.579792157276959763e+00,-2.414085300677373169e+01,2.843290027864310288e-01
7.381690510805912098e+00,-2.469540378838399519e+01,2.618077928326573156e-01
7.217850180052940878e+00,-2.522368030026909125e+01,2.439065973782643115e-01
7.007244341449562874e+00,-2.575837099016357001e+01,1.871642642481904650e-01
6.850393577972286430e+00,-2.628826888404948647e+01,1.785339226221507869e-01
6.723395531191891372e+00,-2.681003240967240586e+01,1.844399607001522834e-01
6.562969135414656208e+00,-2.738239175922236868e+01,1.283340225838720816e-01
6.479349193764520898e+00,-2.789388298369276242e+01,8.876615934664086605e-02
6.407832529473313166e+00,-2.844685614103854476e+01,7.999715460402713474e-02
6.322246905668520434e+00,-2.897375161000588761e+01,8.558833133801363457e-02
6.234173590032085599e+00,-2.956882748315528886e+01,6.637254111526916245e-02
6.018559394482186242e+00,-3.011995246619991917e+01,3.119622667057562332e-02
5.771325884689454178e+00,-3.058069541072962849e+01,2.294814743083965075e-02
5.557858202053996166e+00,-3.107525858148642683e+01,1.165231286171871175e-02
5.324305336239155473e+00,-3.151506577217259419e+01,-5.270166497099371128e-02
4.966531199854505196e+00,-3.197360739130355967e+01,-8.054493520557440278e-02
4.468700317128108779e+00,-3.233854714369002181e+01,-8.738636350315508172e-02
3.985028458677626340e+00,-3.256684923371888374e+01,-5.453618311448860112e-02
3.428088625125397471e+00,-3.281017675917856735e+01,-3.145628820671170223e-02
2.935414395855264758e+00,-3.303863484740872281e+01,-2.261547696924331649e-02
2.455323836494172962e+00,-3.336964566071123528e+01,-1.047072454198582497e-02
2.129939644275129051e+00,-3.379384510283617971e+01,-5.769075629585922182e-02
1.922923253546450884e+00,-3.425603044002606623e+01,-1.452947292219819719e-01
1.961445002499788925e+00,-3.481202588751677496e+01,-2.897356467970081950e-01
2.233021953194625375e+00,-3.530544069671157814e+01,-4.165514155966360543e-01
2.651747367844632386e+00,-3.563643638871385377e+01,-4.186449686150126026e-01
3.242321253247587798e+00,-3.569827277818155409e+01,-4.022658113218108289e-01
3.743226425761455367e+00,-3.573986548001357733e+01,-4.192449335999597904e-01
4.350485298811179291e+00,-3.576831893187214462e+01,-3.919040615419830398e-01
4.849136325440905004e+00,-3.570628184526089655e+01,-3.501224500176854382e-01
5.393126114988795905e+00,-3.564143660979166839e+01,-3.425038143602215923e-01
5.887784136667826296e+00,-3.550826062649336734e+01,-3.020549621643258686e-01
6.361306645904683421e+00,-3.535341308854961540e+01,-1.953432448341134720e-01
6.878043139323057886e+00,-3.515683495661567548e+01,-1.388142142528865086e-01
7.357730628831030906e+00,-3.485958675167478305e+01,-1.192040907822833895e-01
7.783392701936975300e+00,-3.455288961401693371e+01,-7.014021946868161106e-02
8.218499187072126233e+00,-3.423002876125958949e+01,-3.741282999519034147e-02
8.590907973621893845e+00,-3.387302295314405853e+01,-2.964332978326956330e-02
8.965252736644201192e+00,-3.349471159902810058e+01,2.163420792645598736e-02
9.320038043597403288e+00,-3.307462859956174839e+01,8.935640324970872683e-02
9.618700554075475750e+00,-3.264339346799489050e+01,1.284618557406616568e-01
9.922272615152866848e+00,-3.223183657485479614e+01,1.657426495288256418e-01
1.022175509934528748e+01,-3.177338574140594218e+01,2.209047415173912565e-01
1.048379925964614401e+01,-3.128744798051133102e+01,1.692015806120113486e-01
1.077312983754715425e+01,-3.079999968410302458e+01,1.409639175721573989e-01
1.103026016267500964e+01,-3.030558877088200020e+01,2.166026023187484495e-01
1.127436923280835046e+01,-2.972705144165779600e+01,2.738666009395429035e-01
1.152544761904694681e+01,-2.925765215601586533e+01,2.713726114050514227e-01
1.177250198398691161e+01,-2.875100285604750283e+01,2.951622695835156573e-01
1.195102491770634323e+01,-2.821143569546739016e+01,3.017947765455533671e-01
1.214578741858622912e+01,-2.767802535283222198e+01,2.670773743076448881e-01
1.226904100214415472e+01,-2.716585803344647587e+01,2.899443959587769126e-01
1.237854233610126542e+01,-2.664004343377950335e+01,3.522686322536603409e-01
1.251931967221323205e+01,-2.610079656633304523e+01,3.588224417080530526e-01
1.261328067160655841e+01,-2.557089626103065427e+01,3.570590417530151717e-01
1.274492142799003780e+01,-2.506646344386985348e+01,3.970973525136414217e-01
1.290928927147364469e+01,-2.457430250374941494e+01,4.151160119574438534e-01
1.302631682586940087e+01,-2.406287949867149578e+01,3.858402000030668466e-01
1.314553897320879550e+01,-2.355395789528889949e+01,4.162724203094937403e-01
1.330266453622149747e+01,-2.306648071785568632e+01,4.099080203990421722e-01
1.342770339450267159e+01,-2.255522847189905278e+01,4.066061144317410503e-01
1.355405458222793236e+01,-2.205511164836747184e+01,4.546027725211395643e-01
1.373037219291138555e+01,-2.157583203252627158e+01,4.961838675414578237e-01
1.383859906843490961e+01,-2.105990604504467711e+01,4.777841502531248730e-01
1.392885131232567453e+01,-2.055600850122669243e+01,4.661214615145013451e-01
1.407259580284238254e+01,-2.003610338362325649e+01,4.909551876003605542e-01
1.418618519480131290e+01,-1.947633647745067975e+01,4.897427972390071549e-01
1.432272487569219876e+01,-1.898940260587136564e+01,4.592911567362473746e-01
1.447188674565972022e+01,-1.851326780246683867e+01,4.991050187713080843e-01
1.458637958282610647e+01,-1.801726891124681984e+01,4.916525832521607686e-01
1.470156278276737005e+01,-1.746426769781348654e+01,4.688078505421965358e-01
1.477904550338849710e+01,-1.692870062237687634e+01,4.656021852553205442e-01
1.481192809978065306e+01,-1.638733333976787421e+01,4.428926873422359689e-01
1.492035095380262533e+01,-1.581770457074033764e+01,4.525867484183650480e-01
1.501356038478668076e+01,-1.529914672246176899e+01,4.746196042855400088e-01
1.512491752553419744e+01,-1.479855457791889783e+01,5.303900919239299405e-01
1.530940350191976229e+01,-1.423260417272686240e+01,5.700903481765273728e-01
1.540133824352307101e+01,-1.369006219659891599e+01,6.049184854287694701e-01
1.547236644523205484e+01,-1.319459260636939035e+01,6.437302746477570059e-01
1.562389041850901172e+01,-1.266543584403584433e+01,6.638603212901563744e-01
1.576245603731134004e+01,-1.213844883970670985e+01,6.379784074037597730e-01
1.595100468234847746e+01,-1.160589671139437229e+01,6.234893160654533251e-01
1.617301543907568373e+01,-1.106542660191763616e+01,6.341821015595421329e-01
1.632382577169953919e+01,-1.054086019117954365e+01,5.858998016139065346e-01
1.646143868150094747e+01,-1.002231576417351278e+01,5.454844386560854241e-01
1.656381337680146970e+01,-9.518492154577737452e+00,6.001959711955320298e-01
1.659770308534124084e+01,-9.014487764477959075e+00,6.087297301883737299e-01
1.671110504045369183e+01,-8.465033723922669395e+00,5.913241152375391385e-01
1.681552753564698932e+01,-7.967474434053325894e+00,6.238588127229790503e-01
1.686803302459575704e+01,-7.443629302729356745e+00,6.135232421456661145e-01
1.694933621749867569e+01,-6.946050747787696267e+00,5.763681462341742057e-01
1.700572906508073245e+01,-6.431849831683241980e+00,6.130004272111618802e-01
1.708925639272362318e+01,-5.855333610185505577e+00,6.391920907199690749e-01
1.727700621598548736e+01,-5.190901653531073023e+00,6.675307027337640253e-01
1.741708983893330753e+01,-4.660615337459291574e+00,6.430980603414585550e-01
1.758357627950499946e+01,-4.151515435671299770e+00,6.193649777630569897e-01
1.774748185692491020e+01,-3.635085029121254863e+00,6.659485430321747668e-01
1.786855506117266046e+01,-3.121959109073623839e+00,6.469634034710326498e-01
1.803067111747893136e+01,-2.567786433100115229e+00,6.173822577613741203e-01
1.816674877225609563e+01,-2.030154043545462361e+00,6.392074345887759357e-01
1.825540505946645098e+01,-1.502118795217531222e+00,6.227184322552271611e-01
1.835030930810330574e+01,-9.738444110627736405e-01,5.848374525763712084e-01
1.839729654476058940e+01,-3.714532314047641615e-01,5.861764639812961919e-01
1.841343446992415878e+01,1.354041946270301000e-01,6.233294721962677754e-01
1.842249430874712601e+01,6.586640154068907904e-01,6.120037265970573737e-01
1.838343113906596216e+01,1.268652085975748189e+00,6.048925222838774651e-01
1.835560329580647121e+01,1.772565708568523357e+00,6.030503779150074850e-01
1.826766590770733956e+01,2.350902407541620498e+00,5.907173608976051815e-01
1.803674694053243499e+01,2.836642497635395443e+00,5.797724225378408924e-01
1.772055115103950484e+01,3.291034528202188447e+00,6.184620355431879046e-01
1.738031564897692149e+01,3.669258035310876132e+00,6.488958211797622999e-01
1.694292819934651462e+01,3.918789362751541105e+00,6.120823254806684321e-01
1.641333321437794979e+01,4.171212502960853996e+00,6.029619881362713318e-01
1.593003238728245385e+01,4.431228729152320689e+00,6.231934612897662706e-01
1.548490621393231059e+01,4.685264696114489702e+00,6.421775890874037440e-01
1.505860551847873197e+01,4.982847838413585251e+00,6.169398796881274682e-01
1.451535128940122021e+01,5.239557076888145204e+00,6.264919373391562019e-01
1.392229153506147377e+01,5.439778413560247827e+00,6.417174441607896851e-01
1.343201166715405215e+01,5.589342656593179193e+00,6.736044379669509086e-01
1.284559666595131411e+01,5.676782170067066424e+00,6.614161658429859036e-01
1.224134613372671510e+01,5.797528053515043744e+00,6.270163658651540795e-01
1.165880121227298538e+01,5.819731508674402143e+00,6.149548144825636165e-01
1.110819243397830292e+01,5.888838884252113104e+00,6.059464031269252704e-01
1.061876883651434866e+01,6.041380829215689197e+00,6.264794531666824096e-01
1.015648055522963489e+01,6.256056829496218441e+00,6.254547124692436677e-01
9.737294610149032081e+00,6.618177616706671706e+00,6.063971715200706658e-01
9.382718645213861564e+00,6.979176539318196149e+00,6.461060470906371256e-01
8.990915853245354583e+00,7.340047619105948939e+00,6.519712853415895459e-01
8.542316186059048633e+00,7.723622775669017670e+00,6.603581653937041773e-01
8.113511840891465710e+00,8.039915434880228418e+00,6.957352179450729812e-01
7.668970641051171988e+00,8.271655957001296855e+00,6.594509610317450532e-01
7.095861898541063972e+00,8.507403248173275756e+00,6.265464028899299098e-01
6.587514862588532694e+00,8.680485871565403855e+00,6.190866813604863905e-01
6.068865762537897446e+00,8.857031911218129494e+00,6.408752930597719777e-01
5.505469970112455869e+00,9.071856051329371340e+00,6.210427849595022698e-01
4.955318979590959572e+00,9.178955016988251003e+00,6.237279407019247213e-01
4.423834185757392845e+00,9.247508855929988059e+00,6.380655227449893996e-01
3.881120553923318006e+00,9.351873173422582397e+00,5.910221336430242500e-01
3.331692861722814758e+00,9.412788434021555517e+00,5.767412750262683740e-01
2.820970978256237327e+00,9.467510176482445416e+00,6.353145980968579742e-01
2.309862423341552340e+00,9.536499806765478482e+00,6.266635124642285781e-01
1.700792232059191278e+00,9.563387194479412656e+00,5.850540113056321712e-01
1.185653894708364797e+00,9.628564293737353452e+00,5.944001766870201653e-01
6.032608575852751454e-01,9.715801507162264983e+00,6.172770164738469179e-01
1.491055904003533127e-02,9.771154760134859174e+00,5.896284963850176863e-01
-5.440516177996240765e-01,9.860839475514717734e+00,5.618231709132169849e-01
-1.100811712908316364e+00,9.925371181764496953e+00,5.895180215722022332e-01
-1.644704195554717696e+00,9.968127333979197147e+00,5.670411601879191688e-01
-2.172688941449232747e+00,1.006860457458076397e+01,5.144551638959707907e-01
-2.679939782934075865e+00,1.016588563815938606e+01,5.106719617245665255e-01
-3.273182922813403284e+00,1.026137726888777024e+01,5.107692692130000323e-01
-3.862520906788305730e+00,1.039586530331879111e+01,4.639293902663508828e-01
-4.408685517433855949e+00,1.049320722457732735e+01,4.667403102722617603e-01
-4.994463857908737481e+00,1.062802070011679056e+01,4.632931586049395256e-01
-5.566799855700189426e+00,1.082071030684504542e+01,4.378129542654173312e-01
-6.075398536095041102e+00,1.104002293854246375e+01,3.647872804702115279e-01
-6.528060567970964456e+00,1.125774754275770917e+01,3.386674169853201022e-01
-6.994755887897747826e+00,1.146325433636854996e+01,3.680020530271500556e-01
-7.491185577571778609e+00,1.160968877045331205e+01,3.772131022469215611e-01
-8.034879834786742947e+00,1.173416785441532362e+01,4.356262760022897584e-01
-8.601910289662672682e+00,1.187022971352663703e+01,4.653767104779019670e-01
-9.192623455737164662e+00,1.195025467449966072e+01,4.729146249675321156e-01
-9.767321451858292036e+00,1.201902722540028989e+01,5.017260076403496916e-01
-1.035275591991375066e+01,1.204468603853768371e+01,4.795662203566917747e-01
-1.091427440031088558e+01,1.197108653359299879e+01,4.121009706541495787e-01
-1.141508111917256940e+01,1.188312581957348613e+01,3.605104265429270316e-01
-1.191130759484809332e+01,1.175809674842667185e+01,3.393685852581238005e-01
-1.241361456848335543e+01,1.157450274583790772e+01,2.932347937553040351e-01
-1.289818410226774681e+01,1.143169893232635559e+01,2.673255704294322799e-01
-1.337014843568640643e+01,1.123919462982361317e+01,2.947595030066148536e-01
-1.381143580134425974e+01,1.095556750994863293e+01,2.552462227379246884e-01
-1.424131276659904799e+01,1.064394407109499774e+01,2.126713861858968713e-01
-1.468599110196666402e+01,1.022845758218764978e+01,1.989010509145107131e-01
-1.500328705656265704e+01,9.834121792136839346e+00,2.094165067034881589e-01
-1.531598476630969863e+01,9.430261905856493598e+00,1.569340355293932510e-01
-1.556196749905439880e+01,8.989386566205281426e+00,1.307130637213960722e-01
-1.574010128092523786e+01,8.518205961462040676e+00,1.635793680478122847e-01
-1.579888262197174598e+01,7.962517366797291274e+00,2.471601672591210719e-01
-1.559741552876485038e+01,7.518295350059338134e+00,4.168115639813224083e-01
-1.538803471524777500e+01,7.035950428696438941e+00,5.730427703819324092e-01
-1.506617699790799492e+01,6.626180613285197474e+00,6.017536649441669327e-01
-1.469951007615994065e+01,6.221854694284881582e+00,5.916501360204159399e-01
-1.430055736006389111e+01,5.926705138267929662e+00,6.582947779262887655e-01
-1.390592592580640385e+01,5.559774879029538930e+00,7.481412199320880418e-01
-1.355750249360745308e+01,5.170693993605939731e+00,7.949466076389567482e-01
-1.319566410768387321e+01,4.812712205161789214e+00,7.893939741597200133e-01
-1.283306590910331479e+01,4.430028675747570865e+00,8.297462748524454534e-01
-1.248616274396270320e+01,4.066462246947854631e+00,8.953984463935705795e-01
-1.201704163512691892e+01,3.686487277659103334e+00,8.352078182644318005e-01
-1.155836284355846644e+01,3.347441387212330532e+00,7.246659742816073946e-01
-1.107486164392654970e+01,3.136745811407090301e+00,6.968070396818841772e-01
-1.057964626742496428e+01,2.986597251322677948e+00,6.913033240506822885e-01
-1.005346424800839422e+01,2.829515510458581851e+00,6.204835327947452184e-01
-9.558302213851924023e+00,2.736678492891646997e+00,5.818581888677708536e-01
-8.945207720429149134e+00,2.637055387709736909e+00,5.738092539787283952e-01
-8.408679938816213451e+00,2.529368000312050224e+00,5.748829983575263203e-01
-7.903452717426181273e+00,2.492355242699532791e+00,5.544376697659341158e-01
-7.328821659433478963e+00,2.384474799933520739e+00,5.875400809597325358e-01
-6.777469885294840957e+00,2.253735239600813678e+00,6.740084992499639771e-01
-6.291099762953824559e+00,2.135270893940628856e+00,6.876031642541099442e-01
-5.808342045595319192e+00,1.929428867224185939e+00,6.969813699256141026e-01
-5.349667880680067711e+00,1.723555466562123550e+00,7.726705490601493143e-01
-4.795865557795952583e+00,1.487164430411578309e+00,7.936125433363359072e-01
-4.311091381079646290e+00,1.192249646855351619e+00,7.801708067438822836e-01
-3.831197210631076100e+00,9.247374554218337206e-01,7.517694132369578952e-01
-3.305822054657449716e+00,6.832174661936154525e-01,7.489152647365945326e-01
-2.723981407083630568e+00,5.092580883651007806e-01,6.723686487405776679e-01
-2.191122121631716713e+00,4.868446180653830946e-01,5.836505520656714019e-01
-1.673047315478420227e+00,4.995021717231986624e-01,5.597477743235679259e-01
-1.108046750765845356e+00,5.224612292859796003e-01,5.689066204300645690e-01
-5.313155165175801331e-01,5.844592109814934489e-01,5.667120329436254877e-01
2.547443765434520557e-01,6.790090455470136899e-01,6.015593155602511066e-01
