-1.016872452758537659e-01,-6.303944208914301350e-02,4.456269029356600686e-02
-7.602670604053630987e-02,-2.559754358419396789e-02,4.711022012381055335e-02
-7.229136621523858663e-02,-2.014722058504887434e-02,4.748105149893330768e-02
-7.079726828369020675e-02,-1.796714679534653150e-02,4.762937984215848131e-02
-5.751346834068994662e-02,5.774867875474216927e-04,4.992083932186459905e-02
-5.605958936406905957e-02,5.034285958577730535e-04,5.061059361803534051e-02
-6.037034056438866925e-02,-7.657301010067436506e-03,4.972124111057567297e-02
-6.052335350608258752e-02,-7.946971856364427877e-03,4.968967019241765648e-02
-6.231636870112557819e-02,-1.520120504471591562e-02,4.733930889744923654e-02
-6.104000369651787355e-02,-2.002529180364200426e-02,4.469974732700373460e-02
-6.089140910090591607e-02,-2.058689114581012392e-02,4.439245044753621638e-02
-5.539223353889810575e-02,-2.415770008210284953e-02,4.164764106894034562e-02
-4.694183324251094414e-02,-2.241605796332221678e-02,4.216563324384095535e-02
-3.776218215882304330e-02,-1.975797856138150274e-02,5.131182033924720776e-02
-3.676395252775851996e-02,-1.946891151358851046e-02,5.230637804889323728e-02
-3.389901157129870946e-02,-1.362075536818755164e-02,5.941656401711431501e-02
-3.737656445218879436e-02,-1.114692894602663936e-02,7.291932603936410184e-02
-3.742252293539619773e-02,-1.477619501222347115e-02,8.314395818005582139e-02
-3.939667844400694674e-02,-1.118291098092569387e-02,9.748494555348960477e-02
-4.090284588066570720e-02,-9.923644134544697126e-03,1.183050602382547389e-01
-4.383182122474001130e-02,-8.882163784197375650e-03,1.431462596265222764e-01
-4.420127579572609433e-02,-8.747402841884504426e-03,1.463306201233200987e-01
-4.461176111218838336e-02,-8.596732351450243198e-03,1.498824529874571154e-01
-4.892929553707703327e-02,-7.061301692025574728e-03,1.934235585469544216e-01
-4.941882080317552134e-02,-6.878367772829459964e-03,1.984852657855551150e-01
-5.054002459119046053e-02,-8.824669541839628983e-03,2.610104990712305839e-01
-4.233756821468189629e-02,-7.171563644283660000e-03,3.332951670571802083e-01
-2.552013175006025147e-02,-6.697602533443855477e-04,4.034646052271828598e-01
-4.560315039811004001e-03,1.597066197315279851e-02,4.645036625969405364e-01
9.037218412268677170e-03,5.270883740693136504e-02,5.218340076969201213e-01
1.065752937444741644e-02,7.987436251721477531e-02,5.526136529194999314e-01
1.212350575864944158e-02,1.049013293181808582e-01,5.809191203589876284e-01
2.353334538137078630e-02,1.525719462340311972e-01,6.398738647559911730e-01
2.446925482458340434e-02,1.575528074917765808e-01,6.484780923373275607e-01
3.149697750982336647e-02,1.936027579025778045e-01,7.100103535284896239e-01
4.090019726613117190e-02,2.228434098015001641e-01,7.856607941576558840e-01
6.619736264175260509e-02,2.413024740246716704e-01,8.560045131967458643e-01
8.756715848947828340e-02,2.598035298461603415e-01,9.290742168576519022e-01
1.027331069546653930e-01,2.740657484850312353e-01,9.932565816125481506e-01
1.088195981656841921e-01,2.752974288063544384e-01,1.007536760593844338e+00
1.110255695538485826e-01,2.757472040645644884e-01,1.012688493515861321e+00
1.246396149849671592e-01,2.785559843922769119e-01,1.044205393279566074e+00
1.469985642169039097e-01,2.853946353078679055e-01,1.085598981705934385e+00
1.722137448337365262e-01,2.940603053757518959e-01,1.107377843597011191e+00
2.012732944105140032e-01,2.984051752543614433e-01,1.103584313587123944e+00
2.386926116378441654e-01,3.058190632437394751e-01,1.085414885589236267e+00
2.910732606880518381e-01,3.227382732120755993e-01,1.063155063778828291e+00
3.599841640316869262e-01,3.492086040471013009e-01,1.044777176910308469e+00
4.373919074593443090e-01,3.811345371143916583e-01,1.038768541667943301e+00
4.685207870404679009e-01,3.939687356642108118e-01,1.042631105784457279e+00
5.225908589133578808e-01,4.162724723958518558e-01,1.049327992011972022e+00
6.116596099810864828e-01,4.529483038213351076e-01,1.070054093368782544e+00
7.007728804062300920e-01,4.953902116351200369e-01,1.086394897889082056e+00
7.420986619262049944e-01,5.189665290197540415e-01,1.084560536822431365e+00
7.770354634400248317e-01,5.388489955521849062e-01,1.082991701376456284e+00
7.882418790002174713e-01,5.452169133595993200e-01,1.082485050926817127e+00
8.802655341128515776e-01,6.006087399139383720e-01,1.065749477444023707e+00
9.746300448895042212e-01,6.643020585589247684e-01,1.055517976454890539e+00
1.021790355439376130e+00,6.958373256107599492e-01,1.059786951290653034e+00
1.072083672450430569e+00,7.294155907960541141e-01,1.064358607049343375e+00
1.168728284960463659e+00,7.897171406598177956e-01,1.087994354398076791e+00
1.260148237441953256e+00,8.505083947589046067e-01,1.102794557199713310e+00
1.357845637737136402e+00,9.113300276647747777e-01,1.097760863579299917e+00
1.459054642030728655e+00,9.660617876251837988e-01,1.070166106192734112e+00
1.572544329744427039e+00,1.024237299577696048e+00,1.044695021606494745e+00
1.687107273346812653e+00,1.082862265967579507e+00,1.038158311252225241e+00
1.770736217910247934e+00,1.125059981804265918e+00,1.049491119756201352e+00
1.794998322387374889e+00,1.137299289644377875e+00,1.052777647923349491e+00
1.896928385559541796e+00,1.188692983882828624e+00,1.065171403970208930e+00
1.964002576193110361e+00,1.219647603814653092e+00,1.062847135003711863e+00
1.996017880700666991e+00,1.234414456882815925e+00,1.061729706836992415e+00
2.094185361444495186e+00,1.274928944527625507e+00,1.047268437951192288e+00
2.190421572823443075e+00,1.314696671609565604e+00,1.036976993507326750e+00
2.289177244025818236e+00,1.352942672983088013e+00,1.039294682969725603e+00
2.389996379108422886e+00,1.377735472369431280e+00,1.053198207169482759e+00
2.484934394424385573e+00,1.391722065772302841e+00,1.061537522828931213e+00
2.584562548320285202e+00,1.395048888889447225e+00,1.054854513834036167e+00
2.617533409650706133e+00,1.393764007307509711e+00,1.046838443151669074e+00
2.686359617267074729e+00,1.391051406681218960e+00,1.030101469018785965e+00
2.797372053547733550e+00,1.383532612841895215e+00,1.005432460333262501e+00
2.839967669192863031e+00,1.381217120240707530e+00,1.003124356757368885e+00
2.852032630963281967e+00,1.380561375769493004e+00,1.002470519829967044e+00
2.917254447137227480e+00,1.377017291365471907e+00,9.989353738769550795e-01
3.037805211868154220e+00,1.371514037065029834e+00,1.010950309326187346e+00
3.058770783374679780e+00,1.370982020678268354e+00,1.014229070112009135e+00
3.161542076510028831e+00,1.368373920130725230e+00,1.030301319361226264e+00
3.171071700055986042e+00,1.368498940148288545e+00,1.030779519747772266e+00
3.208395114107638335e+00,1.368986878848445166e+00,1.032653786321674261e+00
3.284780804344405780e+00,1.369976990845882314e+00,1.036496481387517044e+00
3.407778797895517187e+00,1.374529878497010138e+00,1.022241471949207892e+00
3.535340235283577659e+00,1.381298041998489712e+00,1.001859473402205714e+00
3.670048157190098248e+00,1.389145943156401941e+00,9.949678627249212148e-01
3.803555878368341858e+00,1.392904087394090551e+00,1.006901726684986009e+00
3.805394127895075584e+00,1.392955399552072926e+00,1.007065944969665949e+00
3.941549510560678371e+00,1.392355830447133513e+00,1.025125669905281756e+00
3.967550855979200097e+00,1.391114537879481139e+00,1.026136735759581198e+00
4.007920840139609808e+00,1.389183771439260529e+00,1.027696282784916093e+00
4.074394274851362852e+00,1.385995203538940901e+00,1.030236814137434731e+00
4.202574103964332508e+00,1.373270547317248402e+00,1.011083642130948368e+00
4.246234327772193673e+00,1.368113759152536080e+00,1.004490436125054620e+00
4.335369099095286671e+00,1.357565143735683710e+00,9.909924382993285930e-01
4.438944306086356484e+00,1.346391105780638142e+00,9.888603131197483131e-01
4.472991884381800176e+00,1.342697219781397999e+00,9.881488181742165144e-01
4.612748450819663226e+00,1.331978714172455724e+00,1.004126079919382963e+00
4.747518059947574365e+00,1.331534731936602434e+00,1.017817416709083433e+00
4.876038800678340834e+00,1.340939076562483123e+00,1.021185339848942331e+00
4.923261952237694139e+00,1.348472559198350185e+00,1.014804877234143365e+00
5.116824041691972802e+00,1.391122425612021152e+00,9.810252698510424363e-01
5.235395023290521088e+00,1.429894871253329036e+00,9.731056616232003353e-01
5.281233735196894763e+00,1.447901431484838408e+00,9.778320992088013197e-01
5.349436009546836068e+00,1.474371208910708608e+00,9.848020494119738011e-01
5.457179210398074076e+00,1.526243254365632573e+00,9.998636355261975028e-01
5.498439129452039609e+00,1.551273080866704568e+00,1.000304033752856814e+00
5.558703548675059558e+00,1.587746120772915548e+00,1.000983612694707370e+00
5.637253978761467721e+00,1.639297326945053701e+00,9.853979129159274875e-01
5.655472078605035868e+00,1.651212504824663752e+00,9.817882223858652724e-01
5.752431706297484126e+00,1.714549157847824024e+00,9.610499581383797896e-01
5.846728588652660541e+00,1.782744853687791897e+00,9.588758072671145216e-01
5.909755945271864874e+00,1.836581781980257677e+00,9.709290352790449496e-01
5.931528072860246859e+00,1.855077128484206028e+00,9.750951889371055614e-01
5.948972405173097222e+00,1.874370739426806765e+00,9.792746281576579781e-01
5.956067380339965744e+00,1.882196856777650584e+00,9.809733674095837408e-01
6.001404905714633919e+00,1.931930538384317053e+00,9.918114994821032315e-01
6.062904334624295899e+00,2.015689124378526209e+00,9.977815042496076536e-01
6.083474595876174895e+00,2.047873475783134278e+00,9.949484594204125454e-01
6.118501148680810964e+00,2.102374976441788945e+00,9.901446495267252068e-01
6.122674992539896444e+00,2.109522504096606355e+00,9.893735207865534953e-01
6.172744663703340073e+00,2.194848631836627373e+00,9.800444786297930477e-01
6.224064799912125245e+00,2.297039216016878882e+00,9.866433274287478294e-01
6.249070897907420097e+00,2.350898342840367583e+00,9.982434602975779336e-01
6.267046847876731164e+00,2.389516175606289483e+00,1.006533302232815785e+00
6.309623970268264159e+00,2.477457361858196094e+00,1.029806713838087973e+00
6.348618592304169361e+00,2.568571751837518402e+00,1.042665396885773532e+00
6.385845694369332470e+00,2.654642616266695399e+00,1.029073830565072178e+00
6.426238999464796819e+00,2.741146817847880612e+00,1.014527112699288525e+00
6.465277246035647352e+00,2.829117203646416279e+00,1.015851505164466761e+00
6.494603256046331374e+00,2.913033764943180337e+00,1.027893276073244655e+00
6.514929769818285088e+00,2.994317096452542959e+00,1.034896279661445817e+00
6.524958076986831834e+00,3.076399190998071465e+00,1.025947985972686993e+00
6.528636508095051028e+00,3.163699163601020103e+00,9.991899547161892103e-01
6.528759111726602171e+00,3.169600652204999314e+00,9.976727478446972830e-01
6.528951181969655515e+00,3.178798976127128473e+00,9.953073642329635096e-01
6.530579516880845148e+00,3.254646115000646045e+00,9.757751037772735003e-01
6.527944211970527988e+00,3.444849423816605416e+00,9.811206891352988180e-01
6.529172446133349794e+00,3.537269555845668378e+00,9.949746913261783288e-01
6.525856596037908908e+00,3.633205753994558584e+00,9.976144020889425867e-01
6.524561507503560343e+00,3.736889187316633887e+00,9.860217447610760688e-01
6.516596225516678942e+00,3.848316573368177007e+00,9.789180673982885716e-01
6.502185244678038600e+00,3.962500719027746587e+00,9.880062560371734026e-01
6.500548513291029451e+00,3.978063666847735380e+00,9.905557693028531618e-01
6.490948311312974006e+00,4.069829067137469281e+00,1.005578269456008034e+00
6.489314597854464850e+00,4.086046601381013055e+00,1.008005240894567667e+00
6.480451170188445964e+00,4.174308336719932733e+00,1.021218245883188658e+00
6.479536507512819732e+00,4.180926959555208100e+00,1.021365610500211352e+00
6.465631278853976482e+00,4.281539188567094811e+00,1.023609730557188069e+00
6.445326302979143662e+00,4.388670565588040695e+00,1.006285692971718992e+00
6.443722575039559253e+00,4.396142830712517657e+00,1.005028917196470584e+00
6.441224969509142362e+00,4.407781623874861943e+00,1.003070496402802991e+00
6.421322045852370763e+00,4.500599996869216746e+00,9.874149180262987713e-01
6.420640523527250565e+00,4.503780497190629006e+00,9.868773056209663164e-01
6.405779739936991568e+00,4.563571827573245976e+00,9.885419234645207442e-01
6.389112283434859485e+00,4.630679755298679368e+00,9.904029673381853360e-01
6.361635059628778954e+00,4.754214479193229259e+00,1.005227315015119416e+00
6.334768104807980471e+00,4.876808847142535264e+00,1.015286945963646881e+00
6.306976301190987400e+00,5.001591098905747934e+00,1.009358302305781940e+00
6.277436226973458488e+00,5.126867128675686835e+00,9.853541138266752597e-01
6.273842778778464968e+00,5.142060698147645326e+00,9.826170849352660053e-01
6.245637432252878263e+00,5.261323145100702980e+00,9.611285234164498315e-01
6.211318101596749131e+00,5.393127291616131025e+00,9.547946348158904417e-01
6.182965845632153012e+00,5.499787242192671677e+00,9.588727873246855049e-01
6.177651359729422254e+00,5.519783177012973496e+00,9.596351817235332371e-01
6.165232205840148083e+00,5.562980286096856908e+00,9.611074179236814841e-01
6.141705847075500380e+00,5.644802962007521963e+00,9.638685455155374671e-01
6.108361040616709481e+00,5.763413909625534792e+00,9.576420871547645097e-01
6.069981803926094877e+00,5.877737998424370502e+00,9.356685249154044204e-01
6.025256697934374017e+00,5.998454841838984919e+00,9.243987481332704981e-01
5.986512934832546762e+00,6.115917888981870831e+00,9.322833032907681394e-01
5.952590422468063025e+00,6.230624109697110669e+00,9.482869195985740296e-01
5.940701178514836478e+00,6.274374336727368551e+00,9.546417968088941608e-01
5.920630608348679047e+00,6.348549822340127768e+00,9.653273794930747886e-01
5.889046929869088842e+00,6.465579014718746187e+00,9.622051439949561580e-01
5.888619138033674538e+00,6.467166491312581478e+00,9.621620847752980765e-01
5.863809107875707305e+00,6.588071054127991211e+00,9.408548903293849630e-01
5.837632948833508806e+00,6.714994812973833938e+00,9.306980814875586150e-01
5.807371132171884831e+00,6.837307999363387623e+00,9.359516887240244554e-01
5.774566158328299892e+00,6.957536146953606782e+00,9.514187377991571992e-01
5.743938956957416408e+00,7.075383231883232149e+00,9.589653219798870420e-01
5.713500577846958528e+00,7.192850769349930395e+00,9.489924949674213295e-01
5.681492573196328166e+00,7.310490074905756863e+00,9.321490806962261511e-01
5.653839342963758341e+00,7.437008748606311670e+00,9.261715983093328219e-01
5.642583971382604702e+00,7.483300612520787709e+00,9.296789724948869571e-01
5.622890868730069158e+00,7.564456037330761440e+00,9.357950303239036538e-01
5.601899565222336008e+00,7.688029445908663106e+00,9.435359380466389334e-01
5.581340135862529195e+00,7.815048742613473820e+00,9.446394973652229021e-01
5.573420128853716626e+00,7.875372875020294039e+00,9.349973501847427260e-01
5.565046405803349749e+00,7.939214314932293348e+00,9.247946221924461252e-01
5.549556149080012268e+00,8.068811721759651334e+00,9.020313215201272161e-01
5.541321571546723668e+00,8.195245651377829788e+00,8.997324664907538905e-01
5.534858401982892140e+00,8.312314450056687676e+00,9.151999207971551753e-01
5.525536138190643598e+00,8.430931883471364685e+00,9.320315844862951948e-01
5.516306634899092565e+00,8.547955405559411801e+00,9.348556696306250524e-01
5.509131017156700949e+00,8.663718250161583256e+00,9.198652152141933991e-01
5.499804712163547826e+00,8.776807793541905767e+00,9.083717486822281417e-01
5.496722798109908048e+00,8.829020948704433991e+00,9.101585479918722354e-01
5.493055011613608762e+00,8.891417664683638478e+00,9.122814574565624168e-01
5.495514159748003280e+00,9.009234828681552898e+00,9.334042136729119310e-01
5.501762916603490261e+00,9.129869645108733778e+00,9.518255383962728189e-01
5.507293880462529323e+00,9.249919565390587906e+00,9.514603118180728902e-01
5.518524475539182461e+00,9.369727308484332440e+00,9.338243944469022395e-01
5.526255321814208976e+00,9.446086798799687045e+00,9.290907941506135748e-01
5.527583360903307153e+00,9.459200376969617352e+00,9.282776316272477457e-01
5.531549846967251938e+00,9.498360416431930631e+00,9.258489290458541410e-01
5.543269034691318708e+00,9.624929657971017960e+00,9.347533308356679171e-01
5.547627112727545828e+00,9.662879544904946272e+00,9.394255408015451669e-01
5.556937326513345710e+00,9.743933180409237949e+00,9.494015112000265821e-01
5.563082755895844222e+00,9.834693542300794178e+00,9.545989800462505448e-01
5.565286156642730298e+00,9.867186037932665243e+00,9.564620465500541791e-01
5.566368021422720247e+00,9.909858322905439110e+00,9.549542187000481519e-01
5.568515696171031593e+00,9.994125975160212505e+00,9.519425152585868632e-01
5.570522131371602015e+00,1.011817134719101396e+01,9.323158063231363757e-01
5.563062274755840697e+00,1.025060536490060947e+01,9.202747090154026477e-01
5.557034464427718312e+00,1.037983317200673561e+01,9.264688812554593422e-01
5.555431192127971762e+00,1.043143813630687333e+01,9.326189570873077983e-01
5.553188002800887979e+00,1.050236972342817587e+01,9.407245458086221923e-01
5.550885061858703118e+00,1.056230252607829634e+01,9.438815232882443729e-01
5.548824917915752941e+00,1.061623687292219742e+01,9.467114916762237042e-01
5.547996107893287565e+00,1.073637645622060255e+01,9.377210969837339594e-01
5.554475922394187748e+00,1.085797056200156163e+01,9.169046119503787562e-01
5.560045597719476262e+00,1.096026578342505609e+01,9.132308852550884426e-01
5.561617434318804065e+00,1.098913760180239940e+01,9.121937513654405638e-01
5.569140386627921657e+00,1.111022318079248983e+01,9.249826527690514499e-01
5.574200175701822246e+00,1.122457690607205194e+01,9.421904724256648933e-01
5.577450964921555787e+00,1.134282059920791852e+01,9.520979449711178821e-01
5.582284116696845544e+00,1.146069420069013844e+01,9.404963790028116888e-01
5.586547937064162639e+00,1.158565981934590283e+01,9.230101647980213375e-01
5.591308927127284001e+00,1.171489895545268212e+01,9.171927647837176956e-01
5.600510576422919051e+00,1.184234494685490091e+01,9.260937938196271979e-01
5.642037640421002642e+00,1.208355184877565947e+01,9.440520582469376087e-01
5.674886826581451160e+00,1.220457761778102679e+01,9.263543212559000040e-01
5.713807360491315990e+00,1.232959096079210326e+01,9.128554169634736093e-01
5.756776712729966938e+00,1.245169003792851292e+01,9.182930026416277203e-01
5.793817846165747909e+00,1.255677130945550424e+01,9.389149713266551345e-01
5.797920652607871261e+00,1.256840956430764500e+01,9.411988124022365731e-01
5.833624048207675550e+00,1.267076834144398667e+01,9.621412431307366786e-01
5.837251903080391102e+00,1.268116300473311497e+01,9.642676423910820915e-01
5.921828275806726438e+00,1.290291330916914880e+01,9.673461654929392806e-01
5.967509286331510232e+00,1.301590918383932660e+01,9.480994239373031762e-01
5.968491855237944677e+00,1.301854469980968432e+01,9.479738804380186679e-01
6.012616587728337514e+00,1.313679273278600768e+01,9.423261311026485121e-01
6.059474386959562864e+00,1.325321388272912948e+01,9.520152708071580872e-01
6.109460861106954965e+00,1.336361630669222578e+01,9.630761480067141500e-01
6.111091795392561643e+00,1.336732203245614059e+01,9.630659764664386557e-01
6.159902535509520050e+00,1.347797326934719742e+01,9.626512117104191191e-01
6.215087108286538431e+00,1.358776785195028936e+01,9.392785877361979896e-01
6.218225294263658220e+00,1.359415381617030327e+01,9.380465340855840273e-01
6.271755228262413162e+00,1.370307658196350076e+01,9.170395732940168632e-01
6.328461516703875134e+00,1.382057005301917307e+01,9.164195596476117922e-01
6.383409531849880025e+00,1.393419664708562244e+01,9.320181876962227996e-01
6.431785074769093669e+00,1.404644378033077068e+01,9.442741610701556043e-01
6.481468104160923005e+00,1.415712725528721450e+01,9.413830523444776111e-01
6.532347774770970616e+00,1.427338014056646109e+01,9.217809949319089036e-01
6.584731611652872019e+00,1.440335098852513163e+01,9.102189763312572568e-01
6.638132724940501106e+00,1.453061551080151581e+01,9.150057568262129903e-01
6.693360343295375436e+00,1.465194301768539553e+01,9.303651139907045398e-01
6.711482894715523173e+00,1.468994488557876821e+01,9.342616734753141916e-01
6.749456015911877493e+00,1.476954223824080792e+01,9.423860965768052766e-01
6.757045303606587616e+00,1.478383275291325738e+01,9.419614166409193690e-01
6.808109968514575172e+00,1.487995043862593825e+01,9.390887080742078563e-01
6.872048096576470755e+00,1.498748294449036500e+01,9.210763959417287428e-01
6.937992611017597788e+00,1.510451324546102470e+01,9.146747740561870232e-01
7.000570681810327933e+00,1.521639015836525921e+01,9.277389210684716669e-01
7.057975231127824323e+00,1.532961281955429378e+01,9.478027153655366188e-01
7.091982629508094327e+00,1.539884260902042890e+01,9.551211926453265777e-01
7.115383321734636723e+00,1.544647982726429625e+01,9.601544385488018918e-01
7.172525380107345860e+00,1.556292545243259084e+01,9.523456116331024957e-01
7.216968249206307640e+00,1.565937105976041543e+01,9.387148851769038238e-01
7.228149644259740825e+00,1.568363086100988113e+01,9.352808015036989664e-01
7.228386178198697110e+00,1.568414403717576278e+01,9.352081359814438111e-01
7.282304090921528861e+00,1.581282512504718873e+01,9.325422716846017979e-01
7.390551648355086378e+00,1.606515418106069149e+01,9.651740916417188565e-01
7.442699397024166608e+00,1.618820227302557413e+01,9.703484344734871758e-01
7.495364888808783377e+00,1.630467123497285797e+01,9.512318922024904921e-01
7.514786683756742747e+00,1.634593619754351579e+01,9.448989397106800636e-01
7.532173523919685643e+00,1.638286785151569802e+01,9.392221554905899605e-01
7.552578045606542112e+00,1.642619788777684775e+01,9.325512658694750101e-01
7.610940659115080109e+00,1.654958798377797891e+01,9.348499279760354996e-01
7.664246894597199322e+00,1.666632704788081298e+01,9.531463614269189977e-01
7.667912486618325474e+00,1.667494534824609431e+01,9.543428885249912730e-01
7.713547836158336501e+00,1.678217164199647016e+01,9.692543486594276114e-01
7.762058212240416033e+00,1.689718515397241916e+01,9.667426146935250708e-01
7.809634347655545206e+00,1.701138224853453806e+01,9.432536604028357585e-01
7.858248667710370228e+00,1.713440821185643870e+01,9.274509249172615544e-01
7.906925676209796805e+00,1.725561972841791203e+01,9.312021891665156481e-01
7.916347479340291926e+00,1.727803055294856449e+01,9.336825668609479711e-01
7.955339592441232455e+00,1.737076831012694100e+01,9.439456747696667316e-01
7.976149453968967684e+00,1.742039350519842955e+01,9.466734348533183407e-01
8.057081514258625177e+00,1.759919859664427477e+01,9.336978719505276691e-01
8.059312547748094246e+00,1.760376023880448315e+01,9.326480141377414546e-01
8.112149065854339369e+00,1.771177185729802517e+01,9.077396937868014160e-01
8.169219036473148066e+00,1.783589721389887117e+01,9.019834162390332200e-01
8.172833990741565913e+00,1.784416359725973322e+01,9.030168647285513606e-01
8.221096756407272110e+00,1.795446003533197299e+01,9.167967332029529626e-01
8.269051063118713074e+00,1.807363859771422199e+01,9.362107601789412259e-01
8.273219421215353364e+00,1.808429577139064293e+01,9.368390538802905398e-01
8.316180518945271771e+00,1.819413997986850617e+01,9.433108317953680100e-01
8.362341886768284382e+00,1.831504650797004530e+01,9.279813584079404931e-01
8.407089072257834417e+00,1.844666527157332325e+01,9.110225091619482685e-01
8.449182956465275396e+00,1.858131893307175275e+01,9.127598567822661213e-01
8.489582318379085280e+00,1.870829723722778937e+01,9.356162583493635720e-01
8.528061481465547544e+00,1.883470293883245716e+01,9.548525076675462575e-01
8.565201842360865570e+00,1.895590826298168707e+01,9.497883609452427711e-01
8.604225863151095055e+00,1.907515617598308566e+01,9.266000108881993214e-01
8.640542890252925545e+00,1.920078971929968503e+01,9.185136192837339841e-01
8.648125147000406798e+00,1.923271056188386297e+01,9.221350236145205992e-01
8.670151423561724968e+00,1.932488181824539453e+01,9.325467582825484048e-01
8.686490794791808412e+00,1.944953145988237964e+01,9.505742761281521513e-01
8.696416653784455164e+00,1.957812700051849220e+01,9.594413304645380558e-01
8.708246860128701528e+00,1.970623714196946352e+01,9.443797404452116684e-01
8.712166951750155874e+00,1.975629197821166727e+01,9.332217896118136791e-01
8.718436093882175442e+00,1.983614538719428211e+01,9.153816164834280844e-01
8.728518720601501357e+00,1.996988942422957791e+01,9.060038183416755375e-01
8.745190150007873697e+00,2.009227065904569898e+01,9.177010907254701255e-01
8.760993338798868990e+00,2.021274415567992477e+01,9.359572672894269640e-01
8.766308094877764745e+00,2.024569334204038640e+01,9.377050860390748754e-01
8.779121354307161340e+00,2.032500332996704984e+01,9.418813860492314394e-01
8.779134983579545803e+00,2.032508759502335494e+01,9.418857999577860962e-01
8.799441893596016584e+00,2.043412935575842226e+01,9.230690113577465494e-01
8.823343871737270305e+00,2.054971588780422209e+01,9.047309456605161504e-01
8.845948565122634832e+00,2.065920813579064230e+01,9.081712245277807627e-01
8.863378100645254776e+00,2.076115526131492928e+01,9.298109298031247416e-01
8.873346506293096070e+00,2.086545411271312744e+01,9.561988736526263466e-01
8.885395244392448433e+00,2.107016784966957701e+01,9.709460611018824183e-01
8.885941899752438644e+00,2.107789498120756733e+01,9.694466200229833186e-01
8.892793130855022099e+00,2.117485440815651998e+01,9.506348068508831961e-01
8.902513038798865352e+00,2.129409483931802072e+01,9.467948314275055344e-01
8.920115782280559458e+00,2.141187929016136948e+01,9.575414539382299806e-01
8.948208577032691124e+00,2.152169430248487458e+01,9.741210700423862390e-01
8.981704657373251521e+00,2.162538811433773844e+01,9.888183710122254721e-01
9.015357078798139412e+00,2.171765951270143447e+01,9.806388792069210547e-01
9.075241776564711316e+00,2.191186676851301840e+01,9.280709174762025171e-01
9.100980757123620535e+00,2.201792024491225774e+01,9.248422646981476758e-01
9.110661045477582931e+00,2.212115449998107053e+01,9.360799929698860877e-01
9.111382037527695488e+00,2.218982030231133962e+01,9.512635130612940859e-01
9.118205426945751313e+00,2.229146725114886962e+01,9.791655654717882351e-01
9.130768229268335645e+00,2.237608201829146282e+01,9.947429788971416942e-01
9.148847446012332796e+00,2.246099029419312032e+01,9.920772445447995080e-01
9.170971399350083431e+00,2.254213097381716935e+01,9.732453087359322907e-01
9.191634299396699959e+00,2.263839420833160432e+01,9.613893726762124947e-01
9.215717175245769610e+00,2.274589147565850311e+01,9.717019036372124274e-01
9.246882207502473250e+00,2.283783025818002699e+01,9.901841023623447757e-01
9.282580642871671728e+00,2.291621369782713913e+01,1.004167339123255287e+00
9.311930612269504692e+00,2.298443906013806526e+01,1.007838291345605652e+00
9.344386589531008980e+00,2.305347849603081656e+01,9.970694061427103350e-01
9.380127985383412081e+00,2.312649518533770276e+01,9.734715208920545759e-01
9.418440236045993785e+00,2.320381740219396249e+01,9.475266945370186544e-01
9.485860928127646474e+00,2.336684555801816998e+01,9.374167448201955466e-01
9.510957359037591985e+00,2.345632098556142253e+01,9.403283419012815614e-01
9.534964662772908994e+00,2.354676679213311985e+01,9.326690262256205344e-01
9.564783529738200230e+00,2.364260310323293268e+01,9.118988374092377169e-01
9.599492238270796562e+00,2.375144994105152207e+01,8.945597885476862521e-01
9.599872672560548992e+00,2.375264291967143038e+01,8.943697281203232263e-01
9.635967207347016839e+00,2.386121192892550269e+01,8.952484168579111223e-01
9.669413514532600118e+00,2.395057917782241574e+01,9.048840251568101012e-01
9.673114310319045117e+00,2.396046728251174684e+01,9.059499988679281524e-01
9.707191848799141098e+00,2.405465331154041664e+01,9.187978435916728248e-01
9.716147852728928669e+00,2.407967461189529956e+01,9.211406172963100270e-01
9.735556285693631295e+00,2.413386829005863277e+01,9.261776312259587529e-01
9.759984229628575036e+00,2.420591295909060392e+01,9.300720944682581148e-01
9.761235754463410075e+00,2.420904265181887283e+01,9.303424776176645317e-01
9.785880183278267808e+00,2.427050207208830912e+01,9.356723149529388994e-01
9.812286431148381283e+00,2.433481977070540481e+01,9.426121970242756776e-01
9.839493834396012772e+00,2.440578173636456327e+01,9.437039086853199477e-01
9.852230584783709944e+00,2.444207546369412043e+01,9.394007050120445346e-01
9.860360883184549508e+00,2.446523631192570036e+01,9.366549611669514608e-01
9.866494189654009261e+00,2.448270487341321200e+01,9.345842184675714481e-01
9.883081688024896394e+00,2.454939412250682906e+01,9.245555848701421109e-01
9.888049439626929171e+00,2.456932054746514993e+01,9.215619964632577599e-01
9.889179653708231044e+00,2.457603627740478558e+01,9.212313443541283453e-01
9.904333470011856377e+00,2.466551033799811066e+01,9.168531488634762416e-01
9.923109274344128039e+00,2.475436009346319466e+01,9.295460662528005624e-01
9.950193335789068172e+00,2.482659876991971970e+01,9.490149183287528434e-01
9.978525980155060537e+00,2.489668759614481530e+01,9.644887974762964555e-01
9.994519141358233938e+00,2.493514251287586703e+01,9.664362723356114682e-01
1.000950241480369307e+01,2.497111949925787400e+01,9.682482451977721949e-01
1.008162424200868124e+01,2.513376435974019785e+01,9.597775259309432316e-01
1.010795910136874198e+01,2.520467635667587913e+01,9.624411903180239980e-01
1.011243522799298766e+01,2.521671003178683179e+01,9.628931039611623444e-01
1.014050954002608407e+01,2.529134361204064874e+01,9.640477115638237393e-01
1.017073088677001813e+01,2.536771516907467117e+01,9.640444075383906020e-01
1.017179951711683294e+01,2.537041547823683629e+01,9.640437891025045447e-01
1.020664420686479090e+01,2.545688525596037266e+01,9.601524127772547157e-01
1.025006810989792960e+01,2.554563857127700643e+01,9.533011367797407098e-01
1.029895285649255143e+01,2.563916908978228548e+01,9.462382770979573809e-01
1.034823762819035409e+01,2.571841657370319822e+01,9.480838964274553859e-01
1.035605917603822945e+01,2.573094959116707159e+01,9.483757117363982303e-01
1.041793316024249449e+01,2.580922940981932001e+01,9.516401476318820940e-01
1.047221386667748355e+01,2.588478636535401023e+01,9.508950802996763985e-01
1.052331415323872044e+01,2.595982086605319239e+01,9.405033706069237942e-01
1.057318311813024359e+01,2.603800672476045719e+01,9.297144307631513005e-01
1.061289193935872355e+01,2.611406943091262178e+01,9.304381129107711645e-01
1.064500188457606988e+01,2.618456369056673338e+01,9.362989498565477131e-01
1.067809284731973030e+01,2.625539850183370305e+01,9.459963640421182873e-01
1.071318854062472781e+01,2.632031667827614640e+01,9.490620394560490558e-01
1.075392938235887108e+01,2.638561468722553016e+01,9.372393871655194664e-01
1.075668997865914456e+01,2.638936139173078388e+01,9.362729072992119761e-01
1.080639259906579497e+01,2.645681108959995242e+01,9.188744021367676318e-01
1.087086175005292787e+01,2.654045724802343287e+01,9.094460941961994838e-01
1.089513668380071465e+01,2.656845803737753187e+01,9.124559773971284704e-01
1.093910809136066398e+01,2.661916118317349600e+01,9.179078698375965351e-01
1.100773040359837118e+01,2.668575553322656546e+01,9.361503829454823622e-01
1.107896300714932458e+01,2.674530667138385809e+01,9.460478254319434344e-01
1.116025797599226621e+01,2.680328396999171758e+01,9.428785399497281450e-01
1.124977324892294206e+01,2.685907603920194475e+01,9.284118469979613097e-01
1.125967856205301842e+01,2.686465187255635456e+01,9.262552623945929930e-01
1.133979269479116425e+01,2.690974906072867157e+01,9.088105321484488686e-01
1.135836637030649321e+01,2.692045834810719640e+01,9.057762559152221504e-01
1.139118066604962642e+01,2.693936818426188395e+01,9.004153890898132229e-01
1.142051974637350398e+01,2.695626418554823545e+01,8.956221541272779696e-01
1.145236592027960754e+01,2.697547679034408574e+01,8.984761534242317049e-01
1.146675928436078884e+01,2.698415399610667720e+01,8.997672515358083878e-01
1.149174897432560272e+01,2.699921028107898380e+01,9.020105514569357608e-01
1.155809624263475754e+01,2.705259772856481248e+01,9.201755057434896079e-01
1.160912262762077773e+01,2.709472580849767454e+01,9.306380113520777986e-01
1.162539812553000473e+01,2.710815880141077727e+01,9.339713031291012602e-01
1.164311830134873027e+01,2.712509735427054736e+01,9.337685484595847907e-01
1.169411795641566876e+01,2.717384076824961880e+01,9.331862938369945848e-01
1.176367875601038548e+01,2.724647928747806347e+01,9.174113965633688972e-01
1.191839393299940753e+01,2.741615754170331698e+01,9.209178867303124960e-01
1.199115320698740561e+01,2.749501957382374684e+01,9.447018969976090919e-01
1.206409536209505262e+01,2.757073152108831593e+01,9.610110017432911267e-01
1.208762760801399239e+01,2.759334665864020408e+01,9.621046074515477997e-01
1.214358649265457935e+01,2.764710999852793094e+01,9.646886525977140803e-01
1.222733616776605636e+01,2.772407095238293806e+01,9.600228907222176922e-01
1.225475780968497475e+01,2.774855116249750964e+01,9.600614701940585194e-01
1.231423543308508783e+01,2.780165092366246427e+01,9.601351812574981937e-01
1.239700639825675665e+01,2.787693755667730855e+01,9.731394737082894597e-01
1.254552467891984868e+01,2.804138629237829150e+01,1.007596111913200199e+00
1.261774138598537220e+01,2.812371888755944838e+01,1.003352189880256651e+00
1.269445182750338752e+01,2.820905325161319155e+01,9.846502168033879343e-01
1.276498960901477631e+01,2.828437558624187176e+01,9.694243506893315265e-01
1.277632967823565124e+01,2.829648357740295594e+01,9.669756113628615868e-01
1.285792041878317882e+01,2.838222170858047733e+01,9.653541233873399463e-01
1.293751050036305372e+01,2.846283262469226827e+01,9.778619259451835077e-01
1.301706032518988287e+01,2.854096512445474332e+01,9.900738846178925856e-01
1.309520644291112212e+01,2.861178817650178630e+01,9.874275617342761491e-01
1.314419854761515438e+01,2.865275666677801780e+01,9.767211015461869650e-01
1.317810617596705036e+01,2.868110924395652717e+01,9.693136076449910821e-01
1.326614626919725026e+01,2.875365266413744791e+01,9.582542819768026243e-01
1.335271720741494050e+01,2.882266322052936047e+01,9.639441256982751449e-01
1.343447040453846064e+01,2.888853300314284667e+01,9.774513090049871122e-01
1.351707082895826950e+01,2.895475581323882608e+01,9.864181960086374490e-01
1.360176024831501529e+01,2.901900973868325906e+01,9.851505971011299545e-01
1.369012296479996849e+01,2.908257770869171210e+01,9.744974827970248610e-01
1.377912979577758712e+01,2.914292331934580105e+01,9.709026088423567957e-01
1.378423794110756972e+01,2.914638253090493336e+01,9.706983367831967247e-01
1.387775711049416394e+01,2.920359264557907863e+01,9.821581897218587542e-01
1.397534277155026317e+01,2.925556912961329203e+01,1.002777201165634180e+00
1.401106281484114824e+01,2.927181627259595587e+01,1.007282008833180420e+00
1.407549547664303624e+01,2.930101816612355137e+01,1.015340350759118992e+00
1.417748549786196932e+01,2.933690399691072059e+01,1.008887834592918864e+00
1.428784738022672762e+01,2.936456666254399295e+01,9.904564931524888483e-01
1.440813100874330210e+01,2.938657428783758618e+01,9.828347514766240245e-01
1.452627916935993646e+01,2.940329973862568025e+01,9.866518822365705210e-01
1.464407679472013157e+01,2.942491280370654749e+01,9.970599009373471988e-01
1.476024547614270688e+01,2.944410385043563139e+01,1.004282400266205855e+00
1.499326452828015732e+01,2.947141850424969434e+01,9.845810573826045964e-01
1.512033691697362414e+01,2.948254934744078781e+01,9.737677465404785959e-01
1.513880058437416842e+01,2.948308067022990286e+01,9.743621182640895828e-01
1.517632670044608290e+01,2.948413704963259363e+01,9.755704052304663421e-01
1.524566027706068461e+01,2.948600514461108446e+01,9.778038653965832605e-01
1.536820799800506876e+01,2.948297144484649834e+01,9.890597281042331490e-01
1.549186253921959810e+01,2.947481136749831876e+01,9.987781729883632442e-01
1.560653870808985566e+01,2.945634075916419548e+01,9.931661924542007913e-01
1.584640270969684828e+01,2.939803240660783246e+01,9.685761767941862832e-01
1.596275198373745319e+01,2.936412704245694272e+01,9.753506669889826508e-01
1.607456916335026520e+01,2.933327258568423090e+01,9.878414302745601727e-01
1.618542245611456565e+01,2.930411379028987540e+01,9.982677164372235623e-01
1.623181724692069494e+01,2.929207121095535271e+01,9.979625542916863434e-01
1.629325696443120464e+01,2.927611862100523510e+01,9.975530696202411507e-01
1.639770035749109667e+01,2.924435932713392106e+01,9.840520604709371844e-01
1.650603300663801676e+01,2.920910119877984812e+01,9.749454214310186995e-01
1.658626461907883964e+01,2.917929486052666377e+01,9.765529785046094258e-01
1.661440197544122555e+01,2.916882526102592266e+01,9.771178049775575136e-01
1.669163993534602142e+01,2.914120708727520537e+01,9.835450044590146046e-01
1.671789702970378499e+01,2.913180188770502710e+01,9.857187443783852476e-01
1.681721085821624229e+01,2.908899914813851950e+01,9.893045947138787710e-01
1.690832866871822304e+01,2.903982022321459411e+01,9.790831234663065485e-01
1.700034859993294845e+01,2.898066753305668541e+01,9.596820478489790363e-01
1.709385590571153912e+01,2.891705151061818313e+01,9.498454945099267244e-01
1.712986128505973582e+01,2.889082522668321573e+01,9.522349002154493203e-01
1.718455951485424649e+01,2.885098052636997323e+01,9.558639874536395409e-01
1.727202840248974880e+01,2.878582482714006119e+01,9.642411751294270861e-01
1.736185923468016412e+01,2.871967902395432759e+01,9.701472165170648143e-01
1.745296220970407575e+01,2.864676161839024005e+01,9.608106837822233404e-01
1.754904583521576455e+01,2.856579181497313868e+01,9.485983958711243780e-01
1.764824069000752971e+01,2.848028161599063779e+01,9.512479171045835624e-01
1.768795349497147029e+01,2.844082005687680592e+01,9.601564175078132202e-01
1.773894546120432736e+01,2.839007888431117976e+01,9.716051821851072745e-01
1.782743353587497026e+01,2.829598151965010899e+01,9.882612106783981165e-01
1.790980569878724182e+01,2.819507287581540211e+01,9.898523810086188313e-01
1.797949083442210849e+01,2.808581454331278238e+01,9.698823119953532412e-01
1.805142505003624009e+01,2.797071587513276469e+01,9.598436031392610923e-01
1.811947254791436634e+01,2.786062496709967462e+01,9.690198703682368908e-01
1.816106805597712182e+01,2.779975848137540950e+01,9.829949417746888241e-01
1.818892810561012041e+01,2.775895275435341958e+01,9.923410400152868904e-01
1.822239089360628128e+01,2.770794140698965435e+01,1.001673967871971049e+00
1.825508684425346573e+01,2.765809400983959421e+01,1.010789284183506442e+00
1.832979424486887865e+01,2.756022347677130924e+01,1.011534610884646579e+00
1.840708125181541632e+01,2.745649348851238969e+01,9.960967361791513985e-01
1.841693357119150321e+01,2.744424642581261509e+01,9.948487602557568588e-01
1.849327148212195127e+01,2.734934038118427324e+01,9.851724708728747393e-01
1.856587172551424203e+01,2.725389292634328697e+01,9.910826703574413532e-01
1.860182219070857101e+01,2.720636996499924720e+01,9.953798932229950269e-01
1.864155720660406956e+01,2.715378914450336012e+01,1.000421486636910329e+00
1.871301253851551394e+01,2.705769381524563855e+01,1.007106844676422863e+00
1.871586037562946458e+01,2.705332350038084854e+01,1.006614311412863394e+00
1.877569648114829803e+01,2.696146208390090138e+01,9.962630769354884341e-01
1.884127437136035610e+01,2.685732244996379592e+01,9.782070318789766183e-01
1.884521895410914993e+01,2.685114438200052334e+01,9.779704450680921646e-01
1.891142360066852035e+01,2.674741498239894355e+01,9.739948234719641995e-01
1.896760156340535985e+01,2.665850205315991062e+01,9.841583864303096174e-01
1.897557149093649187e+01,2.664588807742076071e+01,9.856001133444726170e-01
1.904351905124272903e+01,2.654967310127134539e+01,1.002798322576268220e+00
1.911729745042965689e+01,2.645122996456348829e+01,1.012333614095874523e+00
1.918897762603923596e+01,2.635002350473698485e+01,1.002340954136001994e+00
1.926785414194356605e+01,2.624516186573588783e+01,9.863236579589456099e-01
1.926797049141518769e+01,2.624500717476903588e+01,9.863000443437449638e-01
1.934307096575003726e+01,2.613641423326084023e+01,9.832936613362606160e-01
1.940868110786940903e+01,2.603154548139882607e+01,9.947670316267038793e-01
1.941544929151664078e+01,2.601916615144750367e+01,9.962924443929724871e-01
1.946768343057468797e+01,2.592346029450173006e+01,1.007978666925140931e+00
1.951707335654432640e+01,2.581310223506698875e+01,1.005869355146542965e+00
1.956621024336552139e+01,2.569839905588374407e+01,9.859176223936414463e-01
1.961752673004743031e+01,2.557654803046165526e+01,9.755407264383677557e-01
1.967071769849031071e+01,2.545825909413058241e+01,9.841202289306836271e-01
1.972271468776679271e+01,2.534972572859171080e+01,1.003502949986429416e+00
1.973273890638389716e+01,2.533043986623152222e+01,1.005278427259640228e+00
1.977754101840969270e+01,2.524419380657522538e+01,1.013222979732165019e+00
1.979648402470427726e+01,2.521277745369119927e+01,1.012083418358317166e+00
1.984291355236431542e+01,2.513576906235034514e+01,1.009294034931808692e+00
1.991210578085057747e+01,2.502789008457374820e+01,9.949220761432199245e-01
1.993433774375812817e+01,2.499578098205602217e+01,9.939085402536156355e-01
1.998847249042609420e+01,2.491759084475981822e+01,9.914387987635414623e-01
2.005776877775769762e+01,2.480982974958173770e+01,1.003153678265139570e+00
2.012252784517640336e+01,2.470163091871298278e+01,1.017750351311662804e+00
2.018577170366319606e+01,2.458713237501267557e+01,1.020261491302914880e+00
2.024095740783909037e+01,2.447231554644192286e+01,1.000044951486240619e+00
2.029730064625120178e+01,2.435142417914135748e+01,9.785441199563323922e-01
2.035318881951360837e+01,2.423299195550190888e+01,9.781303845796859298e-01
2.040741434242065466e+01,2.412149548182715009e+01,9.962903457003366992e-01
2.046973337145383098e+01,2.401289085338538598e+01,1.011947437880858391e+00
2.053749979924513980e+01,2.390656930536147939e+01,1.009203380994523114e+00
2.060697844009319013e+01,2.380075349575790611e+01,9.883690135159817203e-01
2.068472294657719956e+01,2.368990814592361360e+01,9.713652354000660294e-01
2.076063466502174037e+01,2.358249789337683922e+01,9.750629708673341778e-01
2.076532591021200602e+01,2.357535134060803017e+01,9.760524904599957585e-01
2.082636153798473799e+01,2.348233274934278114e+01,9.889304171564677892e-01
2.084355425666091577e+01,2.345366580324787265e+01,9.921054147034763515e-01
2.088719147240884411e+01,2.338087222274090138e+01,1.000132856245606217e+00
2.094380918122924129e+01,2.328103257606345977e+01,9.950423559609192781e-01
2.096144100875412519e+01,2.324774271733230790e+01,9.907079004620187312e-01
2.103774887453839071e+01,2.310170008513302164e+01,9.812778659860789121e-01
2.105961013364779788e+01,2.305926132937799622e+01,9.814396779878422628e-01
2.112181999291481205e+01,2.295187413074728866e+01,1.001173570340387675e+00
2.118780518058608564e+01,2.285469198973941474e+01,1.031608396202775557e+00
2.125724172313429960e+01,2.276006631203940600e+01,1.053523784572763633e+00
2.131569591662580265e+01,2.268592824141839870e+01,1.057334898267390910e+00
2.133454291106030354e+01,2.266201395723478740e+01,1.058559229936466783e+00
2.135763617559180716e+01,2.263784318343222779e+01,1.058250128730037432e+00
2.151381609521873628e+01,2.247300519842033850e+01,1.070045201328616136e+00
2.160006378146645289e+01,2.237522778005049773e+01,1.098184110113236134e+00
2.168318654595460515e+01,2.227741287064971232e+01,1.128978123385351973e+00
2.175777233074361661e+01,2.218593411495323053e+01,1.146497295797630045e+00
2.183193892316160145e+01,2.209415307111586557e+01,1.146228733058567206e+00
2.191021182589285488e+01,2.199575822502224653e+01,1.140935054179323949e+00
2.199066155243301779e+01,2.189639607921500897e+01,1.149800843926148231e+00
2.203375808670926617e+01,2.184750964962409014e+01,1.160721386886939266e+00
2.207155310659844005e+01,2.180461235205456205e+01,1.170292200325228960e+00
2.215691391245010777e+01,2.172035134412143975e+01,1.187734293706504074e+00
2.224466429452704475e+01,2.163996070344417788e+01,1.185708627904835444e+00
2.233767959845329543e+01,2.155534271917973399e+01,1.165385289979945949e+00
2.244348111011141000e+01,2.147163709319962521e+01,1.156251665216829316e+00
2.254653498781385323e+01,2.138900141379507858e+01,1.160711480718982003e+00
2.264348552452790031e+01,2.130313254184975591e+01,1.178410574465152294e+00
2.272980030580857758e+01,2.122110610793847840e+01,1.185140703382076666e+00
2.280980807113714093e+01,2.113434898976816001e+01,1.171425397579571204e+00
2.288875748749492445e+01,2.103928540012994119e+01,1.142753530086467073e+00
2.291082793852948996e+01,2.100663686593724222e+01,1.133892972455211590e+00
2.296075107972328766e+01,2.093269090046721104e+01,1.113819795976477733e+00
2.303541421653431343e+01,2.082631480832770166e+01,1.089950725232478712e+00
2.309972707442753048e+01,2.073602822658452283e+01,1.075424328775927751e+00
2.311241176317195212e+01,2.071821978287555055e+01,1.072546137890844076e+00
2.319008084695923344e+01,2.061758594235053721e+01,1.051601441450079610e+00
2.335987655500122884e+01,2.039167623027854503e+01,9.862427909336739518e-01
2.342809813243968975e+01,2.030876565948958046e+01,9.790240919166718347e-01
2.351137141061867908e+01,2.021873666522121837e+01,9.901273441034509348e-01
2.351582513450433964e+01,2.021400873002728460e+01,9.911568463362933068e-01
2.362635201308417976e+01,2.009325763376620344e+01,1.014628220206632125e+00
2.366504183235052139e+01,2.004840545180308808e+01,1.021266187570798678e+00
2.371416277072118106e+01,1.998963285572996895e+01,1.019207894620447030e+00
2.373649825106639355e+01,1.996287887538283456e+01,1.018267634470203964e+00
2.376392599087964896e+01,1.992768549640722853e+01,1.014653241405656159e+00
2.380575764219123513e+01,1.987383309982038782e+01,1.009060712136205629e+00
2.380577476585655106e+01,1.987381101154562657e+01,1.009058402871445992e+00
2.388582980838986103e+01,1.977948055650019654e+01,1.007618549325653756e+00
2.397336106567531644e+01,1.968238844993783943e+01,1.018194443776923030e+00
2.400270372771681693e+01,1.965282051665053586e+01,1.022913362384357816e+00
2.406718179901575638e+01,1.958785244588023389e+01,1.033268891614538498e+00
2.416085960250887510e+01,1.950024534006923460e+01,1.037237267615578995e+00
2.425293667562774047e+01,1.941411937178235192e+01,1.020901268722759436e+00
2.434642530156120444e+01,1.932103704280196510e+01,1.003451532145220648e+00
2.440340922927898504e+01,1.926180671078833484e+01,1.001312558965249400e+00
2.443686043402226105e+01,1.922699620014478583e+01,1.000043633891061212e+00
2.448355718149768734e+01,1.917882325804188781e+01,1.007266241946932706e+00
2.452387700327641795e+01,1.913713698856655654e+01,1.013459158249073733e+00
2.459839156470676613e+01,1.905421553701144077e+01,1.023026642862499669e+00
2.467056681478690194e+01,1.897160552505608067e+01,1.022661562967106086e+00
2.473827562824762438e+01,1.888289226904394980e+01,1.004719025791342313e+00
2.480611161305929357e+01,1.878258128779606650e+01,9.962818464796940887e-01
2.482651560120481093e+01,1.875321195631382309e+01,1.000373907107250826e+00
2.487422042398265276e+01,1.868442615611342816e+01,1.009896277952786248e+00
2.494990404442928877e+01,1.858383031977806965e+01,1.035153144485941645e+00
2.497508788707783367e+01,1.855312996759283095e+01,1.040816453314551637e+00
2.499888144775013288e+01,1.852410954244042784e+01,1.046174823974218349e+00
2.502839451007901772e+01,1.848809289776758646e+01,1.052831787178888145e+00
2.510809548592694540e+01,1.839226042622965807e+01,1.051600088752471684e+00
2.519465188771943431e+01,1.829681931744298140e+01,1.038075710634446036e+00
2.528839264337366544e+01,1.819654586817811293e+01,1.028357384494398286e+00
2.537300941480671312e+01,1.809387849823365002e+01,1.032297748937430315e+00
2.545360655010642148e+01,1.798942133817967104e+01,1.046990121208981828e+00
2.551832906886776797e+01,1.790156881827088142e+01,1.049479253240343413e+00
2.553093709510442721e+01,1.788445387501176853e+01,1.049957554721810515e+00
2.560285973707025065e+01,1.778021268678982025e+01,1.032133433800226596e+00
2.566691499747367189e+01,1.766508022352525487e+01,1.010575772738919298e+00
2.572856748695935636e+01,1.753795854419496791e+01,1.006770941119112583e+00
2.579385742038941487e+01,1.741848677591078243e+01,1.013067386587601870e+00
2.585931212929675738e+01,1.730594650171628857e+01,1.021311105927602991e+00
2.592192740074101565e+01,1.719906858987507903e+01,1.021588221471689151e+00
2.598572601391690284e+01,1.708940963012032199e+01,1.002997927916040366e+00
2.605371019416827139e+01,1.697417189541596727e+01,9.799515402239351580e-01
2.606176486367881395e+01,1.696006401241761452e+01,9.798563495652434785e-01
2.612131691885171136e+01,1.685569720180204456e+01,9.791511508316134149e-01
2.617977861173259768e+01,1.674929103054514457e+01,1.003360464421735099e+00
2.618628167371095827e+01,1.673618868571476881e+01,1.006680275981990613e+00
2.623361649629300274e+01,1.664073239480020661e+01,1.030805795778430012e+00
2.628503061576239475e+01,1.653458930125011506e+01,1.038853471805579964e+00
2.633360764159534995e+01,1.642659491671411942e+01,1.020185933125491440e+00
2.638439154111593865e+01,1.630696950018067781e+01,1.007245892052680558e+00
2.638590736670569470e+01,1.630339618129757540e+01,1.006858932138203988e+00
2.638981876992225750e+01,1.629443404587479804e+01,1.007277576559273857e+00
2.644016016502542143e+01,1.617899412088252475e+01,1.012685028831320722e+00
2.646219739430054929e+01,1.613239949442135668e+01,1.019795069458350856e+00
2.649713426990829745e+01,1.605844637145355946e+01,1.031085780618158365e+00
2.655400273251412102e+01,1.593753784475122615e+01,1.045897533230276011e+00
2.660600207715990706e+01,1.581541600198138831e+01,1.045114113401908851e+00
2.666361354656898541e+01,1.568698138995620894e+01,1.035854736190397585e+00
2.672717227420414687e+01,1.555569153031646401e+01,1.036310481989492382e+00
2.678635328211736066e+01,1.542572229933813865e+01,1.058780243945392163e+00
2.683758073558115598e+01,1.530795966454044432e+01,1.095206847983696941e+00
2.684279075834369976e+01,1.529534890781402545e+01,1.098936994503357356e+00
2.687967143425915140e+01,1.520606927577122747e+01,1.125340379560233695e+00
2.688334567423875754e+01,1.519717376876343629e+01,1.127970662368372512e+00
2.692357397287467791e+01,1.508916301924982406e+01,1.144326097621563010e+00
2.695615357856712890e+01,1.498189228092777547e+01,1.149610143687613384e+00
2.698401448417926218e+01,1.486801171748113148e+01,1.176721556999043905e+00
2.699314346185312630e+01,1.482948066345968918e+01,1.193436362448883958e+00
2.700880959025148442e+01,1.476324850591342397e+01,1.222110051828905197e+00
2.702354251348625525e+01,1.470859943466714981e+01,1.246864067047217750e+00
2.703377441260471414e+01,1.467056707361341061e+01,1.264075848361111643e+00
2.703420079531116471e+01,1.466898078622185686e+01,1.264793460148525339e+00
2.703618597697369452e+01,1.466098988154470284e+01,1.267107718737346289e+00
2.704804970837172462e+01,1.461323526365161030e+01,1.280937953810037166e+00
2.705787860370769948e+01,1.457367162441098252e+01,1.292395923799875224e+00
2.708028888385866750e+01,1.447611961407853087e+01,1.296885607120770167e+00
2.708224273461993192e+01,1.446704575368699075e+01,1.296130704605002348e+00
2.710293012055785766e+01,1.437102273034556177e+01,1.288118381291691428e+00
2.711947388535040204e+01,1.425911886918898830e+01,1.283419948177011882e+00
2.711961605507561401e+01,1.425815643534026478e+01,1.283379521443546167e+00
2.712517407631412780e+01,1.420185676011693943e+01,1.285967476656604491e+00
2.713086581746399162e+01,1.414381785679864834e+01,1.288635151484452290e+00
2.713674647726183409e+01,1.402797794890660832e+01,1.285574162343287030e+00
2.713674929202408848e+01,1.402792178781565546e+01,1.285572638248795307e+00
2.713160522590650103e+01,1.391092313860036533e+01,1.256474188092514099e+00
2.712221314045592280e+01,1.379315556027830247e+01,1.208968861372378578e+00
2.711054900272121060e+01,1.366602198085122311e+01,1.161214815030126912e+00
2.710810415740964530e+01,1.364663653273752431e+01,1.155123115256623256e+00
2.710159298618153656e+01,1.359497535953452108e+01,1.138892308543294707e+00
2.709442692787597906e+01,1.353806112356516422e+01,1.121016397640737905e+00
2.707998821249584864e+01,1.341231303219666238e+01,1.089412804566603832e+00
2.706821870030820776e+01,1.329302826613385768e+01,1.051989028657564385e+00
2.706001158794995121e+01,1.316964356390780111e+01,1.004051057982339401e+00
2.704965082526571152e+01,1.303674247383193929e+01,9.454467085622376699e-01
2.704186576781434326e+01,1.289520254765287888e+01,8.976714142079272873e-01
2.703013252090645935e+01,1.275472646488773876e+01,8.715403422492792318e-01
2.701850119800992545e+01,1.266145889734200836e+01,8.686896493755176252e-01
2.701675481521105837e+01,1.264760043978356840e+01,8.682531855928135034e-01
2.701285351559798542e+01,1.261677940681284937e+01,8.672706570346009336e-01
2.698454163861332233e+01,1.248369662355443488e+01,8.650884672078436033e-01
2.694930941632018673e+01,1.235125592156472152e+01,8.487830039848250907e-01
2.690784140754090359e+01,1.221493938825526904e+01,8.235854417134712557e-01
2.686161154557614950e+01,1.207609231273113437e+01,8.121139192139994467e-01
2.681427538527173482e+01,1.194030741785178407e+01,8.175328710807602262e-01
2.676886710929089119e+01,1.181192192879467662e+01,8.286413929016074320e-01
2.672594134621749973e+01,1.168386770953331144e+01,8.373973870414977982e-01
2.669191545107148400e+01,1.158633820105050383e+01,8.377407406393496681e-01
2.668147702037706637e+01,1.155648155888919604e+01,8.378387093283471421e-01
2.663319060885476830e+01,1.142597353824501027e+01,8.362692568139858951e-01
2.663017170408213019e+01,1.141720023675319595e+01,8.368566531310599466e-01
2.658725547647316390e+01,1.129310848757546815e+01,8.452380964881506253e-01
2.654159595243024938e+01,1.117144519500699040e+01,8.703675565172459550e-01
2.650993021377955827e+01,1.109398128291337926e+01,8.926263901660336231e-01
2.649432648116339095e+01,1.105602573587884763e+01,9.034883159108222372e-01
2.644290031385083495e+01,1.095053882759336972e+01,9.248565614756155684e-01
2.644246907896938126e+01,1.094965643180014681e+01,9.250346763068930667e-01
2.638747711203681590e+01,1.084750483147736588e+01,9.211850109473439518e-01
2.627690363004239771e+01,1.062531336939271576e+01,9.086806617385002616e-01
2.626993116259107808e+01,1.061007053722260451e+01,9.110093159358415571e-01
2.622600441246274627e+01,1.051404252520282512e+01,9.256772856573474151e-01
2.617946722895208467e+01,1.039972169417101711e+01,9.388776228452122563e-01
2.613680599185721221e+01,1.028799024652620986e+01,9.359846312402160251e-01
2.613489996760518963e+01,1.028300088095726927e+01,9.358548262681477548e-01
2.610099699625718728e+01,1.019124718568066079e+01,9.215149980912931138e-01
2.609000936051592845e+01,1.016151218850859905e+01,9.168689471971610550e-01
2.604431942035211378e+01,1.003307289277216618e+01,9.071760515520007617e-01
2.603745540344893428e+01,1.001402163068275897e+01,9.081754424562363814e-01
2.599929939953039337e+01,9.908251335876157029e+00,9.137344494858447019e-01
2.595473116218904508e+01,9.784179774083581194e+00,9.286243818954532658e-01
2.590446682804748235e+01,9.665534592965094873e+00,9.385749205901643410e-01
2.585334828422255171e+01,9.556970328844382578e+00,9.271662778894692591e-01
2.579639320844186656e+01,9.440930791548378664e+00,9.067542226345968182e-01
2.576837073271767053e+01,9.393145110749284044e+00,9.071068399047531594e-01
2.572658557075486385e+01,9.321907837519749052e+00,9.076324504934346615e-01
2.566204374498493479e+01,9.208873107240643563e+00,9.231919794157051884e-01
2.560347865177631022e+01,9.095214717670563331e+00,9.436068493232367960e-01
2.554999220097885271e+01,8.981295373665771464e+00,9.518202911681544753e-01
2.549451877645818954e+01,8.870041313783509906e+00,9.422945661353904212e-01
2.543490073739663160e+01,8.742764974461223915e+00,9.375623299544795231e-01
2.537754068236285221e+01,8.622530788372383626e+00,9.431135508287304958e-01
2.532394372266025329e+01,8.509438907254995854e+00,9.556817250923487217e-01
2.526547297648652801e+01,8.402131089820477072e+00,9.648365333628431406e-01
2.520435920683311792e+01,8.302498970219771124e+00,9.621340843119092767e-01
2.513722904878141051e+01,8.199920488321051693e+00,9.480817405790992192e-01
2.513549860736653940e+01,8.197276897159214926e+00,9.477196232476681192e-01
2.506644181197680865e+01,8.090765347259475604e+00,9.437603059728566501e-01
2.500087835803717695e+01,7.979843452236234036e+00,9.556498405913371741e-01
2.499383046392810570e+01,7.967910293326280424e+00,9.582133682234527106e-01
2.492925303649343149e+01,7.858725516291312552e+00,9.817089611881039124e-01
2.486757544418528809e+01,7.738001141502298452e+00,9.995156651660044300e-01
2.483577415463172500e+01,7.676285978933025334e+00,9.983101019254465580e-01
2.480674763761298962e+01,7.619982085884493550e+00,9.972049329030484577e-01
2.474497303797860681e+01,7.495289842683029669e+00,9.821710951239055465e-01
2.468664180144552134e+01,7.363029819861137248e+00,9.734807538157844720e-01
2.462649539364367612e+01,7.238193913911256772e+00,9.828955130201498802e-01
2.457878284252791801e+01,7.154451279120896956e+00,9.943625076913839012e-01
2.456144505478032514e+01,7.124021141635783927e+00,9.985284481329246287e-01
2.454517758683990891e+01,7.098305856265492153e+00,9.990318013039749534e-01
2.449351771014476142e+01,7.016659789029286109e+00,1.000600288293176376e+00
2.442812012976191482e+01,6.921974472383241483e+00,9.799418669932952186e-01
2.442515590931079217e+01,6.917686188812181669e+00,9.790063996395743651e-01
2.434737549666538214e+01,6.813867402650880756e+00,9.593086886278267000e-01
2.426546859723271865e+01,6.715168528000614145e+00,9.628405952793294142e-01
2.419145548929824230e+01,6.613244014766963552e+00,9.721897981385165810e-01
2.411538071939027361e+01,6.502718829128919964e+00,9.807184545049015822e-01
2.403818388952634066e+01,6.392448863759767619e+00,9.739379487763705212e-01
2.402937361324224241e+01,6.379487130771902770e+00,9.713210215322483077e-01
2.395822989675624015e+01,6.274887840484875134e+00,9.501755112825789329e-01
2.393174627849444391e+01,6.236007967101430793e+00,9.457759444457780607e-01
2.387377114897344654e+01,6.150923599286134191e+00,9.361400054864127407e-01
2.384693218098577461e+01,6.114563567427308222e+00,9.377685340342230003e-01
2.380436820619912197e+01,6.056908784396387802e+00,9.403521265569720899e-01
2.378786257431605478e+01,6.034554041035534944e+00,9.413542965183676614e-01
2.370468942300955106e+01,5.925424283486958821e+00,9.526763303252274717e-01
2.361679071733845703e+01,5.818547262847222790e+00,9.525782253317398585e-01
2.359679785453975853e+01,5.797041149769847301e+00,9.480048251636622458e-01
2.356923762464252192e+01,5.767400062173794417e+00,9.417013292473045416e-01
2.355093623685614901e+01,5.747720190821461905e+00,9.375160922070074898e-01
2.352665558751225561e+01,5.721614777432199261e+00,9.319642278612284558e-01
2.343329802042646293e+01,5.619887813155305167e+00,9.161282429575778874e-01
2.334013192527469016e+01,5.522550450403588940e+00,9.212062682314109407e-01
2.325139026965401357e+01,5.423230258975468843e+00,9.381825454260134256e-01
2.316180349048730847e+01,5.318526551993458362e+00,9.537812030930874485e-01
2.312698173101351529e+01,5.274755736478968338e+00,9.514388394320443254e-01
2.298441763098228918e+01,5.096399534805025056e+00,9.219308352301283094e-01
2.288975797842375570e+01,4.974944407490345277e+00,9.063820203495258632e-01
2.279892050748698296e+01,4.855708705768068789e+00,9.110684618791464739e-01
2.270897169493535017e+01,4.735728997454324407e+00,9.254084040450281101e-01
2.262239861464301782e+01,4.621921615143576467e+00,9.218718273983007583e-01
2.253458790118377664e+01,4.512723368475427321e+00,8.923445260195048689e-01
2.243850811436551140e+01,4.405651272927903150e+00,8.687369368078431409e-01
2.234655729122943768e+01,4.298852842412588693e+00,8.723829934864845148e-01
2.226257645746765590e+01,4.195754231429662084e+00,8.946068840351426577e-01
2.225750216913708357e+01,4.189184313233711876e+00,8.957590684454415086e-01
2.218390697171030723e+01,4.093916813858115233e+00,9.124773937995258599e-01
2.202204296198875966e+01,3.884539516527923730e+00,8.964813692214931296e-01
2.193635373072499917e+01,3.767557489687399563e+00,8.883988137086291648e-01
2.192989671769894855e+01,3.759064885354765018e+00,8.894060670780175037e-01
2.185160119340763174e+01,3.656187585514740324e+00,9.015972179941100784e-01
2.176927358397644596e+01,3.554189088821893439e+00,9.213059101644390791e-01
2.168325210817064175e+01,3.452790382184513618e+00,9.331486963938104839e-01
2.161490485152732788e+01,3.378957556060469436e+00,9.234711946034345198e-01
2.159845068880083829e+01,3.361186651181796936e+00,9.211437365651170550e-01
2.150610805566756767e+01,3.268522147137342237e+00,9.043468359675488344e-01
2.140884987266807471e+01,3.175452543940960215e+00,9.110134108819480936e-01
2.140576588670106872e+01,3.172267468500465259e+00,9.117269344422381794e-01
2.135121201339561736e+01,3.115943704946935622e+00,9.243456562178578029e-01
2.131941805849792715e+01,3.083134137836486488e+00,9.316971020616543475e-01
2.123651117856960013e+01,2.986336804249719812e+00,9.470085293354562062e-01
2.115417022147951798e+01,2.886326908531909208e+00,9.446160672696627403e-01
2.106894024143251087e+01,2.783903180054497994e+00,9.206454434385710206e-01
2.103426681908424456e+01,2.741091177052624950e+00,9.134285935843898807e-01
2.097427133617024708e+01,2.667028131271989455e+00,9.009386843063295069e-01
2.088037660922001137e+01,2.555131070437199892e+00,8.993677578729032396e-01
2.079048191103392185e+01,2.441529321978688660e+00,9.117994043991067832e-01
2.076561539588145067e+01,2.410463004257546782e+00,9.148079692653972028e-01
2.060480972468121408e+01,2.219872164660015024e+00,9.092096644403157013e-01
2.050902180068055713e+01,2.115182164042273438e+00,8.845938587204762449e-01
2.041018855184007919e+01,2.008640833679049553e+00,8.787734631756477510e-01
2.032084932061170690e+01,1.907896080989863741e+00,8.972509544023326011e-01
2.027892465375823505e+01,1.853279233271238002e+00,9.099578865876171152e-01
2.024239813076118466e+01,1.805716329832757427e+00,9.210367721269275831e-01
2.016496898115489245e+01,1.700113209479048981e+00,9.333544823614744468e-01
2.008703124293127829e+01,1.595975190036462932e+00,9.225144451444921012e-01
2.000645040122619633e+01,1.481630323398740234e+00,9.106337441588002735e-01
1.999477595813870323e+01,1.465105064338221741e+00,9.113392420142841788e-01
1.992678395756958309e+01,1.368869968659786718e+00,9.154559988059592923e-01
1.984850613658571916e+01,1.260041633003060380e+00,9.338398857972881606e-01
1.976681198220828151e+01,1.147914878462541255e+00,9.475913699203749596e-01
1.968840669057658843e+01,1.042156343145821396e+00,9.364046716265417292e-01
1.960778285880178373e+01,9.382711397387125674e-01,9.077748717992543126e-01
1.952447300023940002e+01,8.283034098701386183e-01,8.925271833994409265e-01
1.951619598748209938e+01,8.172178924513608944e-01,8.929435489803082548e-01
1.944543050807078899e+01,7.225998711969163768e-01,8.964789555608742022e-01
1.937860903498191689e+01,6.155242342716495951e-01,9.033754839602112785e-01
1.931606460761011235e+01,4.987622431251386712e-01,9.020605336516295258e-01
1.925388570641710473e+01,3.823269146217329051e-01,8.806589449677649784e-01
1.911886848901558622e+01,1.281519003096729115e-01,8.408118987572960057e-01
1.905260689140968466e+01,7.110510056145736071e-03,8.536438802456816077e-01
1.903946910524833669e+01,-2.014262134966188569e-02,8.572026041600426804e-01
1.899539849671400304e+01,-1.115286981944395156e-01,8.691009255717890847e-01
1.893767066733578019e+01,-2.244704267474501302e-01,8.743191255267384054e-01
1.888251652891012355e+01,-3.302887402767544778e-01,8.561308120058283011e-01
1.882802514054231224e+01,-4.408410161970614527e-01,8.394977014736064724e-01
1.877521920373225939e+01,-5.522072717183085233e-01,8.442188065188575008e-01
1.872607714649899791e+01,-6.612794672625926795e-01,8.632952338774120271e-01
1.871610565889131550e+01,-6.861011472831780589e-01,8.661881544975293945e-01
1.863105235226545986e+01,-9.004235655811140271e-01,8.733866564751471273e-01
1.857853107682079496e+01,-1.024425117936468732e+00,8.487494514672917489e-01
1.852272681027352874e+01,-1.156126033464876857e+00,8.298682662955797484e-01
1.849775440036601637e+01,-1.208094244852307320e+00,8.299661071058087591e-01
1.846241145963384866e+01,-1.281582743925585355e+00,8.301198960815479033e-01
1.839971862587649909e+01,-1.405053166991702351e+00,8.439911222613271091e-01
1.839191429185463633e+01,-1.420172042136643276e+00,8.447526828054191528e-01
1.837257825912805842e+01,-1.457611216171850410e+00,8.466135964749436082e-01
1.833583140002508927e+01,-1.528683518639651684e+00,8.500479588075646742e-01
1.826999852284658132e+01,-1.637605979070116957e+00,8.301552109281241654e-01
1.819710531680658505e+01,-1.743829527814961811e+00,8.006746898512769883e-01
1.819238657002793502e+01,-1.750566997265836644e+00,7.999489176563603365e-01
1.812005299993746377e+01,-1.853839120180201583e+00,7.888224585302066050e-01
1.809193403036769965e+01,-1.892861521928495216e+00,7.925221118107260709e-01
1.804660843969265116e+01,-1.955751296673318151e+00,7.984828362034968041e-01
1.804037640989956515e+01,-1.965485900143450149e+00,7.998797504211192511e-01
1.797958808160120370e+01,-2.060405535492994211e+00,8.135132703144239974e-01
1.791491063076725965e+01,-2.173851868018179090e+00,8.210823466108716495e-01
1.786072082537280892e+01,-2.264400088187145776e+00,8.120043117554253120e-01
1.784820553196209403e+01,-2.285311837203665153e+00,8.099046383570022156e-01
1.778015906023921033e+01,-2.408022866560552089e+00,7.955181352100667569e-01
1.777212769040733420e+01,-2.422292894758789839e+00,7.958509246204015231e-01
1.770953258678749975e+01,-2.533509950926223997e+00,7.984493094541064151e-01
1.763721806249576574e+01,-2.655080310671993793e+00,8.189227813121711108e-01
1.756156190531185146e+01,-2.778605110465471650e+00,8.376993157931114098e-01
1.753592242421179392e+01,-2.815890501042147775e+00,8.367400972347384114e-01
1.748300375317802846e+01,-2.892826418030894242e+00,8.347481808728789421e-01
1.739860778082234560e+01,-3.002683332796649562e+00,8.099270469136049533e-01
1.730953396413595158e+01,-3.111038081702608871e+00,7.939506689053158484e-01
1.721941617778985290e+01,-3.214861535178242136e+00,7.987557866611387780e-01
1.714715344453619039e+01,-3.307661223875439038e+00,8.095965169554482088e-01
1.713784012926250355e+01,-3.319614890896626758e+00,8.109951328348967703e-01
1.705930268907516734e+01,-3.434214716122421240e+00,8.149413514650716284e-01
1.702738499621854373e+01,-3.478998672375686052e+00,8.099565059483023743e-01
1.697809282869381775e+01,-3.548144257210171570e+00,8.022519182596714593e-01
1.689209131135566722e+01,-3.662791138393762580e+00,7.802170173560594169e-01
1.686683709977692658e+01,-3.697972556925808174e+00,7.784416965419316270e-01
1.684944118990950557e+01,-3.722194195998792310e+00,7.772223219437277564e-01
1.680529779591385520e+01,-3.783612351850454303e+00,7.741409390509785826e-01
1.677142537111827636e+01,-3.828567931085221421e+00,7.792108215870536814e-01
1.671891399720073323e+01,-3.898198061369352985e+00,7.870740792169140798e-01
1.663411612260833650e+01,-4.004915483999043957e+00,8.072870615582697917e-01
1.654791085932701122e+01,-4.103677557596336456e+00,8.168198756077682532e-01
1.645969412431268353e+01,-4.197841676533378141e+00,8.019900139885901558e-01
1.636499409032024133e+01,-4.297137509780680098e+00,7.861458164745085408e-01
1.622171762621247026e+01,-4.429642794544557560e+00,7.927870974697598383e-01
1.617110954863910877e+01,-4.476120223109896656e+00,7.995392603471502824e-01
1.613553658116015299e+01,-4.510143356084002519e+00,8.027247649538700180e-01
1.607693581703792063e+01,-4.566190643084739875e+00,8.079672550167477096e-01
1.597653093125561696e+01,-4.659467142155648389e+00,8.008447066852582008e-01
1.587091711289837370e+01,-4.755321903705866049e+00,7.755053202512546262e-01
1.575702930639805643e+01,-4.857131656206317594e+00,7.569222719099100161e-01
1.552483310710800524e+01,-5.046006547884064553e+00,7.684200192158695542e-01
1.540346874996451909e+01,-5.130410351542540326e+00,7.754083482949648554e-01
1.528269548246025167e+01,-5.200885887603916125e+00,7.595588756659863439e-01
1.515537496520604677e+01,-5.271373112821510887e+00,7.361355272565309749e-01
1.502532009743558739e+01,-5.342141278191141041e+00,7.291958441901099652e-01
1.489877270037993107e+01,-5.402682718597331402e+00,7.433747794362632888e-01
1.477871130785475984e+01,-5.455694715876928669e+00,7.586240697922744802e-01
1.465992787146291043e+01,-5.510554275927417756e+00,7.621612042008564236e-01
1.465102010885520656e+01,-5.514445538736582719e+00,7.610372547717353386e-01
1.453961858503438087e+01,-5.563096471444950453e+00,7.469915359946124322e-01
1.441054231071350777e+01,-5.623713867047231751e+00,7.286059610093310601e-01
1.439999971790257405e+01,-5.629081771280029400e+00,7.288287907503194774e-01
1.429854558802727027e+01,-5.680596467946093853e+00,7.309265333438690337e-01
1.428585883527153655e+01,-5.687019972414304902e+00,7.311831944516958837e-01
1.428344173459783484e+01,-5.688243319944047194e+00,7.312319578732071612e-01
1.416253984064097438e+01,-5.739795001930812823e+00,7.463976454662435422e-01
1.416072787652503351e+01,-5.740566117140863511e+00,7.466255882570077551e-01
1.403147261002950508e+01,-5.791829021412755019e+00,7.685864860545164046e-01
1.390826901244643743e+01,-5.834366508133592255e+00,7.747599314902599010e-01
1.378260890004031403e+01,-5.869060963008931431e+00,7.573767418888160963e-01
1.375253250127693683e+01,-5.877766659448706577e+00,7.542715858638920912e-01
1.364705315459050716e+01,-5.908298279915354279e+00,7.433813072953500134e-01
1.351858910553314530e+01,-5.949557306057534412e+00,7.502443547272344970e-01
1.348897623788687916e+01,-5.959916303428986595e+00,7.545702597267407441e-01
1.339847292138574097e+01,-5.991574873688636949e+00,7.677895516588034708e-01
1.327580209140876555e+01,-6.045765073580348314e+00,7.806758596166146758e-01
1.317096645471802319e+01,-6.093758488397099882e+00,7.753569795543764354e-01
1.315445916183474040e+01,-6.101314711189590234e+00,7.745182975974790329e-01
1.302836901040539885e+01,-6.157839601611970082e+00,7.496109631749821034e-01
1.289622813016371161e+01,-6.217909511611933837e+00,7.366713249554894816e-01
1.276748567688538394e+01,-6.275937863587932597e+00,7.428567699600517882e-01
1.264634809722476305e+01,-6.328139418885669443e+00,7.562390420869204988e-01
1.261149405644162691e+01,-6.341608179416264868e+00,7.581189856716148423e-01
1.252031061986596505e+01,-6.376769421791844472e+00,7.629560658708306464e-01
1.239825514364535408e+01,-6.415175537324908639e+00,7.500401617805457777e-01
1.226699769188384792e+01,-6.449690875837753801e+00,7.337791417882660872e-01
1.222385081324697964e+01,-6.459573427441593019e+00,7.352160257602241566e-01
1.213087013907287037e+01,-6.480866420400316130e+00,7.383136557729762517e-01
1.200205404148243105e+01,-6.509494968756338373e+00,7.603886066305921565e-01
1.186831491944104400e+01,-6.539229104797818160e+00,7.867390547431621917e-01
1.186233350720458013e+01,-6.540500404160949799e+00,7.874111927719069648e-01
1.184902310541401427e+01,-6.543329318265874939e+00,7.889067744490415590e-01
1.182230591846434109e+01,-6.549007210330663575e+00,7.919082548955878043e-01
1.173620104971577049e+01,-6.567302239575111500e+00,8.015768545683149560e-01
1.160213489467764347e+01,-6.596952702976021321e+00,7.972508575533466813e-01
1.155095080324409551e+01,-6.608632547926075240e+00,7.971760260374012308e-01
1.149375674591982488e+01,-6.621682069154922523e+00,7.970884376019363726e-01
1.145916905454659052e+01,-6.629572784395169727e+00,7.970334229546787164e-01
1.132150181504818498e+01,-6.655735508096832120e+00,8.179935583178549185e-01
1.125822922195709275e+01,-6.665812003516089490e+00,8.342071740973144856e-01
1.118400210840694697e+01,-6.677604854086584218e+00,8.532283068033833517e-01
1.104773868160328654e+01,-6.695951014793553924e+00,8.792665339119980494e-01
1.091569509740030597e+01,-6.703825713658805086e+00,8.754508210451058536e-01
1.078084130634759674e+01,-6.710825582621112950e+00,8.623457350554848411e-01
1.066569220810939278e+01,-6.712925496432567307e+00,8.651172310971317891e-01
1.063859352300945638e+01,-6.713415526656420163e+00,8.657622713786853330e-01
1.059378507634378686e+01,-6.712995371742798589e+00,8.712944072849662103e-01
1.036369129923919807e+01,-6.716144416885859947e+00,9.033826182674581373e-01
1.023220897366667081e+01,-6.722910841425890460e+00,9.128484175417750368e-01
1.010214488638557917e+01,-6.728512096948325194e+00,8.988800984678985140e-01
9.961219308121888716e+00,-6.740149166939449543e+00,8.783401956653070775e-01
9.816368822400665550e+00,-6.750491920602437190e+00,8.739604003280406763e-01
9.681238414257101965e+00,-6.752551855372984413e+00,8.875901052118185808e-01
9.674603100941819633e+00,-6.752308007929299194e+00,8.884093549379121768e-01
9.550292788273811340e+00,-6.747712456066691900e+00,9.037206793106892233e-01
9.423977212300899353e+00,-6.735797866408170798e+00,9.065163276522537616e-01
9.414737479976569290e+00,-6.734453644722059096e+00,9.052238546476892855e-01
9.296533139595654305e+00,-6.717242732237648895e+00,8.886746339202786782e-01
9.257216933895477951e+00,-6.711466028352091939e+00,8.852509988888983550e-01
9.243315676115411605e+00,-6.709423386125370925e+00,8.840406433473925185e-01
9.157988731565209761e+00,-6.696883892658421544e+00,8.766131927726058537e-01
9.051121808503209465e+00,-6.679993108216092601e+00,8.837632859339127345e-01
9.024004642351066252e+00,-6.675704281282704322e+00,8.855759586719326171e-01
8.897970009119278600e+00,-6.662900002026130863e+00,9.076925346766668845e-01
8.858137706750250473e+00,-6.660830462492048909e+00,9.134968082442719295e-01
8.819760310819926730e+00,-6.658820544784089357e+00,9.190961727119391078e-01
8.771965614375464071e+00,-6.656295701380199326e+00,9.260792668322957999e-01
8.645819533630556109e+00,-6.656548320078977454e+00,9.282143881768692983e-01
8.516876324484043081e+00,-6.658014921096584438e+00,9.131962864414545633e-01
8.443549551517135043e+00,-6.659954593505296394e+00,9.082099332214872422e-01
8.402306721841155124e+00,-6.661044485896512768e+00,9.054025251319454126e-01
8.241418561846492352e+00,-6.662876702700488707e+00,9.099932668470842589e-01
8.106073509685806755e+00,-6.663043511534954000e+00,9.252112902918407933e-01
7.973922500086558784e+00,-6.663647989228268287e+00,9.341055799993738251e-01
7.864768276241967726e+00,-6.658275431663719601e+00,9.211520107887972708e-01
7.845929470040164944e+00,-6.657346709760521897e+00,9.189157564426680969e-01
7.715243308434136082e+00,-6.640221478943559852e+00,8.922358148880353834e-01
7.578823927900894653e+00,-6.625886443770594880e+00,8.842427879865446538e-01
7.476358474986887437e+00,-6.622332974431639485e+00,8.930130858245159953e-01
7.447001795948336778e+00,-6.621302258624300663e+00,8.955282555039477677e-01
7.321713653654136067e+00,-6.620169010560231548e+00,9.122333065111105643e-01
7.309520749412659946e+00,-6.620183464816192576e+00,9.128480007757356907e-01
7.196161848499007974e+00,-6.620234240333766174e+00,9.186120070708474472e-01
7.067073875861418664e+00,-6.622170135172204652e+00,9.057875317185484221e-01
6.930063294085220704e+00,-6.632315341785895768e+00,8.867390894788004241e-01
6.828003470936148567e+00,-6.637355919365157675e+00,8.826493331370297568e-01
6.789850919047672129e+00,-6.639236528352695288e+00,8.811180279628785250e-01
6.646531422182206050e+00,-6.644336355389134141e+00,8.963330139866400037e-01
6.506827141636622791e+00,-6.645631756217933450e+00,9.125086294184048263e-01
6.501534982357183523e+00,-6.645379643641342149e+00,9.126516693421086179e-01
6.368204306472215137e+00,-6.639001952843144316e+00,9.162108143183497200e-01
6.335606500963055332e+00,-6.636502852661494423e+00,9.122055448241518372e-01
6.231969788872478766e+00,-6.628552977341131580e+00,8.994408126783002277e-01
6.085474450024970672e+00,-6.617366603734013530e+00,8.884894145988255776e-01
5.950934584999077792e+00,-6.609244891448236459e+00,8.992128779831255470e-01
5.823313551655272313e+00,-6.607258904860175974e+00,9.229138182151760406e-01
5.787082917044291897e+00,-6.608226304967302234e+00,9.284100640973562690e-01
5.694623967804667508e+00,-6.610694291580136550e+00,9.424450787623345205e-01
5.570587238499295601e+00,-6.615548065329338812e+00,9.463476479021231125e-01
5.532899496264219508e+00,-6.617387115011895027e+00,9.442842352668063821e-01
5.442206273085644419e+00,-6.621814240314011002e+00,9.392909148731277691e-01
5.304009489598659144e+00,-6.631910831034558917e+00,9.439583165008761378e-01
5.174182251938864496e+00,-6.641919662408097835e+00,9.640780993300781532e-01
5.044242984037985877e+00,-6.645491818141028517e+00,9.911575834810004704e-01
4.914879842993935100e+00,-6.648878613133915927e+00,1.006206733682061039e+00
4.788318601744983027e+00,-6.643800062525743400e+00,9.967218249807529018e-01
4.659117680013313390e+00,-6.634693029345108073e+00,9.760068395482616177e-01
4.640119226720814005e+00,-6.632348219197330863e+00,9.750775132483470165e-01
4.545105330655095699e+00,-6.620616885915437067e+00,9.704281871066137155e-01
4.525602633029261135e+00,-6.618207945782057067e+00,9.694735244836116816e-01
4.392473772735003834e+00,-6.604064859888560513e+00,9.742873597334222868e-01
4.383652346303458458e+00,-6.603627775303990255e+00,9.747389185612774787e-01
4.266677284319830399e+00,-6.597824228916048916e+00,9.807446195274132084e-01
4.144007816290299573e+00,-6.594993262733075845e+00,9.754057483494037450e-01
4.133688301349137006e+00,-6.594789648517827452e+00,9.736230535709207157e-01
4.014812254820504300e+00,-6.592436979373879957e+00,9.530810587807952983e-01
3.878070702829913063e+00,-6.593416827073591335e+00,9.291749565573372838e-01
3.741556349391602865e+00,-6.593848505605599541e+00,9.212573680658245889e-01
3.611512524174831817e+00,-6.596078691394271054e+00,9.288302644344261783e-01
3.480464895996219887e+00,-6.593757167579697764e+00,9.390802924233778715e-01
3.367383749058484366e+00,-6.585950266563934008e+00,9.346861776690292833e-01
3.355570444767711269e+00,-6.585130234297053242e+00,9.342257201926013055e-01
3.239411184019580503e+00,-6.572583673299509321e+00,9.150735168394085184e-01
3.228335464223334395e+00,-6.571386514099278209e+00,9.132481492296449233e-01
3.092304912288231122e+00,-6.556333475770129482e+00,9.031055117666463294e-01
2.962224402553131686e+00,-6.539938519402878292e+00,9.127549168152455650e-01
2.841349365708802477e+00,-6.528098378810325286e+00,9.321523706387967456e-01
2.835244616164872333e+00,-6.527500332167174513e+00,9.331320122590325283e-01
2.713394165338004260e+00,-6.520287149407800520e+00,9.490733619310842695e-01
2.593420069111835424e+00,-6.513303621667316357e+00,9.491865546350002347e-01
2.465556972707861227e+00,-6.509116137939002122e+00,9.349702920552077634e-01
2.413900528164624415e+00,-6.506576347742528021e+00,9.323314678999039540e-01
2.325622593967963336e+00,-6.502210246589357645e+00,9.278188292211684285e-01
2.194934490559889539e+00,-6.488204247856420359e+00,9.360643270670475635e-01
2.124007696177530047e+00,-6.481150844221160057e+00,9.437883204749397681e-01
2.071784144002975392e+00,-6.475940805097116559e+00,9.494804304934072459e-01
1.945732722369249545e+00,-6.459064667801829529e+00,9.677433524409250198e-01
1.830503793999519679e+00,-6.442584217898662757e+00,9.671835435806870329e-01
1.818513627440922376e+00,-6.440900094440517698e+00,9.655109806912014481e-01
1.709191766259633205e+00,-6.425483051619950814e+00,9.502779003312302741e-01
1.642240805502252377e+00,-6.412986394789066402e+00,9.474869409333868120e-01
1.580438457494552695e+00,-6.401449429931983737e+00,9.449114717833384525e-01
1.564154326049914445e+00,-6.398224151081891797e+00,9.470537312148558096e-01
1.455470891835027869e+00,-6.376667401805637958e+00,9.613394203457716891e-01
1.333678095261284113e+00,-6.355394871816248070e+00,9.862388052718170650e-01
1.214571741104878866e+00,-6.336326236513988519e+00,1.003053029526606021e+00
1.094834190215137060e+00,-6.317529178307493609e+00,1.003382723606111471e+00
9.706243107190783981e-01,-6.295769132002405399e+00,9.918647087980945187e-01
8.438439519692949586e-01,-6.270374013975019700e+00,9.874479182389221954e-01
7.200654375174664334e-01,-6.238704436648204066e+00,9.959719747535851209e-01
7.132204527518093418e-01,-6.236499962905369898e+00,9.967414060628175809e-01
5.919137982196432946e-01,-6.196831447552999528e+00,1.009923276721977903e+00
4.967805828153019632e-01,-6.160117294964500445e+00,1.015472982202584085e+00
4.824293146728764192e-01,-6.154565280148052153e+00,1.016289664101448720e+00
3.738897043647363416e-01,-6.104475567566535865e+00,9.996143371681618373e-01
3.727633029951574750e-01,-6.103955083400555814e+00,9.994412565732905263e-01
2.595026121409582665e-01,-6.042728871794337486e+00,9.744897563683470043e-01
1.438568227807620337e-01,-5.975597173335597034e+00,9.604408826263044485e-01
3.302269723667593249e-02,-5.903872064875043790e+00,9.606558838033103509e-01
-1.199813933172519387e-02,-5.873833728422552802e+00,9.615839251676671084e-01
-7.212655345386212447e-02,-5.833699536773489847e+00,9.628069251110746851e-01
-1.720207349229432026e-01,-5.760728555967209452e+00,9.559349662889019550e-01
-2.719448016759771769e-01,-5.682736865833525997e+00,9.375495820788076751e-01
-3.756502818210111228e-01,-5.600976556299596787e+00,9.163701973072728713e-01
-3.996505525630587030e-01,-5.579841696571976151e+00,9.141241749214933376e-01
-4.494927568238095139e-01,-5.535918108834793294e+00,9.094671109930470010e-01
-4.750683135244007094e-01,-5.513362661502394069e+00,9.070812449376667308e-01
-5.621202111675529522e-01,-5.424349576522031313e+00,9.123482107154075038e-01
-6.447737400414051967e-01,-5.324718038015110899e+00,9.199411720084003097e-01
-7.182843233994397059e-01,-5.224813648413413780e+00,9.115231367064534629e-01
-7.891659617412023486e-01,-5.122640582172441448e+00,8.857718466351020004e-01
-8.519693560290847456e-01,-5.023814844742598318e+00,8.659594405774516668e-01
-8.596579127737464798e-01,-5.011710377709494679e+00,8.635354199787663720e-01
-9.266098579263416513e-01,-4.897930223107051617e+00,8.595848084371625619e-01
-9.941667537925144016e-01,-4.788756631493152227e+00,8.660549337742260434e-01
-1.063177129303485957e+00,-4.684443940163120601e+00,8.742254694889616262e-01
-1.130053544279755018e+00,-4.583370846931358322e+00,8.738734657637895475e-01
-1.164619360774124868e+00,-4.531205045641132578e+00,8.663765194999775154e-01
-1.196042881103683397e+00,-4.483759309596565323e+00,8.595678148963059595e-01
-1.265244342864039861e+00,-4.381958427274544654e+00,8.455514666887025133e-01
-1.322037872783768941e+00,-4.291303455529870803e+00,8.507516551285553286e-01
-1.326045821706685501e+00,-4.284901561238985579e+00,8.511169966893580296e-01
-1.327856391223115384e+00,-4.281568365537242293e+00,8.515380218428797443e-01
-1.378307824440876628e+00,-4.188511329747800715e+00,8.632992824981449154e-01
-1.424704118001367092e+00,-4.087387434392739216e+00,8.735668099234616957e-01
-1.460522687315281676e+00,-3.987989716465042189e+00,8.693186435455421135e-01
-1.491757264958955220e+00,-3.877962202972442984e+00,8.584232831215617976e-01
-1.520419914859213684e+00,-3.757417764571137297e+00,8.614910363817258609e-01
-1.591351344558582070e+00,-3.531997247511409643e+00,8.952124126706796359e-01
-1.628202940468427506e+00,-3.422576703327108394e+00,9.062638209643671949e-01
-1.632083561126171478e+00,-3.411055735359699081e+00,9.054791881902679584e-01
-1.664939733180913484e+00,-3.313328693375079848e+00,8.988051848924727416e-01
-1.702406964856564286e+00,-3.196418570220471267e+00,8.785665399852110591e-01
-1.733790290949247526e+00,-3.083381441209933627e+00,8.693489732926705793e-01
-1.736637674765244554e+00,-3.073080345121798729e+00,8.685104294616029508e-01
-1.759652449723497991e+00,-2.953678196346795293e+00,8.733595170539950603e-01
-1.776537704433461595e+00,-2.834091793569125883e+00,8.826337596576292466e-01
-1.784461550246568828e+00,-2.717033269822672903e+00,8.848747580995544038e-01
-1.785289617292253439e+00,-2.600370545209521822e+00,8.686544299538290215e-01
-1.782486836279326470e+00,-2.475350523607422470e+00,8.449563060756020150e-01
-1.771666951871067930e+00,-2.340108886283124079e+00,8.347700997001225032e-01
-1.768615888570500783e+00,-2.303268434504972983e+00,8.373224822287106406e-01
-1.760981711414593809e+00,-2.211273164424505833e+00,8.436981727971907263e-01
-1.754468029222003400e+00,-2.098147212925768113e+00,8.590936219757376868e-01
-1.754431532269498328e+00,-2.097514524678584458e+00,8.591796404036778911e-01
-1.750526508741089282e+00,-2.000936946314400888e+00,8.737478673594591960e-01
-1.750104232462745824e+00,-1.990537834995544042e+00,8.753158347050385979e-01
-1.747400236212183655e+00,-1.884716546261140824e+00,8.785174372501022289e-01
-1.746377139783682697e+00,-1.668207581763537561e+00,8.810190922725454898e-01
-1.742365110525379235e+00,-1.587331972163152694e+00,8.953211529028869409e-01
-1.741440467391531355e+00,-1.568927898081159400e+00,8.985818976258157509e-01
-1.729706355987049360e+00,-1.475587349547041294e+00,9.183276164744762493e-01
-1.709381159065173739e+00,-1.387007942272631134e+00,9.370098359257518217e-01
-1.706015297459728242e+00,-1.375515574923940054e+00,9.378475926993149470e-01
-1.684614326508184545e+00,-1.302465679032249968e+00,9.431737042717487363e-01
-1.653152326500141323e+00,-1.215172225682407570e+00,9.448619183574742397e-01
-1.623976790923770341e+00,-1.141260287378385030e+00,9.541703709409316003e-01
-1.615255408147987071e+00,-1.119169743605008094e+00,9.569531896754123190e-01
-1.580869565152405176e+00,-1.025453680203891826e+00,9.840931255433494895e-01
-1.578498190291456105e+00,-1.018833583971211709e+00,9.861235889698625190e-01
-1.550657582149546965e+00,-9.411951861128043939e-01,1.009918763470820657e+00
-1.525895402275417645e+00,-8.614872712240051467e-01,1.032190602857209427e+00
-1.523021588946311011e+00,-8.522389235779456174e-01,1.034770622976197929e+00
-1.498175742493574214e+00,-7.637038718934849868e-01,1.049275603351014663e+00
-1.477603280443055445e+00,-6.749614119128770628e-01,1.054805959550244365e+00
-1.460762971201712723e+00,-5.834853887816111584e-01,1.064210014137939142e+00
-1.454793862516540859e+00,-5.566883422947689342e-01,1.069902344787915238e+00
-1.448932800917063446e+00,-5.304364966422447925e-01,1.075475074642751272e+00
-1.422095020477053939e+00,-4.168935999301104367e-01,1.099755610255094496e+00
-1.397738637339853041e+00,-3.471214386910047578e-01,1.108375163345293402e+00
-1.369954681286364107e+00,-2.774967097937062754e-01,1.105613088570998936e+00
-1.335047739824430257e+00,-2.092093580315621537e-01,1.096923251218316908e+00
-1.243865445998288966e+00,-8.087165927362388596e-02,1.087099301348585234e+00
-1.196107161311889655e+00,-2.319725299573029142e-02,1.086434334671220192e+00
-1.149296026336669607e+00,2.583761846473890678e-02,1.085839167161567254e+00
-1.103672901495257985e+00,6.747634445742922704e-02,1.079391917478666807e+00
-1.049500896933690752e+00,1.123525653882412323e-01,1.065012291064478367e+00
-9.881387229068869793e-01,1.609667263443598229e-01,1.050134070324727720e+00
-8.501893418944271863e-01,2.490875455257669513e-01,1.034321064990175065e+00
-7.773040282587120320e-01,2.845303290569051735e-01,1.028212013451250240e+00
-6.994342198683131118e-01,3.162560251590954552e-01,1.018881053056146069e+00
-6.162275428173775715e-01,3.478421595373243358e-01,1.007808648513585981e+00
-5.312316673994204042e-01,3.738505536243256211e-01,9.944249367830417796e-01
-4.435477220328393755e-01,4.012790296870970552e-01,9.780361149526370923e-01
-4.355330481679630661e-01,4.041180301301794398e-01,9.764026026129531965e-01
-3.571357696653496006e-01,4.315878273921623376e-01,9.604753943037577235e-01
-2.793784524349723353e-01,4.618141084893019332e-01,9.478855451488015227e-01
-2.130965648218585140e-01,4.942798193635944415e-01,9.448998576840129671e-01
-1.972608049744995207e-01,5.074016760733242037e-01,9.441627111736100586e-01
-1.614055039396640745e-01,5.367083321734273937e-01,9.425100565179415080e-01
-1.178379102838402470e-01,5.879011692765024888e-01,9.386114264044431721e-01
-1.143564030485651750e-01,5.940149815565219926e-01,9.377282561480467793e-01
-8.330957238008603050e-02,6.477335955514530452e-01,9.299556238965490662e-01
-6.500197561482903841e-02,6.978156328212312687e-01,9.227658290361997473e-01
-5.727773878609847963e-02,7.186747650438503054e-01,9.197651212292365930e-01
-3.419712483205976372e-02,7.945496099824718161e-01,9.147085367447196358e-01
-3.177446728459976111e-02,8.024499396820850006e-01,9.149410603531081820e-01
-1.184907787122813083e-02,8.671054590792133254e-01,9.168516549115769410e-01
8.582379439948759070e-03,9.408454982646133891e-01,9.205994234524845776e-01
3.239541256770538113e-02,1.011675947063491066e+00,9.231814188594258397e-01
6.246618544925153227e-02,1.072270866517937904e+00,9.212755112331892926e-01
9.533512920083632436e-02,1.122059364377835378e+00,9.137265956888017682e-01
1.004843336859400499e-01,1.129842154204627969e+00,9.125526640333601058e-01
1.440212008405787891e-01,1.186636449442817876e+00,8.992413173609398180e-01
1.479851453731730049e-01,1.191295667800069458e+00,8.983674536290897628e-01
1.924354361804823665e-01,1.243445571318936960e+00,8.885722907104888213e-01
2.381411953869821685e-01,1.295329268242447096e+00,8.865129737976140678e-01
2.418551340259881277e-01,1.300667629966687944e+00,8.877594753057193033e-01
2.727146579608734633e-01,1.344134084438360244e+00,8.979008883510819494e-01
2.929944390767764695e-01,1.379395313100286069e+00,9.201205556146671016e-01
3.003117197149372530e-01,1.403085942444477041e+00,9.475997185674603918e-01
2.995819833882972794e-01,1.405102169139799351e+00,9.517195136952504297e-01
2.953563356214871649e-01,1.418279007712303308e+00,9.778140577170862935e-01
2.763954763120392011e-01,1.424038015687155934e+00,1.010831855399880297e+00
2.473079194886731447e-01,1.417191634046910176e+00,1.045221743115253954e+00
2.109350689764099007e-01,1.397994542742131419e+00,1.078836148549511487e+00
1.641036948075722535e-01,1.368125417568095248e+00,1.112374875135944352e+00
1.619769223712560491e-01,1.366431743310343894e+00,1.113829126221897559e+00
1.147816502094944346e-01,1.329095118288629473e+00,1.146119016375221067e+00
6.960819031717326022e-02,1.279991929325764222e+00,1.176866979356378407e+00
2.308894634017958844e-02,1.220053560147142058e+00,1.203690595935093199e+00
4.712158363551877983e-03,1.193668841808239733e+00,1.211484694539821438e+00
-2.675376253488895642e-02,1.148596573609174332e+00,1.224822047246164169e+00
-7.809302868191307645e-02,1.067934468939545134e+00,1.241950514639526437e+00
-1.064282327066434497e-01,1.018352760383034461e+00,1.249320072292668060e+00
-1.264430669985113220e-01,9.833314549922329562e-01,1.254523712597817475e+00
-1.429180331898391165e-01,9.512406674752532654e-01,1.257759092191224726e+00
-1.688641237565098874e-01,9.007125975062139078e-01,1.262842786643759707e+00
-1.888704718018628104e-01,8.629178715672711775e-01,1.265285775137511060e+00
-2.441335512606479519e-01,7.534139526916026064e-01,1.266401240053073529e+00
-2.996720795263439485e-01,6.329895517364256818e-01,1.232168896055488849e+00
-3.203318716041961833e-01,5.765398020040626292e-01,1.203021037177722352e+00
-3.355915905070451788e-01,5.187059958900870349e-01,1.167868226184479941e+00
-3.450513031635418781e-01,4.606433601398780553e-01,1.127171841016129550e+00
-3.512619331506919851e-01,4.008504781874229761e-01,1.086542777446103170e+00
-3.543343844907185236e-01,3.605848144942609412e-01,1.061776987521334537e+00
-3.558709974898377482e-01,3.400998916644926151e-01,1.049085602814856966e+00
-3.648502318547148793e-01,2.801613983745637193e-01,1.009789390863055081e+00
-3.652475473457780231e-01,2.757620228216418057e-01,1.006073880775660401e+00
-3.662974883942272109e-01,2.641515903779257379e-01,9.962641776160998663e-01
-3.700183937153167513e-01,2.231600981566201347e-01,9.615844690409366402e-01
-3.771983668163572667e-01,1.803640161151291998e-01,9.201097590259531556e-01
-3.789826323404349440e-01,1.697405941764802140e-01,9.098045382766557498e-01
-3.851580791583784635e-01,1.567225295714469169e-01,8.926755520835115698e-01
-3.990980983969628637e-01,1.273231365040055629e-01,8.538579000795756269e-01
-4.212363820091257205e-01,9.697940170712177066e-02,7.937814517710235496e-01
-4.412307623739976092e-01,7.421735556167882719e-02,7.319278219731932822e-01
-4.526100895696874571e-01,6.211416196507091314e-02,6.817645947823518515e-01
-4.550029968616659537e-01,5.956347619988126840e-02,6.709823725011160311e-01
-4.552635913054109973e-01,5.928256609378995678e-02,6.694279102734226328e-01
-4.618712788215220688e-01,5.215176864531925749e-02,6.298069841056455065e-01
-4.658643421458227851e-01,4.783411032070869484e-02,6.056669399030244483e-01
-4.764759149624722134e-01,3.550088361261088260e-02,5.354647037907935836e-01
-4.838701939024392384e-01,2.300359285720473407e-02,4.758056449579433078e-01
-4.839696739646178747e-01,7.908590507623838861e-03,4.216128741501155575e-01
-4.737342513808083799e-01,-7.233485105200224835e-03,3.782038358645139486e-01
-4.515909695844573246e-01,-1.547574295823900443e-02,3.497989357285274936e-01
-4.255844629864019568e-01,-2.502364102072544838e-02,3.426391712650945220e-01
-4.217498698333232987e-01,-2.642159510459519967e-02,3.415990995075776082e-01
-4.005000677041604673e-01,-4.763270537472950178e-02,3.422151882878143314e-01
-3.916679273618204893e-01,-5.771731068743780890e-02,3.595668729985611045e-01
-3.902339016293256968e-01,-5.683166486123505251e-02,3.624850152357866895e-01
-3.793587573493889531e-01,-5.005747058412313155e-02,3.846322133214635230e-01
-3.782603793653475099e-01,-4.936759240415182493e-02,3.868706957418204806e-01
-3.641713189001903328e-01,-5.532258522379013277e-02,4.125078469374656720e-01
-3.624169777890915989e-01,-5.582208515626670836e-02,4.153180822053794130e-01
-3.493029400589241495e-01,-5.953853597173040108e-02,4.362836129904517635e-01
-3.379821387865522553e-01,-6.188048348922097625e-02,4.527265189532816425e-01
-3.377326799563150628e-01,-6.186763881435983214e-02,4.529952769745081431e-01
-3.369290371945248275e-01,-6.182594144602598929e-02,4.538595320820242307e-01
-3.299652603212659963e-01,-6.144608545332626987e-02,4.612485885228917448e-01
-3.212942718072647752e-01,-5.360631954152401957e-02,4.592131677416281255e-01
-3.158470312630609622e-01,-4.655856544931766261e-02,4.477360562895665863e-01
-3.133543736788919620e-01,-4.548340093916837523e-02,4.307879089946350937e-01
-3.106392986734649586e-01,-4.518463969923047774e-02,4.095617048792477566e-01
-3.109830260178709782e-01,-4.257106925378006945e-02,3.879175041282674208e-01
-3.109961175177827220e-01,-4.247152995781801332e-02,3.870931791378624531e-01
-3.118345254680983669e-01,-3.891247972960377999e-02,3.650120205909248572e-01
-3.119432302790732248e-01,-3.869330850710175906e-02,3.637882494739167472e-01
-3.135165214560167168e-01,-3.551591272764999252e-02,3.460499843811812859e-01
-3.097514092650956452e-01,-3.158701016547091345e-02,3.289322265640422516e-01
-3.079311553490807762e-01,-2.808842517223125723e-02,3.150841344827756130e-01
-3.016479017896632753e-01,-2.509034509040671684e-02,3.030075490437998398e-01
-2.965277578110168122e-01,-2.334448938993067407e-02,2.930464283564818140e-01
-2.880513478814088479e-01,-2.588940342375532777e-02,2.846534940255803781e-01
-2.841103960586534583e-01,-3.261184005764487803e-02,2.743242065863677470e-01
-2.824674648112173170e-01,-4.675351259630022849e-02,2.643592783334878238e-01
-1.316535517487722740e-01,-7.248189564865317736e-02,2.082704583926536512e-01
-8.983588727923454142e-02,-6.103531062938330476e-02,2.606516232272071965e-01
-1.101331061472578948e-01,-6.630719414570945824e-02,2.886296527345494911e-01
-1.456356336743785396e-01,-7.552872347587780144e-02,3.375696069091805862e-01
-2.224272393817356697e-01,-1.020634006073593697e-01,4.505493482683084472e-01
-2.268786407324896726e-01,-1.041659399131031338e-01,4.570921811824903425e-01
-2.971793942113726827e-01,-1.373519398273988501e-01,5.603846871401466645e-01
-3.076308852470681643e-01,-1.420314512173503352e-01,5.655829011189213995e-01
-3.597680332387943603e-01,-1.653648164437178381e-01,5.914913736510568620e-01
-3.617961313852862126e-01,-1.634555082075214161e-01,5.850923627921800207e-01
-3.889274345473673899e-01,-1.379148355132103210e-01,4.994839070108851309e-01
-3.848750649144991320e-01,-1.246439477426476428e-01,4.493771843173174907e-01
-3.816239419796823018e-01,-1.139966214428991126e-01,4.091776606751589274e-01
-3.782558556590172039e-01,-1.029658609081781917e-01,3.675318579185703483e-01
-3.707502038222280638e-01,-9.456413688318442146e-02,3.382083654228260072e-01
-3.629717969167106650e-01,-8.585711248200776635e-02,3.078192274545681340e-01
-3.159844508998530532e-01,-6.868102152859828502e-02,2.353642817520648356e-01
-2.774715287408979214e-01,-7.051746111674044026e-02,2.326071772228655576e-01
-2.493510927191840421e-01,-7.674773321413395910e-02,2.543339022178124909e-01
-2.838390950542148405e-01,-8.089214983372031154e-02,3.795279559138057812e-01
-2.844178667119532378e-01,-8.096170047009421111e-02,3.816289405653306988e-01
-3.143538261414738910e-01,-7.843476320981268568e-02,3.348849742610707780e-01
-3.013461845146238605e-01,-8.990074650180109039e-02,3.496983809666390219e-01
-2.967743885818600047e-01,-9.387242919817606612e-02,3.520609736005291257e-01
-3.010438903982333159e-01,-8.570168256572079091e-02,3.588092877902705480e-01
-2.951776238071707192e-01,-9.152498058265226555e-02,3.548629903516459794e-01
-3.045796080911619130e-01,-9.568729334408848652e-02,3.554399490691309005e-01
-3.014086656863196323e-01,-9.062983204941477133e-02,3.601420799367912040e-01
-3.009461825877963737e-01,-8.989219981769208667e-02,3.608278869731435523e-01
-3.127550908040149236e-01,-9.488356427580435515e-02,3.593345802924067245e-01
-3.004540806485238025e-01,-8.774091967179162288e-02,3.582562764385456844e-01
-3.117847731604226347e-01,-7.793137448901862885e-02,3.514811887185013140e-01
-2.996018339710769807e-01,-1.009020250941047303e-01,3.597991756501717764e-01
-2.974800102814206815e-01,-8.854747820577552053e-02,3.545734663255364905e-01
