-8.094674122450144782e-02,-2.588446607484632886e-02,4.523447930001837231e-02
7.028915799506094131e-02,2.847360839417704681e-01,4.886517819544601848e-01
3.611133625555687510e-01,6.094541180096639810e-01,7.445436984922155776e-01
8.174968002882125884e-01,8.595473308839085558e-01,7.354987463016334770e-01
1.353614071946352526e+00,9.536356311037512690e-01,7.603541029795304329e-01
1.926334219569909578e+00,8.455407765084171912e-01,7.858595461390608383e-01
2.459292373660476372e+00,6.535971876412499659e-01,7.768009082813284172e-01
2.886658523888525174e+00,3.724461573697994687e-01,7.582010990475097634e-01
3.275918417815428363e+00,5.422341616510831935e-02,7.830924299300622282e-01
3.688180121681333468e+00,-2.598818447022193667e-01,7.594866443593930594e-01
4.061761310132416369e+00,-6.123240724746938923e-01,7.414603817105724914e-01
4.422153271996044133e+00,-9.751719799035207803e-01,7.708601217099670944e-01
4.743970394150091252e+00,-1.367284080445885008e+00,7.370500166216836790e-01
4.972251269291354525e+00,-1.833054677491511741e+00,6.917292422592585810e-01
5.201672454451657934e+00,-2.382691664465743209e+00,7.275447116896585076e-01
5.483231311637516647e+00,-2.887087943146067648e+00,7.516421518550335801e-01
5.776350056825287460e+00,-3.319061529753711604e+00,7.357952688419319154e-01
6.089166024028642710e+00,-3.758788451184909896e+00,7.702624913194269229e-01
6.433953444840603275e+00,-4.205820379598651293e+00,7.361042130894526192e-01
6.685584889135111730e+00,-4.642366626175133071e+00,6.956185318157331876e-01
6.962210744198498169e+00,-5.081907408910438129e+00,7.031995353298398088e-01
7.262061507010160177e+00,-5.541794396683064505e+00,6.950481007153411772e-01
7.519337209856269411e+00,-6.027590910085122822e+00,6.414353637770996430e-01
7.791814424024355645e+00,-6.461960401131420006e+00,6.155912476492053642e-01
8.145339100100613905e+00,-6.876617082016629467e+00,5.761493719491120880e-01
8.462232919824252519e+00,-7.260359284744213326e+00,4.922782522860293941e-01
8.792420691294477564e+00,-7.659829286351462763e+00,4.648143833301477401e-01
9.046588529439878457e+00,-8.108961068554341622e+00,5.168154516295448975e-01
9.239432033370199804e+00,-8.580235491469546005e+00,5.830631699133299595e-01
9.464001087781472421e+00,-9.069247220796963660e+00,5.785024025997902442e-01
9.626488597710149975e+00,-9.544560139068904547e+00,5.821221056654046766e-01
9.729032259159994922e+00,-1.010683304838124563e+01,5.255892478804726764e-01
9.801022389474544738e+00,-1.065259096898910052e+01,4.515977895008677079e-01
9.762171198860084331e+00,-1.116851209776768350e+01,3.953787352471312966e-01
9.672701302581680594e+00,-1.169742217897570846e+01,4.225854118307004192e-01
9.509305890053649790e+00,-1.235920174416580153e+01,4.114837819708377920e-01
9.329911430757164226e+00,-1.287672079428014094e+01,3.892094371368558514e-01
9.196388719035175185e+00,-1.341821033204152691e+01,3.841496514951997510e-01
9.099896544105543938e+00,-1.391062063300308438e+01,4.180282231858665210e-01
9.030830004685830303e+00,-1.445867068358522545e+01,4.197417086883792336e-01
9.018445304081682323e+00,-1.500668934717811176e+01,3.914207950039177986e-01
8.992257608031641425e+00,-1.551573973320165223e+01,4.139734328047847134e-01
8.929853708559916114e+00,-1.605182887009430104e+01,4.483172795832354729e-01
8.891022021066691039e+00,-1.657483217303578016e+01,4.429040409686103019e-01
8.890025251290026631e+00,-1.720234696921136219e+01,4.443013135672235214e-01
8.857378754985969493e+00,-1.771517969013533644e+01,4.782168795665287520e-01
8.807875546427798241e+00,-1.823298412634166255e+01,5.053228320743076152e-01
8.776284392010895274e+00,-1.876685131836422826e+01,4.936711545530191869e-01
8.863329634986159888e+00,-1.928357308530789638e+01,4.671667132068841877e-01
8.950237082866440375e+00,-1.986782959480126109e+01,4.747170187641157613e-01
8.991441949004359557e+00,-2.047494344853324932e+01,4.479804888409890662e-01
9.038474451295632761e+00,-2.097753191109716653e+01,4.148094211731668257e-01
9.033137896474974227e+00,-2.158491722276107083e+01,4.449299618692073577e-01
8.954431963732300659e+00,-2.213066586982629147e+01,4.550829097501681297e-01
8.891447281612904874e+00,-2.264318918987620322e+01,3.894051379611820907e-01
8.744373587771011813e+00,-2.315025492913375516e+01,3.217944414568375544e-01
8.580886445517299066e+00,-2.363070910183925832e+01,3.087415065575600526e-01
8.469860371977175006e+00,-2.412500126619666219e+01,2.465920196978858003e-01
8.332408130603591090e+00,-2.473897490538734800e+01,2.010649593040755856e-01
8.226221925835595528e+00,-2.529896519916911402e+01,2.124313045521327437e-01
8.121062715895082107e+00,-2.580584832727172895e+01,1.916223246351903275e-01
7.953345093643096497e+00,-2.635669969214826835e+01,1.347944375290685837e-01
7.823500618717774913e+00,-2.690566405535419392e+01,1.618885504894196081e-01
7.717548669042590959e+00,-2.743709849008077128e+01,1.887730404703388265e-01
7.597385435850102731e+00,-2.801228845244219912e+01,1.383459316249193161e-01
7.548358393301979774e+00,-2.853672911657503519e+01,1.212683255471296573e-01
7.514933529705766446e+00,-2.905614913187910986e+01,1.399658985225228636e-01
7.458369495228791557e+00,-2.956181761232723915e+01,1.181138330308651868e-01
7.410907428944195630e+00,-3.011138035243502031e+01,8.241661265028796257e-02
7.318058474245850320e+00,-3.063932659091508270e+01,8.333866568975062394e-02
7.171844780812054232e+00,-3.121980066437586743e+01,8.904048136715028705e-02
7.082325004910956068e+00,-3.181808191242712169e+01,5.616351384364468013e-02
7.025900121227456552e+00,-3.232038772615049993e+01,6.808958628090727716e-02
7.010630921726379583e+00,-3.286557856757872287e+01,8.270275036008861713e-02
7.045128912102384788e+00,-3.344006651007242681e+01,3.411057144756751008e-02
7.055989524753806919e+00,-3.396948751773796715e+01,1.690961210157478772e-02
7.070211225311287428e+00,-3.449699817867733742e+01,5.537149571438634843e-02
7.102811591287144566e+00,-3.500348067180838996e+01,3.425140086147766133e-02
7.105689336427267300e+00,-3.551703386670765639e+01,-8.553109106727588284e-03
7.129698636261852407e+00,-3.602743974666321236e+01,1.663477234135426336e-02
7.217712571279400358e+00,-3.655661910988502683e+01,-1.179808551697633309e-02
7.259609752072316624e+00,-3.708455431318177631e+01,-6.849619239566627493e-02
7.348530519450316767e+00,-3.759141511998876695e+01,-4.467938775265273971e-02
7.478383761144251629e+00,-3.812731510333559015e+01,-1.649297922470725417e-02
7.587835694522842012e+00,-3.867091224441647768e+01,-5.904623405823275495e-02
7.718314848465309019e+00,-3.918333229528884232e+01,-3.534522053392787078e-02
7.948560636847135541e+00,-3.971269102489701197e+01,-4.255458330831678182e-02
8.174996060922492092e+00,-4.017617173559806787e+01,-9.585917627451531753e-02
8.420918655528952357e+00,-4.064673213004955699e+01,-6.433475197434487813e-02
8.719737684094964081e+00,-4.108496901044666316e+01,-3.403781213208151302e-02
9.059023635133087282e+00,-4.146399092342317516e+01,-3.513016430599140427e-02
9.446756973597150164e+00,-4.177852134548591323e+01,1.762928219639712385e-02
9.872390753817514408e+00,-4.204055439115084170e+01,4.816750891048356131e-02
1.034756814776931932e+01,-4.235939179920816855e+01,-1.013672988467407415e-02
1.079337617503381708e+01,-4.264424638966362124e+01,-1.721395142437312162e-02
1.127339488181363336e+01,-4.293508593820288866e+01,-1.681217294609056029e-02
1.177995183834823401e+01,-4.329712461996015804e+01,1.287797251422866454e-02
1.224413024859028276e+01,-4.353326513954768018e+01,2.823071848737403536e-02
1.276804415607144705e+01,-4.371693275467002593e+01,6.505655990148499768e-02
1.330321612361527350e+01,-4.388987749683840178e+01,1.111022244261298669e-01
1.382813116454974711e+01,-4.398172378637308810e+01,1.110596725523459033e-01
1.435662798000417162e+01,-4.407721304083826652e+01,1.331673700406975636e-01
1.492387476947078184e+01,-4.421059697318149517e+01,1.958931043115444970e-01
1.546604384026376167e+01,-4.432268519815086449e+01,1.815916520727405559e-01
1.599293399970724394e+01,-4.447400415736698420e+01,1.773667390597934435e-01
1.650941851424945384e+01,-4.457853164903779941e+01,2.426291520719742190e-01
1.705716157582107328e+01,-4.459551417588861000e+01,2.456118173290093576e-01
1.756415583555659410e+01,-4.465597140341920834e+01,2.354111982570637474e-01
1.805925578884230376e+01,-4.473095644368181212e+01,2.951927939221445918e-01
1.858876710117453612e+01,-4.474560979818491546e+01,3.004767539626340134e-01
1.912695938260171502e+01,-4.477284513803552812e+01,3.038497517946814885e-01
1.964773626173695575e+01,-4.479628687736072834e+01,3.671869088302815998e-01
2.016355471565713842e+01,-4.481902561793047823e+01,4.048828615004195219e-01
2.066503254131885470e+01,-4.491977689525587181e+01,3.947237439581726681e-01
2.122125839123869184e+01,-4.499833175750610081e+01,4.391940779138079343e-01
2.177915174325744019e+01,-4.496648504474795516e+01,4.781500299559507394e-01
2.228907974727994201e+01,-4.488199922790694529e+01,4.483375634992022296e-01
2.278372205415298524e+01,-4.462762855803850925e+01,4.397457890706674144e-01
2.314155485922367461e+01,-4.426285567931010689e+01,4.786635398056015567e-01
2.340664023414080219e+01,-4.374945603736761512e+01,5.080773811886881708e-01
2.342188940189688751e+01,-4.314518616531378115e+01,4.361242033664515239e-01
2.325337823562797723e+01,-4.257126099656215956e+01,3.279237988052561836e-01
2.286179093722130773e+01,-4.209282777443730339e+01,2.639328070321012576e-01
2.241616457436716203e+01,-4.178993267035916404e+01,2.241844124813110184e-01
2.190549251370829964e+01,-4.159607795053952373e+01,1.844471075291521656e-01
2.140379786770838777e+01,-4.152574948260914312e+01,1.411686791935387875e-01
2.086941024432439917e+01,-4.144746844166818533e+01,1.546486238246799205e-01
2.034541195363576804e+01,-4.133228678859466498e+01,2.101282022509760594e-01
1.982378605607822664e+01,-4.118973369659912009e+01,2.332349197891940840e-01
1.933914592712195102e+01,-4.101866908705419235e+01,2.757856064777186034e-01
1.886319383018945572e+01,-4.086767121281204851e+01,3.348414581287345593e-01
1.833458396122021838e+01,-4.067482166040658598e+01,3.612673023993299148e-01
1.785783952279297537e+01,-4.042579309780892061e+01,3.193848883349453271e-01
1.733997339562447237e+01,-4.016415129372980175e+01,2.797622869472612961e-01
1.689949104864810536e+01,-3.991899179121305252e+01,3.048156872959756902e-01
1.642159232974424299e+01,-3.961783940781106139e+01,2.907851058390706900e-01
1.596032431822830766e+01,-3.933150296613976593e+01,2.425563232903195365e-01
1.555317238686862424e+01,-3.896491575369216775e+01,2.591860716003628884e-01
1.524103576692079542e+01,-3.850345002814819395e+01,2.812803467976809357e-01
1.494501189303623079e+01,-3.805109516817611848e+01,2.344859579751445988e-01
1.470322683421242616e+01,-3.760771835502357163e+01,2.374847981421060183e-01
1.441240034296018635e+01,-3.704723557795514921e+01,2.265269119407483656e-01
1.408760261612537690e+01,-3.653427994636314935e+01,1.828174882803364210e-01
1.382683297351392682e+01,-3.605011555573280191e+01,1.770438676730952399e-01
1.362187379527296649e+01,-3.552282878831815083e+01,1.926603268941108893e-01
1.340363288154595445e+01,-3.485052597387962692e+01,1.794395756300883327e-01
1.333992161009450506e+01,-3.428772804257222617e+01,1.296791525946761336e-01
1.331958824102370009e+01,-3.368855019709037180e+01,1.567350504853596838e-01
1.330686698360560172e+01,-3.312188833534317922e+01,1.900859853609409844e-01
1.334667789554791817e+01,-3.261911174246982625e+01,1.580369040720110141e-01
1.337278624285308659e+01,-3.208872762277079715e+01,2.043751293036797367e-01
1.337750728169422132e+01,-3.151543440626739923e+01,2.707239141413226302e-01
1.343388499391207347e+01,-3.095429163699841624e+01,2.642963234242107218e-01
1.345671679721104574e+01,-3.041477993345747066e+01,2.770571471634111771e-01
1.347297496456991617e+01,-2.991340654163323265e+01,3.502172680340772670e-01
1.352473180096800753e+01,-2.940736239905983496e+01,3.526157492830920837e-01
1.360004553878786204e+01,-2.890297636204560661e+01,3.435156301493201836e-01
1.366372195178244908e+01,-2.840013612936115095e+01,3.594682278449076729e-01
1.375965435081745447e+01,-2.780606796362957667e+01,3.063293544777231925e-01
1.380190344057786511e+01,-2.724114457275098999e+01,2.907353973205546449e-01
1.379492527336667784e+01,-2.663215647219224635e+01,3.237213556152805372e-01
1.378505205989155158e+01,-2.607898915694367048e+01,3.472362335472979900e-01
1.375828802337160006e+01,-2.554220630192865826e+01,3.817787719025673709e-01
1.375691968304939117e+01,-2.496266015119932646e+01,4.041664575915829838e-01
1.377958315612709050e+01,-2.445885020333179227e+01,3.975957535278944466e-01
1.374494817297872729e+01,-2.391300514908754593e+01,3.515132038068568554e-01
1.367187427873491679e+01,-2.340670976686106286e+01,3.727771292786330459e-01
1.356592845027825867e+01,-2.288099203332090426e+01,3.541531341912699249e-01
1.336711670699474652e+01,-2.231019163318138965e+01,3.630367628578325956e-01
1.319834067993329541e+01,-2.177833307027489695e+01,4.245101473600952913e-01
1.307992534119461148e+01,-2.123849821061242338e+01,4.706205721511245166e-01
1.294714457687311437e+01,-2.073415534777758040e+01,4.412637758669065713e-01
1.283243415098811369e+01,-2.015759192846368109e+01,4.335518508662765114e-01
1.274001268364359163e+01,-1.959410621427289101e+01,4.667708496795050510e-01
1.264803463002079909e+01,-1.904793954836332759e+01,4.553934075205830490e-01
1.264078947184415114e+01,-1.854276378349585030e+01,4.445878088761877067e-01
1.267184869059340890e+01,-1.792133278742018021e+01,5.181860801307937026e-01
1.273937920378813971e+01,-1.736120846354879887e+01,5.463098560949735116e-01
1.285615447173573678e+01,-1.677814932817196336e+01,4.402323145044984565e-01
1.288752185576293208e+01,-1.627707248299744336e+01,3.821891605436399386e-01
1.288402217458816956e+01,-1.575648753370866473e+01,3.944850422713932492e-01
1.292012745011141028e+01,-1.520865505997212885e+01,4.119244667930454518e-01
1.292614555949007560e+01,-1.470810052975465432e+01,4.557286898813566189e-01
1.287810577382942689e+01,-1.420488798602910840e+01,4.475184122603839687e-01
1.289217294451095341e+01,-1.369826314501352904e+01,3.552089200276036807e-01
1.296054057259371639e+01,-1.307001016288443296e+01,3.547836684606286983e-01
1.300755508254994375e+01,-1.253544823214030401e+01,3.941850093287375678e-01
1.303966162998977829e+01,-1.194590672433013090e+01,3.413370069484247815e-01
1.297237580870216966e+01,-1.142632675170425038e+01,2.923623888502235313e-01
1.282691051038675134e+01,-1.089768835046747775e+01,3.602470979470861479e-01
1.268686314628473433e+01,-1.038644472178281042e+01,4.283539699374125376e-01
1.245406205504669117e+01,-9.837979461179317653e+00,4.425649377837317933e-01
1.227129492992433590e+01,-9.326178218950188281e+00,4.621747643895303681e-01
1.205896988919940505e+01,-8.857501712366000035e+00,5.253176858824709639e-01
1.173298413931838802e+01,-8.440640024238247108e+00,5.295937362972357176e-01
1.135510860892429008e+01,-8.025830149070220187e+00,5.141111795491506431e-01
1.084695004592757428e+01,-7.709469073487657198e+00,5.570842728596536730e-01
1.030352589866238588e+01,-7.483382910785413955e+00,5.778965236738329292e-01
9.768377993768227796e+00,-7.325286759305479123e+00,5.875971008209565083e-01
9.250168304645384865e+00,-7.214913793649318841e+00,5.936285905376975647e-01
7.495653732405125780e+00,-6.883475419823339436e+00,6.001692101354637598e-01
6.979516836711364469e+00,-6.844175746732686250e+00,6.407095452849095318e-01
6.439466576042613966e+00,-6.828026154759005983e+00,6.605247876537854168e-01
5.931956719641281239e+00,-6.769026441891091039e+00,6.332419457445652711e-01
5.392547194703383617e+00,-6.720032444514419723e+00,6.378721614986032629e-01
4.871131214081223959e+00,-6.706191333718567016e+00,6.547960545704198942e-01
4.289754993703494890e+00,-6.685955893465697741e+00,6.266569051584871541e-01
3.727974072801615524e+00,-6.695496856066488256e+00,5.954391309790507680e-01
3.203298043408162155e+00,-6.681927370581478343e+00,6.228430631891528346e-01
2.662772993857417170e+00,-6.610150440756048518e+00,6.251787527596739391e-01
2.133829458735607254e+00,-6.587539289373832041e+00,6.049641888168658665e-01
1.528738616612043577e+00,-6.552180478611830061e+00,6.267392234021121888e-01
9.683625060547110808e-01,-6.493364725264486381e+00,6.408193872653948908e-01
4.326958840635841130e-01,-6.475637970437447599e+00,6.219289028859011914e-01
-1.190044714061667397e-01,-6.426201863089711530e+00,6.383053014139770109e-01
-6.322436098557138173e-01,-6.357875028356049008e+00,6.739407964563346454e-01
-1.221054840009308196e+00,-6.308563962770819877e+00,6.168992803362246535e-01
-1.772663523389162110e+00,-6.235409627508361474e+00,5.907217946512316464e-01
-2.272630758169334797e+00,-6.197119514808494323e+00,6.154841321087551886e-01
-2.900018283980697387e+00,-6.188950082006152265e+00,5.899689692989101841e-01
-3.438247036519773481e+00,-6.129878016529531237e+00,5.613713187519373538e-01
-3.975336209579463986e+00,-6.062085854478354463e+00,5.930677884960519064e-01
-4.488893942422888195e+00,-6.008592418214261599e+00,6.057054514499775610e-01
-5.019163469779563513e+00,-5.915545587891861246e+00,5.612523451737390090e-01
-5.528725704653107975e+00,-5.843828300598273628e+00,5.482956552264011130e-01
-6.054177702215351786e+00,-5.751353065323868030e+00,5.656126898605651210e-01
-6.559805832498350142e+00,-5.574615115277339328e+00,5.215042087985320984e-01
-7.052351156169287094e+00,-5.364469281711181203e+00,4.920755464341145524e-01
-7.557264121323889583e+00,-5.070153968717007409e+00,5.086204496463002656e-01
-7.931070739656280288e+00,-4.740909589260567714e+00,4.462706897383849070e-01
-8.384847293070899710e+00,-4.294567696559842496e+00,3.774344486312535274e-01
-8.696530222640650010e+00,-3.826276987741231039e+00,3.634162316844331553e-01
-8.875132236686122056e+00,-3.311021639098759906e+00,4.101494036489947703e-01
-9.005815191578141921e+00,-2.834439937649467112e+00,4.927203446947709953e-01
-9.108708457829816751e+00,-2.364514723019785603e+00,6.642493017361777996e-01
-9.224434211111052662e+00,-1.894343211483066725e+00,8.197416391568361771e-01
-9.356335736159083538e+00,-1.354934249310462135e+00,9.070894054406229978e-01
-9.372626033088520714e+00,-8.162122954936483765e-01,8.682761502879126070e-01
-9.388521565304946748e+00,-2.100477946608807489e-01,7.182537442492383795e-01
-9.304682567510770497e+00,2.989764670037257099e-01,5.802729373436421589e-01
-9.129474144848479966e+00,8.714148636528469272e-01,5.406821885912403980e-01
-8.865724704783906063e+00,1.304542890215353301e+00,5.214649668181177145e-01
-8.404437937833939998e+00,1.563275515914214875e+00,4.967057157127379163e-01
-7.801107934453376913e+00,1.685493509041914528e+00,5.500368845460181788e-01
-7.279849185438200365e+00,1.674334690741817511e+00,5.822842554459176645e-01
-6.732994779136912911e+00,1.553957965327538604e+00,5.480536783409536428e-01
-6.236698479395003325e+00,1.479777252017314249e+00,4.918439263084862789e-01
-5.681208062178068730e+00,1.357268272543779686e+00,4.690581326943951135e-01
-5.210559639911934049e+00,1.181424399409162440e+00,5.143702689975574449e-01
-4.731293514007959722e+00,9.924194895818098106e-01,4.763695333896353912e-01
-4.228750876055062058e+00,7.507337073870006261e-01,4.479175885588252415e-01
-3.681848677705798600e+00,5.216711121135156892e-01,4.462691449462898308e-01
-3.185800934587132538e+00,4.318904976022036601e-01,4.074850999471071877e-01
-2.585373648240737232e+00,3.375473528379516197e-01,3.914639857696191050e-01
-2.080136461028013528e+00,3.728518850654782835e-01,3.912090156571692567e-01
-1.477747309036110623e+00,5.261771830096442226e-01,3.755808097418291136e-01
-9.811041104027917736e-01,6.103047279928042190e-01,3.883077511510260593e-01
-4.227061497187990513e-01,7.300188088249680574e-01,4.073820636827178987e-01
-5.299528868068743570e-01,1.868421375560756492e-01,2.575439959483591945e-01
